-32.21821594238281,-32.415252685546875,-32.61713790893555,-32.822330474853516,-33.028900146484375,-33.23465347290039,-33.43748474121094,-33.635894775390625,-33.829463958740234,-34.01853561401367,-34.203277587890625,-34.38338088989258,-34.558250427246094,-34.72723388671875,-34.88972473144531,-35.04518508911133,-35.19321823120117,-35.3336181640625,-35.46638488769531,-35.5916748046875,-35.709800720214844,-35.8212776184082,-35.926918029785156,-36.02791976928711,-36.125946044921875,-36.22306442260742,-36.321617126464844,-36.423912048339844,-36.53179931640625,-36.64615249633789,-36.766357421875,-36.88996505737305,-37.01263427734375,-37.12857437133789,-37.23184585571289,-37.318946838378906,-37.39193344116211,-37.458438873291016,-37.52683639526367,-37.601837158203125,-37.684017181396484,-37.77098846435547,-37.858665466308594,-37.94253921508789,-38.01909255981445,-38.087162017822266,-38.148555755615234,-38.20733642578125,-38.26786422729492,-38.333038330078125,-38.403568267822266,-38.478355407714844,-38.5552978515625,-38.63221740722656,-38.707584381103516,-38.78097152709961,-38.85300827026367,-38.924808502197266,-38.9971809387207,-39.07002639770508,-39.14228057861328,-39.21234893798828,-39.27881622314453,-39.34116744995117,-39.400089263916016,-39.45707702636719,-39.513458251953125,-39.56949234008789,-39.624229431152344,-39.67620086669922,-39.72465515136719,-39.77030563354492,-39.81489181518555,-39.859642028808594,-39.91278839111328,-39.96895217895508,-40.025108337402344,-40.08045196533203,-40.1353645324707,-40.18998336791992,-40.243526458740234,-40.294822692871094,-40.34340286254883,-40.38985824584961,-40.43513870239258,-40.479549407958984,-40.522666931152344,-40.56411361694336,-40.604164123535156,-40.64353561401367,-40.68260192871094,-40.72111511230469,-40.75868225097656,-40.79533767700195,-40.83144760131836,-40.86719512939453,-40.902347564697266,-40.93659973144531,-40.96997833251953,-41.002716064453125,-41.03488540649414,-41.06629943847656,-41.096797943115234,-41.12645721435547,-41.15546798706055,-41.18387222290039,-41.21162033081055,-41.23875045776367,-41.26546859741211,-41.291954040527344,-41.31828689575195,-41.344573974609375,-41.371063232421875,-41.3980827331543,-41.42586898803711,-41.454620361328125,-41.48460388183594,-41.516117095947266,-41.54934310913086,-41.584312438964844,-41.62094497680664,-41.65902328491211,-41.69806671142578,-41.73739242553711,-41.77623748779297,-41.81379318237305,-41.84928894042969,-41.88229751586914,-41.91289520263672,-41.94147872924805,-41.9685173034668,-41.994361877441406,-42.01915740966797,-42.042884826660156,-42.06550216674805,-42.08694076538086,-42.107200622558594,-42.126399993896484,-42.144718170166016,-42.16228485107422,-42.17912673950195,-42.1951789855957,-42.210289001464844,-42.22434997558594,-42.237335205078125,-42.24931335449219,-42.2658805847168,-42.28385543823242,-42.30239486694336,-42.32106018066406,-42.33958435058594,-42.35784149169922,-42.37580490112305,-42.39348220825195,-42.410919189453125,-42.428157806396484,-42.44523620605469,-42.46215057373047,-42.47886657714844,-42.495330810546875,-42.51148986816406,-42.52730941772461,-42.54277801513672,-42.55790710449219,-42.57273483276367,-42.587303161621094,-42.60165786743164,-42.6158332824707,-42.62985610961914,-42.64373779296875,-42.6574821472168,-42.67108154296875,-42.684539794921875,-42.697845458984375,-42.71100997924805,-42.72403335571289,-42.73693084716797,-42.749725341796875,-42.7624397277832,-42.775108337402344,-42.78776931762695,-42.80045700073242,-42.81319808959961,-42.826011657714844,-42.83891677856445,-42.85192108154297,-42.865028381347656,-42.87825012207031,-42.89158630371094,-42.9050407409668,-42.91861343383789,-42.932308197021484,-42.94612121582031,-42.96004867553711,-42.974090576171875,-42.988243103027344,-43.00249099731445,-43.01683044433594,-43.031246185302734,-43.04572296142578,-43.06024169921875,-43.07478332519531,-43.089324951171875,-43.103843688964844,-43.11831283569336,-43.13270568847656,-43.14699172973633,-43.16114044189453,-43.175113677978516,-43.18888473510742,-43.20241928100586,-43.21568298339844,-43.2286491394043,-43.24129104614258,-43.25358963012695,-43.26552200317383,-43.27708053588867,-43.288246154785156,-43.299015045166016,-43.30937957763672,-43.319339752197266,-43.32889175415039,-43.33803939819336,-43.3467903137207,-43.35514831542969,-43.363121032714844,-43.370723724365234,-43.37796401977539,-43.384864807128906,-43.39143371582031,-43.39768981933594,-43.403648376464844,-43.40932846069336,-43.41474533081055,-43.4199104309082,-43.42484664916992,-43.4295654296875,-43.434078216552734,-43.43840789794922,-43.442569732666016,-43.446571350097656,-43.4504280090332,-43.454158782958984,-43.45777130126953,-43.461280822753906,-43.46469497680664,-43.46802520751953,-43.471282958984375,-43.47447967529297,-43.477622985839844,-43.4807243347168,-43.483787536621094,-43.48682403564453,-43.489837646484375,-43.49284362792969,-43.49584197998047,-43.49884033203125,-43.50185012817383,-43.50487518310547,-43.50791931152344,-43.510990142822266,-43.514095306396484,-43.51723861694336,-43.52042770385742,-43.52366638183594,-43.52696228027344,-43.53032302856445,-43.533748626708984,-43.53725051879883,-43.54083251953125,-43.544498443603516,-43.548255920410156,-43.55211639404297,-43.55607604980469,-43.560150146484375,-43.56433868408203,-43.56865310668945,-43.573097229003906,-43.57767868041992,-43.5824089050293,-43.58728790283203,-43.59232711791992,-43.5975341796875,-43.60291290283203,-43.60847854614258,-43.614234924316406,-43.62018966674805,-43.6263542175293,-43.63273239135742,-43.63933563232422,-43.646175384521484,-43.65325164794922,-43.66058349609375,-43.66817092895508,-43.676029205322266,-43.68416213989258,-43.69258117675781,-43.701290130615234,-43.71030044555664,-43.71961975097656,-43.729251861572266,-43.73920440673828,-43.749481201171875,-43.760093688964844,-43.77103805541992,-43.78232192993164,-43.793941497802734,-43.805908203125,-43.818214416503906,-43.83085632324219,-43.84383773803711,-43.85715103149414,-43.870792388916016,-43.88474655151367,-43.89901351928711,-43.913578033447266,-43.928428649902344,-43.94355010986328,-43.95892333984375,-43.97453308105469,-43.990360260009766,-44.00638198852539,-44.02257537841797,-44.038909912109375,-44.05536651611328,-44.07191467285156,-44.088523864746094,-44.105159759521484,-44.121795654296875,-44.138389587402344,-44.15491485595703,-44.17133331298828,-44.18760681152344,-44.203697204589844,-44.219566345214844,-44.23517990112305,-44.2504997253418,-44.26548767089844,-44.28010940551758,-44.29433059692383,-44.3081169128418,-44.32143783569336,-44.33426284790039,-44.34657287597656,-44.358341217041016,-44.36955261230469,-44.380191802978516,-44.3902473449707,-44.399715423583984,-44.40859603881836,-44.41688919067383,-44.42460632324219,-44.431758880615234,-44.4383659362793,-44.44443893432617,-44.450008392333984,-44.45509338378906,-44.45972442626953,-44.463932037353516,-44.46774673461914,-44.47119140625,-44.474308013916016,-44.477115631103516,-44.47964859008789,-44.48193359375,-44.4839973449707,-44.485862731933594,-44.487552642822266,-44.48908996582031,-44.49049377441406,-44.49177169799805,-44.492950439453125,-44.49403381347656,-44.49503707885742,-44.49596405029297,-44.49683380126953,-44.497642517089844,-44.4984016418457,-44.49911117553711,-44.49978256225586,-44.50041198730469,-44.501007080078125,-44.50157165527344,-44.50210189819336,-44.50260543823242,-44.503082275390625,-44.50353240966797,-44.50395965576172,-44.50436782836914,-44.5047492980957,-44.5051155090332,-44.505462646484375,-44.50579071044922,-44.506103515625,-44.50640106201172,-44.506683349609375,-44.50695037841797,-44.50720977783203,-44.50745391845703,-44.5076904296875,-44.50791549682617,-44.50813293457031,-44.50834274291992,-44.508541107177734,-44.50873565673828,-44.5089225769043,-44.50910568237305,-44.50928497314453,-44.509456634521484,-44.50962829589844,-44.509796142578125,-44.50996017456055,-44.5101203918457,-44.51028060913086,-44.510440826416016,-44.51060104370117,-44.51075744628906,-44.51091766357422,-44.51107406616211,-44.511234283447266,-44.51139450073242,-44.51155471801758,-44.51171875,-44.51188278198242,-44.51205062866211,-44.5122184753418,-44.51239013671875,-44.51256561279297,-44.51274490356445,-44.51292419433594,-44.51311111450195,-44.513301849365234,-44.51349639892578,-44.513694763183594,-44.51389694213867,-44.51410675048828,-44.514320373535156,-44.51454162597656,-44.5147705078125,-44.5150032043457,-44.5152473449707,-44.51549530029297,-44.515750885009766,-44.51601791381836,-44.516292572021484,-44.51657485961914,-44.516868591308594,-44.517173767089844,-44.517486572265625,-44.5178108215332,-44.518150329589844,-44.51850128173828,-44.518863677978516,-44.51924133300781,-44.519630432128906,-44.52003860473633,-44.52045822143555,-44.520896911621094,-44.52135467529297,-44.521827697753906,-44.52231979370117,-44.522830963134766,-44.52336502075195,-44.523921966552734,-44.52450180053711,-44.52510452270508,-44.525733947753906,-44.52638626098633,-44.527069091796875,-44.52778244018555,-44.528526306152344,-44.529300689697266,-44.530113220214844,-44.53096008300781,-44.53184127807617,-44.53276824951172,-44.53373336791992,-44.53474426269531,-44.53580093383789,-44.53690719604492,-44.53806686401367,-44.53927993774414,-44.540550231933594,-44.5418815612793,-44.543277740478516,-44.544742584228516,-44.54627990722656,-44.54789733886719,-44.549591064453125,-44.55137252807617,-44.553245544433594,-44.555213928222656,-44.557289123535156,-44.559471130371094,-44.561767578125,-44.56418991088867,-44.566741943359375,-44.569435119628906,-44.57227325439453,-44.57527542114258,-44.57844543457031,-44.58179473876953,-44.58533477783203,-44.589080810546875,-44.593048095703125,-44.59724807739258,-44.6016960144043,-44.60641098022461,-44.61140823364258,-44.6167106628418,-44.62232971191406,-44.62828826904297,-44.63460922241211,-44.64131546020508,-44.64841842651367,-44.655948638916016,-44.663917541503906,-44.6723518371582,-44.68125915527344,-44.6906623840332,-44.7005615234375,-44.71096420288086,-44.72187042236328,-44.7332649230957,-44.74513626098633,-44.7574462890625,-44.77016067504883,-44.783226013183594,-44.796573638916016,-44.810123443603516,-44.823787689208984,-44.837459564208984,-44.85102844238281,-44.86437225341797,-44.87737274169922,-44.88990020751953,-44.90183639526367,-44.91307067871094,-44.92350387573242,-44.933048248291016,-44.94164276123047,-44.94924545288086,-44.95583724975586,-44.96142578125,-44.966033935546875,-44.96971893310547,-44.97255325317383,-44.974613189697266,-44.97600173950195,-44.976810455322266,-44.97713088989258,-44.97700119018555,-44.97639846801758,-44.97517776489258,-44.973323822021484,-44.971923828125,-44.9729118347168,-44.974639892578125,-44.973697662353516,-44.9721565246582,-44.97318649291992,-44.97414016723633,-44.9731330871582,-44.97338104248047,-44.97468566894531,-44.97441482543945,-44.97446823120117,-44.97563552856445,-44.975711822509766,-44.975746154785156,-44.97666931152344,-44.97682571411133,-44.97684860229492,-44.9775276184082,-44.97764587402344,-44.97764587402344,-44.978118896484375,-44.978172302246094,-44.978153228759766,-44.978477478027344,-44.978485107421875,-44.978458404541016,-44.97867965698242,-44.97866439819336,-44.97864532470703,-44.97880554199219,-44.978790283203125,-44.978782653808594,-44.978904724121094,-44.97889709472656,-44.978904724121094,-44.97900390625,-44.979007720947266,-44.979026794433594,-44.97911071777344,-44.979122161865234,-44.97914505004883,-44.97921371459961,-44.97923278808594,-44.97925567626953,-44.97931671142578,-44.97933578491211,-44.97936248779297,-44.97941207885742,-44.979434967041016,-44.979454040527344,-44.979496002197266,-44.979522705078125,-44.97954177856445,-44.97957992553711,-44.9796028137207,-44.9796257019043,-44.97965621948242,-44.97968292236328,-44.97970199584961,-44.979732513427734,-44.979759216308594,-44.97978210449219,-44.97980880737305,-44.979835510253906,-44.979854583740234,-44.979881286621094,-44.97990798950195,-44.97993087768555,-44.979957580566406,-44.97998046875,-44.980003356933594,-44.98002624511719,-44.98005294799805,-44.98007583618164,-44.980098724365234,-44.98012161254883,-44.98014450073242,-44.980167388916016,-44.98019027709961,-44.9802131652832,-44.9802360534668,-44.98025894165039,-44.980281829833984,-44.98030090332031,-44.980323791503906,-44.9803466796875,-44.98036575317383,-44.98038864135742,-44.980411529541016,-44.98043441772461,-44.98045349121094,-44.98047637939453,-44.98049545288086,-44.98051834106445,-44.98053741455078,-44.980560302734375,-44.9805793762207,-44.9806022644043,-44.980621337890625,-44.98064422607422,-44.98066329956055,-44.980682373046875,-44.98070526123047,-44.9807243347168,-44.980743408203125,-44.98076629638672,-44.98078536987305,-44.980804443359375,-44.9808235168457,-44.98084259033203,-44.98086166381836,-44.98088073730469,-44.980899810791016,-44.98092269897461,-44.98094177246094,-44.980960845947266,-44.98097610473633,-44.980995178222656,-44.981014251708984,-44.98103332519531,-44.98105239868164,-44.98107147216797,-44.9810905456543,-44.981109619140625,-44.98112487792969,-44.981143951416016,-44.981163024902344,-44.981178283691406,-44.981197357177734,-44.98121643066406,-44.981231689453125,-44.98125076293945,-44.98126983642578,-44.981285095214844,-44.98130416870117,-44.981319427490234,-44.98133850097656,-44.981353759765625,-44.98136901855469,-44.981388092041016,-44.98140335083008,-44.98141860961914,-44.98143768310547,-44.98145294189453,-44.981468200683594,-44.98148727416992,-44.981502532958984,-44.98151779174805,-44.98153305053711,-44.98154830932617,-44.9815673828125,-44.98158264160156,-44.981597900390625,-44.98161315917969,-44.98162841796875,-44.98164367675781,-44.981658935546875,-44.98167419433594,-44.981689453125,-44.98170471191406,-44.981719970703125,-44.98173141479492,-44.981746673583984,-44.98176193237305,-44.98177719116211,-44.98179244995117,-44.98180389404297,-44.98181915283203,-44.981834411621094,-44.981849670410156,-44.98186111450195,-44.981876373291016,-44.98188781738281,-44.981903076171875,-44.98191833496094,-44.981929779052734,-44.9819450378418,-44.981956481933594,-44.981971740722656,-44.98198318481445,-44.981998443603516,-44.98200988769531,-44.98202133178711,-44.98203659057617,-44.98204803466797,-44.98206329345703,-44.98207473754883,-44.982086181640625,-44.98209762573242,-44.982112884521484,-44.98212432861328,-44.98213577270508,-44.982147216796875,-44.98215866088867,-44.982173919677734,-44.98218536376953,-44.98219680786133,-44.982208251953125,-44.98221969604492,-44.98223114013672,-44.98223876953125,-44.98225021362305,-44.982261657714844,-44.982269287109375,-44.98228454589844,-44.982295989990234,-44.9823112487793,-44.982322692871094,-44.982330322265625,-44.98234176635742,-44.98235321044922,-44.982364654541016,-44.98237609863281,-44.98238754272461,-44.98239517211914,-44.98240661621094,-44.982418060302734,-44.98242950439453,-44.98243713378906,-44.98244857788086,-44.98245620727539,-44.98246765136719,-44.982479095458984,-44.982486724853516,-44.98249816894531,-44.982505798339844,-44.98251724243164,-44.98252487182617,-44.98253631591797,-44.9825439453125,-44.9825553894043,-44.98256301879883,-44.982574462890625,-44.982582092285156,-44.98259353637695,-44.982601165771484,-44.982608795166016,-44.98262023925781,-44.982627868652344,-44.982635498046875,-44.98264694213867,-44.9826545715332,-44.982662200927734,-44.982669830322266,-44.98268127441406,-44.982688903808594,-44.982696533203125,-44.982704162597656,-44.98271179199219,-44.98271942138672,-44.982730865478516,-44.98273849487305,-44.98274612426758,-44.98275375366211,-44.98276138305664,-44.98276901245117,-44.9827766418457,-44.982784271240234,-44.982791900634766,-44.9827995300293,-44.98280715942383,-44.98281478881836,-44.98282241821289,-44.98283004760742,-44.98283767700195,-44.982845306396484,-44.982852935791016,-44.98285675048828
-32.59116744995117,-32.773460388183594,-32.94291305541992,-33.10104751586914,-33.255943298339844,-33.4120979309082,-33.57039260864258,-33.73082733154297,-33.89308166503906,-34.05670166015625,-34.221214294433594,-34.38594055175781,-34.549983978271484,-34.712337493896484,-34.872005462646484,-35.028114318847656,-35.179988861083984,-35.327186584472656,-35.469539642333984,-35.60711669921875,-35.74024963378906,-35.86948013305664,-35.995479583740234,-36.118988037109375,-36.240692138671875,-36.36115264892578,-36.48075485229492,-36.599708557128906,-36.7180290222168,-36.835567474365234,-36.95204544067383,-37.067115783691406,-37.180389404296875,-37.291500091552734,-37.40013885498047,-37.50608444213867,-37.609249114990234,-37.70963668823242,-37.80732345581055,-37.902408599853516,-37.99497985839844,-38.08513259887695,-38.172950744628906,-38.258506774902344,-38.341835021972656,-38.42292785644531,-38.501773834228516,-38.57841873168945,-38.652923583984375,-38.7253532409668,-38.79575729370117,-38.86423873901367,-38.930938720703125,-38.99599838256836,-39.059566497802734,-39.12183380126953,-39.18303298950195,-39.24337387084961,-39.303077697753906,-39.36239242553711,-39.42155075073242,-39.480716705322266,-39.54005813598633,-39.59965515136719,-39.659515380859375,-39.71964645385742,-39.780006408691406,-39.84054946899414,-39.901248931884766,-39.961997985839844,-40.022682189941406,-40.0831298828125,-40.14320373535156,-40.20277404785156,-40.261749267578125,-40.32001876831055,-40.377464294433594,-40.43400573730469,-40.489646911621094,-40.54443359375,-40.59843444824219,-40.6517333984375,-40.7044563293457,-40.75678634643555,-40.808860778808594,-40.86076736450195,-40.91253662109375,-40.964195251464844,-41.015716552734375,-41.06703186035156,-41.11808776855469,-41.168880462646484,-41.21941375732422,-41.26970672607422,-41.31980895996094,-41.369781494140625,-41.41967010498047,-41.469505310058594,-41.51934051513672,-41.56920623779297,-41.61909866333008,-41.66898727416992,-41.71864700317383,-41.76735305786133,-41.81486511230469,-41.86585998535156,-41.9173469543457,-41.96322250366211,-42.0123291015625,-42.059959411621094,-42.10401153564453,-42.150657653808594,-42.19289779663086,-42.235107421875,-42.276695251464844,-42.31484603881836,-42.3542366027832,-42.390708923339844,-42.42671585083008,-42.462554931640625,-42.50270080566406,-42.54722213745117,-42.592430114746094,-42.63933181762695,-42.68564224243164,-42.732139587402344,-42.77781677246094,-42.822776794433594,-42.86713409423828,-42.91022491455078,-42.95270919799805,-42.99354553222656,-43.0333366394043,-43.07135772705078,-43.107696533203125,-43.14231491088867,-43.1748046875,-43.20560836791992,-43.23433303833008,-43.26129150390625,-43.28655242919922,-43.310028076171875,-43.33210754394531,-43.35266876220703,-43.37189483642578,-43.38998794555664,-43.40687942504883,-43.42282485961914,-43.43791580200195,-43.452178955078125,-43.46584701538086,-43.47896194458008,-43.491580963134766,-43.50385665893555,-43.527191162109375,-43.55433654785156,-43.58362579345703,-43.61402130126953,-43.64493942260742,-43.676025390625,-43.707000732421875,-43.73770523071289,-43.767913818359375,-43.79742431640625,-43.82609939575195,-43.853790283203125,-43.88040542602539,-43.905914306640625,-43.930294036865234,-43.95355987548828,-43.97575378417969,-43.99689483642578,-44.01700973510742,-44.036136627197266,-44.05428695678711,-44.07149124145508,-44.08779525756836,-44.10322570800781,-44.117835998535156,-44.13167953491211,-44.144813537597656,-44.15727996826172,-44.16912841796875,-44.18040466308594,-44.19114303588867,-44.201385498046875,-44.21117401123047,-44.220542907714844,-44.22953796386719,-44.23819351196289,-44.246551513671875,-44.2546501159668,-44.26251983642578,-44.270198822021484,-44.27771759033203,-44.28510284423828,-44.292381286621094,-44.29958724975586,-44.3067512512207,-44.313899993896484,-44.32106018066406,-44.32826614379883,-44.335540771484375,-44.342918395996094,-44.35042190551758,-44.35807800292969,-44.36591720581055,-44.37396240234375,-44.38224411010742,-44.39079284667969,-44.399635314941406,-44.40879440307617,-44.418304443359375,-44.42818832397461,-44.438472747802734,-44.449180603027344,-44.4603385925293,-44.47196578979492,-44.48408508300781,-44.49671173095703,-44.50986099243164,-44.5235481262207,-44.53777313232422,-44.55253982543945,-44.567848205566406,-44.58369064331055,-44.60004806518555,-44.61690902709961,-44.63424301147461,-44.65202713012695,-44.67021560668945,-44.68877410888672,-44.70765686035156,-44.726810455322266,-44.74618148803711,-44.765708923339844,-44.78532791137695,-44.80497741699219,-44.824581146240234,-44.84407043457031,-44.86336898803711,-44.88240051269531,-44.901084899902344,-44.91935348510742,-44.93712615966797,-44.95432662963867,-44.97089385986328,-44.986759185791016,-45.00186538696289,-45.01615905761719,-45.029598236083984,-45.0421257019043,-45.05366897583008,-45.06413269042969,-45.073463439941406,-45.08198928833008,-45.090614318847656,-45.09941101074219,-45.10673522949219,-45.11214065551758,-45.117332458496094,-45.123069763183594,-45.12786865234375,-45.13132095336914,-45.13490295410156,-45.13874816894531,-45.14165115356445,-45.14399719238281,-45.14674377441406,-45.14928436279297,-45.15113830566406,-45.15306854248047,-45.15518569946289,-45.156856536865234,-45.15830993652344,-45.15998458862305,-45.16151809692383,-45.1627311706543,-45.164024353027344,-45.16536331176758,-45.16645431518555,-45.16746139526367,-45.16856384277344,-45.169551849365234,-45.17038345336914,-45.171241760253906,-45.17210388183594,-45.172828674316406,-45.17350387573242,-45.17420959472656,-45.17485809326172,-45.175418853759766,-45.17598342895508,-45.176551818847656,-45.177059173583984,-45.17753219604492,-45.178016662597656,-45.17849349975586,-45.17892837524414,-45.17935562133789,-45.1797981262207,-45.18022918701172,-45.180633544921875,-45.18104934692383,-45.18146896362305,-45.181880950927734,-45.182281494140625,-45.18268966674805,-45.183101654052734,-45.18350601196289,-45.183902740478516,-45.184303283691406,-45.18470764160156,-45.18510437011719,-45.18549346923828,-45.185882568359375,-45.18627166748047,-45.1866569519043,-45.187034606933594,-45.18741226196289,-45.18778991699219,-45.18816375732422,-45.18852996826172,-45.18889617919922,-45.18925857543945,-45.18962097167969,-45.18997573852539,-45.190330505371094,-45.1906852722168,-45.191036224365234,-45.191383361816406,-45.19173049926758,-45.192073822021484,-45.19241714477539,-45.1927604675293,-45.19309616088867,-45.19343566894531,-45.19377136230469,-45.1941032409668,-45.194435119628906,-45.19476318359375,-45.195091247558594,-45.19541931152344,-45.19573974609375,-45.19606399536133,-45.19638442993164,-45.19670104980469,-45.197017669677734,-45.197330474853516,-45.1976432800293,-45.19795227050781,-45.19826126098633,-45.198570251464844,-45.19887161254883,-45.19917678833008,-45.1994743347168,-45.19977569580078,-45.2000732421875,-45.20036697387695,-45.200660705566406,-45.200950622558594,-45.20124053955078,-45.2015266418457,-45.201812744140625,-45.20209503173828,-45.20237731933594,-45.20265579223633,-45.20293426513672,-45.203208923339844,-45.20348358154297,-45.20375442504883,-45.20402526855469,-45.20429229736328,-45.204559326171875,-45.2048225402832,-45.20508575439453,-45.205345153808594,-45.20560073852539,-45.20586013793945,-45.206111907958984,-45.206363677978516,-45.20661544799805,-45.20686340332031,-45.20711135864258,-45.20735549926758,-45.20759963989258,-45.20783996582031,-45.20808029174805,-45.208316802978516,-45.20854949951172,-45.20878601074219,-45.209014892578125,-45.20924377441406,-45.20947265625,-45.20969772338867,-45.209922790527344,-45.21014404296875,-45.210365295410156,-45.21058654785156,-45.21080017089844,-45.21101760864258,-45.21123123168945,-45.21144104003906,-45.21165084838867,-45.211856842041016,-45.212066650390625,-45.2122688293457,-45.21247100830078,-45.21267318725586,-45.21287155151367,-45.213069915771484,-45.21326446533203,-45.21345901489258,-45.21364974975586,-45.21384048461914,-45.214027404785156,-45.214210510253906,-45.214393615722656,-45.21456527709961,-45.214725494384766,-45.214866638183594,-45.214969635009766,-45.21500015258789,-45.21491241455078,-45.214656829833984,-45.214290618896484,-45.21412658691406,-45.21464538574219,-45.215755462646484,-45.21650314331055,-45.216365814208984,-45.215965270996094,-45.21617126464844,-45.21691131591797,-45.217315673828125,-45.217140197753906,-45.21706008911133,-45.21748352050781,-45.21793746948242,-45.21797180175781,-45.2178955078125,-45.2181396484375,-45.21852111816406,-45.218650817871094,-45.218631744384766,-45.21879196166992,-45.219093322753906,-45.219261169433594,-45.21929168701172,-45.21941375732422,-45.21965408325195,-45.21982955932617,-45.21989822387695,-45.220001220703125,-45.22019577026367,-45.220367431640625,-45.22046661376953,-45.22056198120117,-45.22071838378906,-45.220882415771484,-45.22100067138672,-45.22109603881836,-45.22122573852539,-45.221378326416016,-45.22150421142578,-45.22160720825195,-45.22172164916992,-45.22185516357422,-45.22198486328125,-45.22209548950195,-45.222198486328125,-45.22231674194336,-45.222442626953125,-45.222557067871094,-45.222660064697266,-45.22277069091797,-45.22288513183594,-45.222999572753906,-45.223106384277344,-45.22320556640625,-45.22331237792969,-45.22342300415039,-45.22352981567383,-45.223628997802734,-45.22372817993164,-45.22383117675781,-45.223934173583984,-45.22403335571289,-45.2241325378418,-45.22422790527344,-45.224327087402344,-45.224422454833984,-45.224517822265625,-45.224613189697266,-45.22470474243164,-45.22480010986328,-45.224891662597656,-45.22498321533203,-45.225074768066406,-45.225162506103516,-45.225250244140625,-45.225341796875,-45.22542953491211,-45.22551345825195,-45.22560119628906,-45.225685119628906,-45.22576904296875,-45.225852966308594,-45.22593688964844,-45.22602081298828,-45.22610092163086,-45.22618103027344,-45.226261138916016,-45.226341247558594,-45.22642135620117,-45.226497650146484,-45.22657775878906,-45.226654052734375,-45.22673034667969,-45.226806640625,-45.22687911987305,-45.22695541381836,-45.227027893066406,-45.22710037231445,-45.2271728515625,-45.22724533081055,-45.227317810058594,-45.22739028930664,-45.22745895385742,-45.2275276184082,-45.227596282958984,-45.227664947509766,-45.22773361206055,-45.22780227661133,-45.227867126464844,-45.22793197631836,-45.22800064086914,-45.228065490722656,-45.22813034057617,-45.22819137573242,-45.22825622558594,-45.22832107543945,-45.2283821105957,-45.22844314575195,-45.2285041809082,-45.22856521606445,-45.2286262512207,-45.22868728637695,-45.2287483215332,-45.22880554199219,-45.22886276245117,-45.22892379760742,-45.228981018066406,-45.22903823852539,-45.22909164428711,-45.229148864746094,-45.22920608520508,-45.2292594909668,-45.22931671142578,-45.2293701171875,-45.22942352294922,-45.22947692871094,-45.229530334472656,-45.229583740234375,-45.229637145996094,-45.22968673706055,-45.229740142822266,-45.22978973388672,-45.22983932495117,-45.229888916015625,-45.229942321777344,-45.22998809814453,-45.230037689208984,-45.23008728027344,-45.23013687133789,-45.23018264770508,-45.23023223876953,-45.23027801513672,-45.230323791503906,-45.230369567871094,-45.23041534423828,-45.23046112060547,-45.230506896972656,-45.230552673339844,-45.23059844970703,-45.23064041137695,-45.23068618774414,-45.23072814941406,-45.230770111083984,-45.230812072753906,-45.23085403442383,-45.23089599609375,-45.230934143066406,-45.23097229003906,-45.23100280761719,-45.23102569580078,-45.23102569580078,-45.230995178222656,-45.23089599609375,-45.23067092895508,-45.23025894165039,-45.229637145996094,-45.22902297973633,-45.22901153564453,-45.2299919128418,-45.23119354248047,-45.231414794921875,-45.23072814941406,-45.23032760620117,-45.230873107910156,-45.2315788269043,-45.231502532958984,-45.23103713989258,-45.231109619140625,-45.231632232666016,-45.23178482055664,-45.23149871826172,-45.2314338684082,-45.23176193237305,-45.23194885253906,-45.23179244995117,-45.23171615600586,-45.2319221496582,-45.232086181640625,-45.23200988769531,-45.23194885253906,-45.232078552246094,-45.23221206665039,-45.23218536376953,-45.232147216796875,-45.23222732543945,-45.23233413696289,-45.232337951660156,-45.23231506347656,-45.23236846923828,-45.232452392578125,-45.23247528076172,-45.23246765136719,-45.23250198364258,-45.232566833496094,-45.232601165771484,-45.232601165771484,-45.232627868652344,-45.2326774597168,-45.23271560668945,-45.23272705078125,-45.23274612426758,-45.232784271240234,-45.232826232910156,-45.232845306396484,-45.23286437988281,-45.23289108276367,-45.23292922973633,-45.23295593261719,-45.232975006103516,-45.23299789428711,-45.233028411865234,-45.23305892944336,-45.23307800292969,-45.23310089111328,-45.23312759399414,-45.233154296875,-45.233177185058594,-45.23320007324219,-45.23322296142578,-45.23324966430664,-45.233272552490234,-45.23329544067383,-45.23331832885742,-45.233341217041016,-45.23336410522461,-45.2333869934082,-45.2334098815918,-45.233428955078125,-45.23345184326172,-45.23347473144531,-45.233497619628906,-45.233516693115234,-45.23353958129883,-45.233558654785156,-45.23358154296875,-45.23360061645508,-45.23362350463867,-45.233642578125,-45.23366165161133,-45.23368453979492,-45.23370361328125,-45.23372268676758,-45.233741760253906,-45.233760833740234,-45.23377990722656,-45.23379898071289,-45.23381805419922,-45.23383712768555,-45.233856201171875,-45.2338752746582,-45.23389434814453,-45.23391342163086,-45.23393249511719,-45.23394775390625,-45.23396682739258,-45.233985900878906,-45.23400115966797,-45.2340202331543,-45.23403549194336,-45.23405456542969,-45.23406982421875,-45.23408889770508,-45.23410415649414,-45.2341194152832,-45.23413848876953,-45.234153747558594,-45.234169006347656,-45.23418426513672,-45.23420333862305,-45.23421859741211,-45.23423385620117,-45.234249114990234,-45.2342643737793,-45.23427963256836,-45.23429489135742,-45.234310150146484,-45.23432540893555,-45.23434066772461,-45.23435592651367,-45.234371185302734,-45.23438262939453,-45.234397888183594,-45.234413146972656,-45.23442840576172,-45.234439849853516,-45.23445510864258,-45.23447036743164,-45.23448181152344,-45.2344970703125,-45.2345085144043,-45.23452377319336,-45.234535217285156,-45.23455047607422,-45.234561920166016,-45.23457717895508,-45.234588623046875,-45.23460006713867,-45.234615325927734,-45.23462677001953,-45.23463821411133,-45.23465347290039,-45.23466491699219,-45.234676361083984,-45.23468780517578,-45.23469924926758,-45.23471450805664,-45.23472595214844,-45.234737396240234,-45.23474884033203,-45.23476028442383,-45.234771728515625,-45.23478317260742,-45.23479461669922,-45.234806060791016,-45.23481750488281,-45.23482894897461,-45.23483657836914,-45.23484802246094,-45.234859466552734,-45.23487091064453,-45.23488235473633,-45.23488998413086,-45.234901428222656,-45.23491287231445,-45.23492431640625,-45.23493194580078,-45.23494338989258,-45.234954833984375,-45.234962463378906,-45.2349739074707,-45.234981536865234,-45.23499298095703,-45.23500061035156,-45.23501205444336,-45.23501968383789,-45.23503112792969,-45.23503875732422,-45.235050201416016,-45.23505783081055,-45.235069274902344,-45.235076904296875,-45.235084533691406,-45.2350959777832,-45.235103607177734,-45.235111236572266,-45.23512268066406,-45.235130310058594,-45.235137939453125,-45.23514938354492,-45.23515701293945,-45.235164642333984,-45.235172271728516,-45.23517990112305,-45.23518753051758,-45.235198974609375,-45.235206604003906,-45.23521423339844,-45.23522186279297,-45.2352294921875,-45.23523712158203,-45.23524475097656,-45.235252380371094,-45.235260009765625,-45.23526382446289
-32.052642822265625,-32.179405212402344,-32.30790328979492,-32.43798828125,-32.56928634643555,-32.701263427734375,-32.833396911621094,-32.96527862548828,-33.096675872802734,-33.227508544921875,-33.357872009277344,-33.48805236816406,-33.618507385253906,-33.74971389770508,-33.882049560546875,-34.01570510864258,-34.150665283203125,-34.28673553466797,-34.42355728149414,-34.5606689453125,-34.6975212097168,-34.83355712890625,-34.96820068359375,-35.10091018676758,-35.23115921020508,-35.358463287353516,-35.482421875,-35.6027717590332,-35.71946716308594,-35.83273696899414,-35.943084716796875,-36.051185607910156,-36.157752990722656,-36.263389587402344,-36.36854553222656,-36.473480224609375,-36.57823944091797,-36.682674407958984,-36.786495208740234,-36.88933563232422,-36.99082946777344,-37.09062576293945,-37.18841552734375,-37.28398895263672,-37.377281188964844,-37.468379974365234,-37.557437896728516,-37.644649505615234,-37.73019790649414,-37.8141975402832,-37.896636962890625,-37.977394104003906,-38.056304931640625,-38.13314437866211,-38.20769119262695,-38.2797737121582,-38.349300384521484,-38.416255950927734,-38.48070526123047,-38.54281234741211,-38.602760314941406,-38.66074752807617,-38.71695327758789,-38.771480560302734,-38.82439041137695,-38.875694274902344,-38.925357818603516,-38.97334671020508,-39.019649505615234,-39.06428146362305,-39.107295989990234,-39.14878463745117,-39.196292877197266,-39.247371673583984,-39.30035400390625,-39.35435104370117,-39.40886306762695,-39.46367263793945,-39.51868438720703,-39.57381820678711,-39.62895965576172,-39.68399429321289,-39.738792419433594,-39.793251037597656,-39.84727478027344,-39.900794982910156,-39.953765869140625,-40.006134033203125,-40.05785369873047,-40.10884094238281,-40.15898895263672,-40.20817184448242,-40.25625991821289,-40.3031120300293,-40.34860610961914,-40.39262771606445,-40.43507766723633,-40.475868225097656,-40.51492691040039,-40.552188873291016,-40.587615966796875,-40.621192932128906,-40.65294647216797,-40.68294143676758,-40.711280822753906,-40.738101959228516,-40.76355743408203,-40.78779602050781,-40.81096649169922,-40.83317565917969,-40.854522705078125,-40.87506866455078,-40.894859313964844,-40.91392135620117,-40.93227005004883,-40.94992446899414,-40.966888427734375,-40.98316955566406,-41.01203918457031,-41.04515075683594,-41.08050537109375,-41.11696243286133,-41.153785705566406,-41.190452575683594,-41.22660827636719,-41.26199722290039,-41.29644775390625,-41.329837799072266,-41.362083435058594,-41.39314270019531,-41.423004150390625,-41.45168685913086,-41.47923278808594,-41.50570297241211,-41.53117370605469,-41.55571746826172,-41.579402923583984,-41.602294921875,-41.62445068359375,-41.64592361450195,-41.6667594909668,-41.68703079223633,-41.70679473876953,-41.72612762451172,-41.745094299316406,-41.763763427734375,-41.782188415527344,-41.8004150390625,-41.81847381591797,-41.83641052246094,-41.854251861572266,-41.87203598022461,-41.889801025390625,-41.90757751464844,-41.9254035949707,-41.943321228027344,-41.96136474609375,-41.97957992553711,-41.99800109863281,-42.016666412353516,-42.035587310791016,-42.05479049682617,-42.07429885864258,-42.09413146972656,-42.114322662353516,-42.13488006591797,-42.15580749511719,-42.17710876464844,-42.198768615722656,-42.22077560424805,-42.24311828613281,-42.26577377319336,-42.288719177246094,-42.31192398071289,-42.33535385131836,-42.35896301269531,-42.382713317871094,-42.40655517578125,-42.430458068847656,-42.454368591308594,-42.47823715209961,-42.502017974853516,-42.52566146850586,-42.549129486083984,-42.57238006591797,-42.59537887573242,-42.61808395385742,-42.64046859741211,-42.66250991821289,-42.68418502807617,-42.705482482910156,-42.72639083862305,-42.74690246582031,-42.76702117919922,-42.786746978759766,-42.806095123291016,-42.825077056884766,-42.84370040893555,-42.86199188232422,-42.87997055053711,-42.89765548706055,-42.915061950683594,-42.932220458984375,-42.94915008544922,-42.96586608886719,-42.982391357421875,-42.99873352050781,-43.014915466308594,-43.03093719482422,-43.046810150146484,-43.062530517578125,-43.078102111816406,-43.09352111816406,-43.10877227783203,-43.12384796142578,-43.138729095458984,-43.15339660644531,-43.16783142089844,-43.182003021240234,-43.195892333984375,-43.20947265625,-43.22270965576172,-43.23557662963867,-43.248050689697266,-43.26010513305664,-43.2717170715332,-43.282859802246094,-43.29351806640625,-43.30367660522461,-43.313323974609375,-43.322452545166016,-43.33106231689453,-43.33914566040039,-43.346717834472656,-43.35377883911133,-43.36034393310547,-43.366432189941406,-43.3720588684082,-43.37724304199219,-43.382015228271484,-43.38639831542969,-43.390411376953125,-43.39409255981445,-43.397457122802734,-43.400535583496094,-43.403350830078125,-43.40592956542969,-43.408287048339844,-43.41044998168945,-43.41243362426758,-43.414249420166016,-43.41592025756836,-43.417449951171875,-43.41885757446289,-43.42014694213867,-43.421329498291016,-43.42240905761719,-43.423397064208984,-43.42429733276367,-43.42512130737305,-43.42586898803711,-43.42654800415039,-43.42716598510742,-43.42772674560547,-43.42823791503906,-43.428707122802734,-43.42913055419922,-43.42952346801758,-43.42988586425781,-43.43022155761719,-43.43053436279297,-43.43083190917969,-43.43111038208008,-43.43138122558594,-43.431636810302734,-43.431888580322266,-43.43212890625,-43.432369232177734,-43.43259811401367,-43.43282699584961,-43.433048248291016,-43.43326950073242,-43.4334831237793,-43.43369674682617,-43.433902740478516,-43.43410873413086,-43.43431091308594,-43.43450927734375,-43.43470764160156,-43.43490219116211,-43.43509292602539,-43.435279846191406,-43.43546676635742,-43.43564987182617,-43.43583297729492,-43.43601608276367,-43.436195373535156,-43.436370849609375,-43.43655014038086,-43.43672561645508,-43.4369010925293,-43.43707275390625,-43.43724822998047,-43.43741989135742,-43.437591552734375,-43.43776321411133,-43.43793487548828,-43.438106536865234,-43.43827819824219,-43.43844985961914,-43.438621520996094,-43.43879318237305,-43.438961029052734,-43.43913269042969,-43.43930435180664,-43.439476013183594,-43.43964767456055,-43.4398193359375,-43.43999099731445,-43.440162658691406,-43.44033432006836,-43.44050979614258,-43.44068145751953,-43.44085693359375,-43.44103240966797,-43.44120788574219,-43.441383361816406,-43.441558837890625,-43.44173812866211,-43.44191360473633,-43.44209289550781,-43.4422721862793,-43.44245147705078,-43.44263458251953,-43.442813873291016,-43.442996978759766,-43.443180084228516,-43.443363189697266,-43.443546295166016,-43.44373321533203,-43.44391632080078,-43.4441032409668,-43.44429016113281,-43.44447708129883,-43.444664001464844,-43.44485092163086,-43.44504165649414,-43.44523239135742,-43.44541931152344,-43.44561004638672,-43.44580078125,-43.44599151611328,-43.44618606567383,-43.44637680053711,-43.44656753540039,-43.44676208496094,-43.446956634521484,-43.447147369384766,-43.44734191894531,-43.44753646850586,-43.447731018066406,-43.44792175292969,-43.448116302490234,-43.44831085205078,-43.44850540161133,-43.448699951171875,-43.44889450073242,-43.44908905029297,-43.449283599853516,-43.44947814941406,-43.44967269897461,-43.449867248535156,-43.4500617980957,-43.45025634765625,-43.4504508972168,-43.45064163208008,-43.450836181640625,-43.451026916503906,-43.45122146606445,-43.451412200927734,-43.451602935791016,-43.45179748535156,-43.451988220214844,-43.45217514038086,-43.45236587524414,-43.45255661010742,-43.45274353027344,-43.45293045043945,-43.45311737060547,-43.453304290771484,-43.4534912109375,-43.45367431640625,-43.453861236572266,-43.454044342041016,-43.454227447509766,-43.45440673828125,-43.45458984375,-43.454769134521484,-43.45494842529297,-43.45512390136719,-43.45530319213867,-43.45547866821289,-43.45565414428711,-43.45582580566406,-43.45600128173828,-43.456172943115234,-43.45634078979492,-43.456512451171875,-43.45668029785156,-43.45684814453125,-43.45701217651367,-43.457176208496094,-43.457340240478516,-43.45750427246094,-43.457664489746094,-43.45782470703125,-43.45798110961914,-43.4581413269043,-43.45829391479492,-43.45845031738281,-43.45860290527344,-43.45875549316406,-43.45890426635742,-43.45905303955078,-43.45920181274414,-43.459346771240234,-43.45949172973633,-43.45963668823242,-43.45977783203125,-43.45991897583008,-43.46005630493164,-43.4601936340332,-43.460330963134766,-43.46046447753906,-43.46059799194336,-43.460731506347656,-43.46086120605469,-43.46099090576172,-43.461116790771484,-43.46124267578125,-43.461368560791016,-43.461490631103516,-43.461612701416016,-43.46173095703125,-43.46185302734375,-43.46196746826172,-43.46208572387695,-43.46220016479492,-43.462310791015625,-43.462425231933594,-43.4625358581543,-43.462642669677734,-43.46274948120117,-43.46285629272461,-43.46296310424805,-43.46306610107422,-43.463165283203125,-43.4632682800293,-43.4633674621582,-43.463462829589844,-43.46356201171875,-43.46365737915039,-43.463748931884766,-43.463844299316406,-43.463932037353516,-43.46402359008789,-43.464111328125,-43.46419906616211,-43.46428680419922,-43.46437072753906,-43.464454650878906,-43.46453857421875,-43.46461868286133,-43.464698791503906,-43.464778900146484,-43.4648551940918,-43.464935302734375,-43.46500778198242,-43.465084075927734,-43.46515655517578,-43.46522903442383,-43.465301513671875,-43.465370178222656,-43.46543884277344,-43.46550750732422,-43.465576171875,-43.465641021728516,-43.46570587158203,-43.46577072143555,-43.4658317565918,-43.46589660644531,-43.46595764160156,-43.46601867675781,-43.4660758972168,-43.46613693237305,-43.46619415283203,-43.46624755859375,-43.466304779052734,-43.46636199951172,-43.46641540527344,-43.466468811035156,-43.46651840209961,-43.46657180786133,-43.46662139892578,-43.4666748046875,-43.46672058105469,-43.46677017211914,-43.466819763183594,-43.46686553955078,-43.46691131591797,-43.466957092285156,-43.467002868652344,-43.46704864501953,-43.46709060668945,-43.46713638305664,-43.46717834472656,-43.467220306396484,-43.467262268066406,-43.46730041503906,-43.467342376708984,-43.46738052368164,-43.4674186706543,-43.46745681762695,-43.46749496459961,-43.467533111572266,-43.46757125854492,-43.46760559082031,-43.4676399230957,-43.46767807006836,-43.46771240234375,-43.46774673461914,-43.467777252197266,-43.467811584472656,-43.46784591674805,-43.46787643432617,-43.46791076660156,-43.46794128417969,-43.46797180175781,-43.46800231933594,-43.46803283691406,-43.46806335449219,-43.46809387207031,-43.46812057495117,-43.4681510925293,-43.468177795410156,-43.46820831298828,-43.46823501586914,-43.46826171875,-43.46828842163086,-43.46831512451172,-43.46834182739258,-43.46836853027344,-43.4683952331543,-43.46841812133789,-43.46844482421875,-43.468467712402344,-43.4684944152832,-43.4685173034668,-43.46854019165039,-43.46855926513672,-43.46858215332031,-43.468605041503906,-43.4686279296875,-43.46865463256836,-43.46868133544922,-43.46870422363281,-43.46872329711914,-43.46874237060547,-43.46876525878906,-43.46879196166992,-43.46881103515625,-43.468833923339844,-43.46885299682617,-43.4688720703125,-43.468894958496094,-43.46891784667969,-43.468936920166016,-43.468955993652344,-43.46897506713867,-43.468994140625,-43.469017028808594,-43.46903610229492,-43.46905517578125,-43.46907424926758,-43.469093322753906,-43.469112396240234,-43.46913146972656,-43.469146728515625,-43.46916580200195,-43.46918487548828,-43.46920394897461,-43.46922302246094,-43.46923828125,-43.46925735473633,-43.469276428222656,-43.46929168701172,-43.46931076049805,-43.46932601928711,-43.46934509277344,-43.4693603515625,-43.46937942504883,-43.46939468383789,-43.46941375732422,-43.46942901611328,-43.469444274902344,-43.46946334838867,-43.469478607177734,-43.4694938659668,-43.469512939453125,-43.46952819824219,-43.46954345703125,-43.46955871582031,-43.469573974609375,-43.4695930480957,-43.469608306884766,-43.46962356567383,-43.46963882446289,-43.46965408325195,-43.469669342041016,-43.46968460083008,-43.46969985961914,-43.4697151184082,-43.469730377197266,-43.46974563598633,-43.46976089477539,-43.46977615356445,-43.469791412353516,-43.46980667114258,-43.46982192993164,-43.4698371887207,-43.469852447509766,-43.46986770629883,-43.46988296508789,-43.46989822387695,-43.469913482666016,-43.46992492675781,-43.469940185546875,-43.46995544433594,-43.469970703125,-43.46998596191406,-43.470001220703125,-43.47001266479492,-43.470027923583984,-43.47004318237305,-43.47005844116211,-43.470069885253906,-43.47008514404297,-43.47010040283203,-43.470115661621094,-43.47012710571289,-43.47014236450195,-43.470157623291016,-43.47016906738281,-43.470184326171875,-43.47019958496094,-43.470211029052734,-43.4702262878418,-43.47024154663086,-43.470252990722656,-43.47026824951172,-43.47028350830078,-43.47029495239258,-43.47031021118164,-43.47032165527344,-43.4703369140625,-43.47035217285156,-43.47036361694336,-43.47037887573242,-43.47039031982422,-43.47040557861328,-43.47041702270508,-43.47043228149414,-43.47044372558594,-43.470458984375,-43.47047424316406,-43.47048568725586,-43.47050094604492,-43.47051239013672,-43.47052764892578,-43.47053909301758,-43.47055435180664,-43.47056579589844,-43.4705810546875,-43.4705924987793,-43.47060775756836,-43.470619201660156,-43.47063064575195,-43.470645904541016,-43.47065734863281,-43.470672607421875,-43.47068405151367,-43.470699310302734,-43.47071075439453,-43.470726013183594,-43.47073745727539,-43.47074890136719,-43.47076416015625,-43.47077560424805,-43.47079086303711,-43.470802307128906,-43.4708137512207,-43.470829010009766,-43.47084045410156,-43.470855712890625,-43.47086715698242,-43.47087860107422,-43.47089385986328,-43.47090530395508,-43.470916748046875,-43.47093200683594,-43.470943450927734,-43.47095489501953,-43.470970153808594,-43.47098159790039,-43.47099304199219,-43.47100830078125,-43.47101974487305,-43.471031188964844,-43.47104263305664,-43.47105407714844,-43.471065521240234,-43.471073150634766,-43.47108459472656,-43.47109603881836,-43.471107482910156,-43.471126556396484,-43.47114181518555,-43.47115707397461,-43.47116470336914,-43.47117614746094,-43.471187591552734,-43.47120666503906,-43.47121810913086,-43.471229553222656,-43.47124099731445,-43.47125244140625,-43.47126770019531,-43.47127914428711,-43.471290588378906,-43.4713020324707,-43.4713134765625,-43.47132873535156,-43.47134017944336,-43.471351623535156,-43.47136306762695,-43.47137451171875,-43.47138977050781,-43.47140121459961,-43.471412658691406,-43.4714241027832,-43.471435546875,-43.4714469909668,-43.47146224975586,-43.471473693847656,-43.47148513793945,-43.47149658203125,-43.47150802612305,-43.471519470214844,-43.47153091430664,-43.47154235839844,-43.471553802490234,-43.47156524658203,-43.47157669067383,-43.471588134765625,-43.47160339355469,-43.471614837646484,-43.47162628173828,-43.47163772583008,-43.471649169921875,-43.47166061401367,-43.47167205810547,-43.471683502197266,-43.47169494628906,-43.47170639038086,-43.471717834472656,-43.47172927856445,-43.47174072265625,-43.47175216674805,-43.471763610839844,-43.47177505493164,-43.47178649902344,-43.47179412841797,-43.471805572509766,-43.47181701660156,-43.47182846069336,-43.471839904785156,-43.47185134887695,-43.47186279296875,-43.47187423706055,-43.471885681152344,-43.47189712524414,-43.47190856933594,-43.47191619873047,-43.471927642822266,-43.47193908691406,-43.47195053100586,-43.471961975097656,-43.47197341918945,-43.47198486328125,-43.47199249267578,-43.47200393676758,-43.472015380859375,-43.47202682495117,-43.47203826904297,-43.472049713134766,-43.4720573425293,-43.472068786621094,-43.47208023071289,-43.47209167480469,-43.47209930419922,-43.472110748291016,-43.47212219238281,-43.47213363647461,-43.47214126586914,-43.47215270996094,-43.472164154052734,-43.47217559814453,-43.47218322753906,-43.47219467163086,-43.472206115722656,-43.47221374511719,-43.472225189208984,-43.47223663330078,-43.47224426269531,-43.47225570678711,-43.472267150878906,-43.47227478027344,-43.472286224365234,-43.47229766845703,-43.47230529785156,-43.47231674194336,-43.47232437133789,-43.47233581542969,-43.472347259521484,-43.472354888916016,-43.47236633300781,-43.472373962402344,-43.47238540649414,-43.47239685058594,-43.47240447998047,-43.472415924072266,-43.4724235534668,-43.472434997558594,-43.472442626953125,-43.47245407104492,-43.47246170043945,-43.47247314453125,-43.47248077392578,-43.47249221801758,-43.47249984741211,-43.472511291503906,-43.47251892089844,-43.472530364990234,-43.472537994384766,-43.47254943847656,-43.472557067871094,-43.472564697265625,-43.47257614135742,-43.47258377075195,-43.47259521484375,-43.47260284423828,-43.47261047363281,-43.47262191772461,-43.47262954711914,-43.47264099121094,-43.47264862060547,-43.47265625,-43.4726676940918,-43.47267532348633,-43.47268295288086,-43.472694396972656,-43.47270202636719,-43.47270965576172,-43.472721099853516,-43.47272872924805,-43.47273635864258,-43.47274398803711,-43.472755432128906,-43.47276306152344,-43.47277069091797,-43.472782135009766,-43.4727897644043,-43.47279739379883,-43.47280502319336,-43.47281265258789,-43.47282409667969,-43.47283172607422,-43.47283935546875,-43.47284698486328,-43.47285461425781,-43.47286605834961,-43.47287368774414,-43.47288131713867,-43.4728889465332,-43.472896575927734,-43.472904205322266,-43.47291564941406,-43.472923278808594,-43.472930908203125,-43.472938537597656,-43.47294616699219,-43.47295379638672,-43.47296142578125,-43.47296905517578,-43.47297668457031,-43.472984313964844,-43.472991943359375,-43.472999572753906,-43.47300720214844,-43.4730110168457
-32.15311050415039,-32.27055740356445,-32.386878967285156,-32.5023307800293,-32.6170539855957,-32.73125457763672,-32.84476089477539,-32.95724105834961,-33.068424224853516,-33.17815399169922,-33.2863655090332,-33.39318084716797,-33.49891662597656,-33.60407638549805,-33.709266662597656,-33.815093994140625,-33.92208480834961,-34.03063201904297,-34.141014099121094,-34.25339126586914,-34.36784744262695,-34.48439025878906,-34.6029167175293,-34.72322082519531,-34.844993591308594,-34.96788024902344,-35.0915641784668,-35.21582794189453,-35.340633392333984,-35.466224670410156,-35.593345642089844,-35.72323989868164,-35.857051849365234,-35.99489212036133,-36.135780334472656,-36.2789192199707,-36.42556381225586,-36.577598571777344,-36.734195709228516,-36.8928108215332,-37.054073333740234,-37.221065521240234,-37.39138412475586,-37.56332015991211,-37.74087905883789,-37.922611236572266,-38.1055908203125,-38.29334259033203,-38.4822998046875,-38.670928955078125,-38.86049270629883,-39.045310974121094,-39.22742462158203,-39.40336990356445,-39.57405090332031,-39.73985290527344,-39.90012741088867,-40.056697845458984,-40.207401275634766,-40.353397369384766,-40.49187088012695,-40.62416458129883,-40.74895095825195,-40.86829376220703,-40.98271560668945,-41.093990325927734,-41.203407287597656,-41.31078338623047,-41.417274475097656,-41.521263122558594,-41.62328338623047,-41.72258377075195,-41.8182487487793,-41.910308837890625,-41.997314453125,-42.07826614379883,-42.152687072753906,-42.219276428222656,-42.27712631225586,-42.32637023925781,-42.367401123046875,-42.400691986083984,-42.42724609375,-42.44847106933594,-42.468204498291016,-42.48765182495117,-42.50695037841797,-42.52667236328125,-42.546852111816406,-42.56753921508789,-42.58904266357422,-42.61125564575195,-42.63399124145508,-42.65736389160156,-42.68134307861328,-42.70583724975586,-42.73102569580078,-42.75701904296875,-42.783756256103516,-42.811309814453125,-42.83976745605469,-42.86907958984375,-42.89925003051758,-42.93033218383789,-42.962284088134766,-42.99498748779297,-43.028385162353516,-43.062374114990234,-43.09678268432617,-43.13149642944336,-43.16642761230469,-43.201480865478516,-43.236572265625,-43.27164840698242,-43.30667495727539,-43.34158706665039,-43.376304626464844,-43.41075134277344,-43.444847106933594,-43.47850036621094,-43.5115966796875,-43.54404830932617,-43.57575988769531,-43.60664749145508,-43.63663864135742,-43.665679931640625,-43.693721771240234,-43.72074890136719,-43.74675369262695,-43.7717399597168,-43.79572677612305,-43.81874084472656,-43.84081268310547,-43.86197280883789,-43.88225555419922,-43.90168380737305,-43.9202880859375,-43.9380989074707,-43.95513916015625,-43.9714469909668,-43.98705291748047,-44.00199890136719,-44.016319274902344,-44.0300407409668,-44.04316711425781,-44.05569076538086,-44.0676383972168,-44.07931137084961,-44.09120559692383,-44.103057861328125,-44.11396408081055,-44.124061584472656,-44.13428497314453,-44.15317916870117,-44.17386245727539,-44.19546127319336,-44.2177848815918,-44.239280700683594,-44.26018142700195,-44.28091049194336,-44.30071258544922,-44.320011138916016,-44.33903121948242,-44.35710144042969,-44.37447738647461,-44.39118576049805,-44.406742095947266,-44.42143249511719,-44.435298919677734,-44.44810485839844,-44.460174560546875,-44.471580505371094,-44.482215881347656,-44.492340087890625,-44.50198745727539,-44.51106643676758,-44.51974868774414,-44.52802276611328,-44.535804748535156,-44.543209075927734,-44.550235748291016,-44.55682373046875,-44.56305694580078,-44.56895065307617,-44.574462890625,-44.579654693603516,-44.58454513549805,-44.58909225463867,-44.59334182739258,-44.59731674194336,-44.600990295410156,-44.60438919067383,-44.60755157470703,-44.61046600341797,-44.61315155029297,-44.61564636230469,-44.617950439453125,-44.62007522583008,-44.622047424316406,-44.62387466430664,-44.62556076049805,-44.62712097167969,-44.628570556640625,-44.62990951538086,-44.63114547729492,-44.63229751586914,-44.63336181640625,-44.63434982299805,-44.63527297973633,-44.636131286621094,-44.636932373046875,-44.63768005371094,-44.63838195800781,-44.6390380859375,-44.639652252197266,-44.640228271484375,-44.640769958496094,-44.64128112792969,-44.641761779785156,-44.6422119140625,-44.64263916015625,-44.64303970336914,-44.6434211730957,-44.64378356933594,-44.64412307739258,-44.64444351196289,-44.64474868774414,-44.64503860473633,-44.64531326293945,-44.64557647705078,-44.64582824707031,-44.64606857299805,-44.64630126953125,-44.64652633666992,-44.64674377441406,-44.64695739746094,-44.64716720581055,-44.64737319946289,-44.647579193115234,-44.64778137207031,-44.64799118041992,-44.648197174072266,-44.648414611816406,-44.64863586425781,-44.64886474609375,-44.649105072021484,-44.64936065673828,-44.64963150024414,-44.649925231933594,-44.65024185180664,-44.65058898925781,-44.65097427368164,-44.651397705078125,-44.65187072753906,-44.65240478515625,-44.65300369262695,-44.6536865234375,-44.65446090698242,-44.65534210205078,-44.65635299682617,-44.65751266479492,-44.658836364746094,-44.66035079956055,-44.66208267211914,-44.664058685302734,-44.66630554199219,-44.66884994506836,-44.671722412109375,-44.674949645996094,-44.67855453491211,-44.68257141113281,-44.68702697753906,-44.69195556640625,-44.6973991394043,-44.703407287597656,-44.71001434326172,-44.717262268066406,-44.72515869140625,-44.73370361328125,-44.74289321899414,-44.75271224975586,-44.7631721496582,-44.774288177490234,-44.78608322143555,-44.798545837402344,-44.811641693115234,-44.825313568115234,-44.83950424194336,-44.854156494140625,-44.869239807128906,-44.88469314575195,-44.90042495727539,-44.91632080078125,-44.932247161865234,-44.94809341430664,-44.96376037597656,-44.9791259765625,-44.994049072265625,-45.00838088989258,-45.021995544433594,-45.034793853759766,-45.046688079833984,-45.05758285522461,-45.06740951538086,-45.07612228393555,-45.08372497558594,-45.090240478515625,-45.09571075439453,-45.100189208984375,-45.103759765625,-45.10650634765625,-45.108497619628906,-45.10972213745117,-45.1101188659668,-45.10992431640625,-45.11041259765625,-45.11233901977539,-45.11336135864258,-45.11250686645508,-45.11246109008789,-45.11374282836914,-45.11375045776367,-45.113258361816406,-45.11409378051758,-45.11449432373047,-45.11408996582031,-45.1146125793457,-45.11505126953125,-45.11476516723633,-45.115108489990234,-45.1154670715332,-45.115272521972656,-45.115535736083984,-45.1158332824707,-45.115726470947266,-45.115966796875,-45.11623001098633,-45.116207122802734,-45.11644744873047,-45.1166877746582,-45.116722106933594,-45.116947174072266,-45.11715316772461,-45.11720275878906,-45.11738967895508,-45.117549896240234,-45.11759567260742,-45.11773681640625,-45.117855072021484,-45.11788558959961,-45.117984771728516,-45.118072509765625,-45.11809539794922,-45.11817169189453,-45.11824035644531,-45.118263244628906,-45.118324279785156,-45.118385314941406,-45.11841583251953,-45.11846923828125,-45.11852264404297,-45.118553161621094,-45.118595123291016,-45.11864471435547,-45.11867141723633,-45.11870574951172,-45.11874771118164,-45.118770599365234,-45.11880111694336,-45.118831634521484,-45.11885452270508,-45.11888122558594,-45.11891174316406,-45.118934631347656,-45.11895751953125,-45.118988037109375,-45.11901092529297,-45.11903762817383,-45.11906433105469,-45.11909103393555,-45.119117736816406,-45.119144439697266,-45.119171142578125,-45.119197845458984,-45.119224548339844,-45.1192512512207,-45.11927795410156,-45.119300842285156,-45.119327545166016,-45.11935043334961,-45.1193733215332,-45.1193962097168,-45.11941909790039,-45.119441986083984,-45.11946487426758,-45.11948776245117,-45.1195068359375,-45.119529724121094,-45.11954879760742,-45.119571685791016,-45.119590759277344,-45.11960983276367,-45.119632720947266,-45.119651794433594,-45.11967086791992,-45.11968994140625,-45.11970901489258,-45.119728088378906,-45.119747161865234,-45.11976623535156,-45.119781494140625,-45.11980056762695,-45.11981964111328,-45.11983871459961,-45.11985397338867,-45.119873046875,-45.11988830566406,-45.11990737915039,-45.11992263793945,-45.119937896728516,-45.119956970214844,-45.119972229003906,-45.11998748779297,-45.12000274658203,-45.120018005371094,-45.120033264160156,-45.12004852294922,-45.12006378173828,-45.120079040527344,-45.120094299316406,-45.12010955810547,-45.12012481689453,-45.120140075683594,-45.12015151977539,-45.12016677856445,-45.120182037353516,-45.12019348144531,-45.120208740234375,-45.12022018432617,-45.120235443115234,-45.12024688720703,-45.120262145996094,-45.12027359008789,-45.12028503417969,-45.12030029296875,-45.12031173706055,-45.120323181152344,-45.12033462524414,-45.12034606933594,-45.120361328125,-45.1203727722168,-45.120384216308594,-45.12039566040039,-45.12040710449219,-45.120418548583984,-45.12042999267578,-45.12043762207031,-45.12044906616211,-45.120460510253906,-45.1204719543457,-45.1204833984375,-45.12049102783203,-45.12050247192383,-45.120513916015625,-45.120521545410156,-45.12053298950195,-45.120540618896484,-45.12055206298828,-45.12056350708008,-45.12057113647461,-45.12057876586914,-45.12059020996094,-45.12059783935547,-45.120609283447266,-45.1206169128418,-45.12062454223633,-45.120635986328125,-45.120643615722656,-45.12065124511719,-45.12065887451172,-45.120670318603516,-45.12067794799805,-45.12068557739258,-45.12069320678711,-45.12070083618164,-45.12070846557617,-45.1207160949707,-45.120723724365234,-45.120731353759766,-45.1207389831543,-45.12074661254883,-45.12075424194336,-45.12076187133789,-45.12076950073242,-45.12077713012695,-45.120784759521484,-45.120792388916016,-45.12080001831055,-45.12080383300781
-33.43102264404297,-33.54651641845703,-33.66333770751953,-33.77928161621094,-33.891883850097656,-34.00199508666992,-34.114933013916016,-34.23363494873047,-34.35903549194336,-34.49231719970703,-34.63462829589844,-34.786346435546875,-34.947364807128906,-35.1165885925293,-35.29174041748047,-35.47255325317383,-35.665855407714844,-35.87894821166992,-36.110389709472656,-36.352394104003906,-36.5979118347168,-36.85047912597656,-37.118770599365234,-37.40052795410156,-37.686031341552734,-37.968666076660156,-38.25282287597656,-38.53738784790039,-38.808109283447266,-39.059043884277344,-39.29811477661133,-39.5223274230957,-39.721736907958984,-39.90067672729492,-40.06696319580078,-40.21634292602539,-40.350791931152344,-40.479793548583984,-40.601375579833984,-40.711673736572266,-40.815853118896484,-40.913475036621094,-41.00027084350586,-41.07987594604492,-41.153175354003906,-41.21658706665039,-41.272987365722656,-41.32456588745117,-41.36967468261719,-41.41377258300781,-41.4600944519043,-41.50635528564453,-41.5532341003418,-41.60197067260742,-41.65143585205078,-41.70185089111328,-41.75420379638672,-41.80745315551758,-41.861446380615234,-41.91706848144531,-41.97360610961914,-42.0308952331543,-42.089515686035156,-42.14879608154297,-42.20871353149414,-42.2696647644043,-42.3309440612793,-42.392513275146484,-42.45437240600586,-42.51593017578125,-42.57744598388672,-42.638832092285156,-42.69984817504883,-42.760833740234375,-42.82160949707031,-42.88227462768555,-42.94295120239258,-43.00337600708008,-43.06368637084961,-43.123722076416016,-43.18339538574219,-43.24270248413086,-43.3013801574707,-43.35942840576172,-43.41664123535156,-43.47291946411133,-43.52815628051758,-43.582157135009766,-43.63491439819336,-43.68628692626953,-43.736289978027344,-43.78486633300781,-43.83204650878906,-43.87785720825195,-43.92228698730469,-43.96536636352539,-44.00702667236328,-44.047279357910156,-44.0860710144043,-44.123409271240234,-44.15927505493164,-44.19367218017578,-44.226585388183594,-44.25798797607422,-44.2878532409668,-44.31615447998047,-44.342891693115234,-44.368064880371094,-44.391700744628906,-44.41381072998047,-44.4344367980957,-44.45359420776367,-44.47134017944336,-44.487728118896484,-44.512794494628906,-44.5402717590332,-44.56852340698242,-44.59663009643555,-44.6240234375,-44.65034103393555,-44.67539978027344,-44.699153900146484,-44.72165298461914,-44.74300003051758,-44.763309478759766,-44.78268051147461,-44.801170349121094,-44.81881332397461,-44.83561706542969,-44.85158920288086,-44.86673355102539,-44.88106155395508,-44.89459228515625,-44.90736389160156,-44.91943359375,-44.93085479736328,-44.941707611083984,-44.952056884765625,-44.96198272705078,-44.9715461730957,-44.980804443359375,-44.989803314208984,-44.998573303222656,-45.00712966918945,-45.01548767089844,-45.023643493652344,-45.03159713745117,-45.03934097290039,-45.046871185302734,-45.0541877746582,-45.061283111572266,-45.06815719604492,-45.0748176574707,-45.08125686645508,-45.08749008178711,-45.093509674072266,-45.09932327270508,-45.10493087768555,-45.11033248901367,-45.11552810668945,-45.12051773071289,-45.125301361083984,-45.129878997802734,-45.13425827026367,-45.1384391784668,-45.14242172241211,-45.14622116088867,-45.149837493896484,-45.153282165527344,-45.15656280517578,-45.15968704223633,-45.16265869140625,-45.16548538208008,-45.16817855834961,-45.17074203491211,-45.17317581176758,-45.17549514770508,-45.177696228027344,-45.179786682128906,-45.18177032470703,-45.18365478515625,-45.18544387817383,-45.187137603759766,-45.18874740600586,-45.19027328491211,-45.19172286987305,-45.193092346191406,-45.194393157958984,-45.19562911987305,-45.196800231933594,-45.19791030883789,-45.19895935058594,-45.19995880126953,-45.200904846191406,-45.201805114746094,-45.202659606933594,-45.203468322753906,-45.20423889160156,-45.20497131347656,-45.20566940307617,-45.20633316040039,-45.206966400146484,-45.20757293701172,-45.20814895629883,-45.20869827270508,-45.209224700927734,-45.2097282409668,-45.210208892822266,-45.210670471191406,-45.21110916137695,-45.21153259277344,-45.21194076538086,-45.21232986450195,-45.212703704833984,-45.21306610107422,-45.213409423828125,-45.2137451171875,-45.21406555175781,-45.21437454223633,-45.21467208862305,-45.21495819091797,-45.215232849121094,-45.21549987792969,-45.21575927734375,-45.216007232666016,-45.216243743896484,-45.21647644042969,-45.21670150756836,-45.2169189453125,-45.217124938964844,-45.21732711791992,-45.217525482177734,-45.21771240234375,-45.2178955078125,-45.218074798583984,-45.21824645996094,-45.21841049194336,-45.21857452392578,-45.218727111816406,-45.21887969970703,-45.219024658203125,-45.21916580200195,-45.219303131103516,-45.21943664550781,-45.219566345214844,-45.21969223022461,-45.219810485839844,-45.21992874145508,-45.22004318237305,-45.22015380859375,-45.22026062011719,-45.22036361694336,-45.220462799072266,-45.22056198120117,-45.22065734863281,-45.22074890136719,-45.2208366394043,-45.220924377441406,-45.22100830078125,-45.22108840942383,-45.221168518066406,-45.22124481201172,-45.221317291259766,-45.22138977050781,-45.22146224975586,-45.22153091430664,-45.221595764160156,-45.22166061401367,-45.22172164916992,-45.22178268432617,-45.22184371948242,-45.221900939941406,-45.22195816040039,-45.22201156616211,-45.22206497192383,-45.22211837768555,-45.22216796875,-45.22221755981445,-45.22226333618164,-45.222312927246094,-45.222354888916016,-45.2224006652832,-45.22244644165039,-45.22248840332031,-45.222530364990234,-45.22256851196289,-45.22261047363281,-45.22264862060547,-45.222686767578125,-45.22272491455078,-45.22275924682617,-45.22279739379883,-45.22283172607422,-45.22286605834961,-45.222900390625,-45.22293472290039,-45.222965240478516,-45.222999572753906,-45.22303009033203,-45.22306442260742,-45.22309494018555,-45.22312545776367,-45.22315216064453,-45.223182678222656,-45.22321319580078,-45.223243713378906,-45.223270416259766,-45.223297119140625,-45.22332763671875,-45.22335433959961,-45.22338104248047,-45.22340774536133,-45.22343444824219,-45.22346115112305,-45.223487854003906,-45.223514556884766,-45.223541259765625,-45.223567962646484,-45.223594665527344,-45.22361755371094,-45.2236442565918,-45.22366714477539,-45.22369384765625,-45.22372055053711,-45.2237434387207,-45.2237663269043,-45.223793029785156,-45.22381591796875,-45.223838806152344,-45.2238655090332,-45.2238883972168,-45.22391128540039,-45.223934173583984,-45.22395706176758,-45.22397994995117,-45.224002838134766,-45.22402572631836,-45.22404861450195,-45.22407150268555,-45.22409439086914,-45.224117279052734,-45.22414016723633,-45.22416305541992,-45.22418212890625,-45.224205017089844,-45.22422790527344,-45.224246978759766,-45.22426986694336,-45.22428894042969,-45.22431182861328,-45.22433090209961,-45.22434997558594,-45.22437286376953,-45.22439193725586,-45.22441101074219,-45.224430084228516,-45.22445297241211,-45.22447204589844,-45.224491119384766,-45.224510192871094,-45.22452926635742,-45.22454833984375,-45.22456741333008,-45.224586486816406,-45.22460174560547,-45.2246208190918,-45.224639892578125,-45.22465896606445,-45.224674224853516,-45.224693298339844,-45.22471237182617,-45.224727630615234,-45.22474670410156,-45.224761962890625,-45.22478103637695,-45.224796295166016,-45.224815368652344,-45.224830627441406,-45.22484588623047,-45.2248649597168,-45.22488021850586,-45.22489547729492,-45.22491455078125,-45.22492980957031,-45.224945068359375,-45.22496032714844,-45.224979400634766,-45.22499465942383,-45.22500991821289,-45.22502517700195,-45.225040435791016,-45.22505569458008,-45.22507095336914,-45.2250862121582,-45.225101470947266,-45.22511672973633,-45.22513198852539,-45.22514724731445,-45.225162506103516,-45.22517395019531,-45.225189208984375,-45.225196838378906,-45.225196838378906,-45.22518539428711,-45.22513198852539,-45.2249870300293,-45.22465133666992,-45.22395324707031,-45.22285461425781,-45.22205352783203,-45.22296142578125,-45.22492599487305,-45.22514343261719,-45.22385025024414,-45.2238655090332,-45.225181579589844,-45.22514724731445,-45.22428894042969,-45.224761962890625,-45.225460052490234,-45.224945068359375,-45.22474670410156,-45.22539138793945,-45.2253532409668,-45.2249641418457,-45.22530746459961,-45.22553253173828,-45.2252197265625,-45.22529983520508,-45.225589752197266,-45.225433349609375,-45.22535705566406,-45.22559356689453,-45.225582122802734,-45.22545623779297,-45.2255973815918,-45.225669860839844,-45.22556686401367,-45.22561264038086,-45.2257194519043,-45.22566604614258,-45.22565460205078,-45.225746154785156,-45.225746154785156,-45.2257080078125,-45.225765228271484,-45.22580337524414,-45.225772857666016,-45.225791931152344,-45.2258415222168,-45.22583770751953,-45.225830078125,-45.225868225097656,-45.225887298583984,-45.22587966918945,-45.22589874267578,-45.22592544555664,-45.225929260253906,-45.22593307495117,-45.225955963134766,-45.22597122192383,-45.225975036621094,-45.22598648071289,-45.226009368896484,-45.226016998291016,-45.22602462768555,-45.22603988647461,-45.22605514526367,-45.2260627746582,-45.226070404052734,-45.22608947753906,-45.226097106933594,-45.22610855102539,-45.22611999511719,-45.22613525390625,-45.22614288330078,-45.22615432739258,-45.226165771484375,-45.22617721557617,-45.22618865966797,-45.226200103759766,-45.22621154785156,-45.22622299194336,-45.22623062133789,-45.22624206542969,-45.226253509521484,-45.22626495361328,-45.22627639770508,-45.226287841796875,-45.22629928588867,-45.22631072998047,-45.226318359375,-45.2263298034668,-45.226341247558594,-45.22635269165039,-45.22636032104492,-45.22637176513672,-45.226383209228516,-45.22639465332031,-45.22640609741211,-45.22641372680664,-45.22642517089844,-45.226436614990234,-45.22644805908203,-45.22645568847656,-45.22646713256836,-45.226478576660156,-45.22649002075195,-45.22650146484375,-45.22650909423828,-45.22652053833008,-45.226531982421875,-45.22654342651367,-45.2265510559082,-45.2265625,-45.2265739440918,-45.22658157348633,-45.226593017578125,-45.22660446166992,-45.22661590576172,-45.22662353515625,-45.22663497924805,-45.226646423339844,-45.22665786743164,-45.22666549682617,-45.22667694091797,-45.226688385009766,-45.2266960144043,-45.226707458496094,-45.22671890258789,-45.22673034667969,-45.22673797607422,-45.226749420166016,-45.22676086425781,-45.22677230834961,-45.22677993774414,-45.22679138183594,-45.226802825927734,-45.22681427001953,-45.22682189941406,-45.22683334350586,-45.226844787597656,-45.22685623168945,-45.226863861083984,-45.22687530517578,-45.22688674926758,-45.226898193359375,-45.22690963745117,-45.2269172668457,-45.2269287109375,-45.2269401550293,-45.226951599121094,-45.22696304321289,-45.22697067260742,-45.22698211669922,-45.226993560791016,-45.22700500488281,-45.22701644897461,-45.227027893066406,-45.2270393371582,-45.227046966552734,-45.22705841064453,-45.22706985473633,-45.227081298828125,-45.22709274291992,-45.22710418701172,-45.227115631103516,-45.22712707519531,-45.22713851928711,-45.227149963378906,-45.2271614074707,-45.2271728515625,-45.22718048095703,-45.22719192504883,-45.227203369140625,-45.22721481323242,-45.22722625732422,-45.227237701416016,-45.22725296020508,-45.227264404296875,-45.22727584838867,-45.22728729248047,-45.227298736572266,-45.22731018066406,-45.22732162475586,-45.227333068847656,-45.22734451293945,-45.22735595703125,-45.22736740112305,-45.22738265991211,-45.227394104003906,-45.2274055480957,-45.2274169921875,-45.2274284362793,-45.22744369506836,-45.227455139160156,-45.22746658325195,-45.22747802734375,-45.22749328613281,-45.22750473022461,-45.227516174316406,-45.22753143310547,-45.227542877197266,-45.22755432128906,-45.227569580078125,-45.22758102416992,-45.227596282958984,-45.22760772705078,-45.22761917114258,-45.22763442993164,-45.22764587402344,-45.2276611328125,-45.2276725769043,-45.22768783569336,-45.227699279785156,-45.22771453857422,-45.227725982666016,-45.22774124145508,-45.22775650024414,-45.22776794433594,-45.227783203125,-45.22779846191406,-45.22780990600586,-45.22782516479492,-45.227840423583984,-45.22785186767578,-45.227867126464844,-45.227882385253906,-45.22789764404297,-45.22791290283203,-45.22792434692383,-45.22793960571289,-45.22795486450195,-45.227970123291016,-45.22798538208008,-45.22800064086914,-45.2280158996582,-45.22802734375,-45.22804260253906,-45.228057861328125,-45.22806930541992,-45.22808074951172,-45.228084564208984,-45.228084564208984,-45.228065490722656,-45.228023529052734,-45.22793197631836,-45.227752685546875,-45.227447509765625,-45.22698211669922,-45.2264518737793,-45.226173400878906,-45.226566314697266,-45.22753143310547,-45.22825241088867,-45.22813415527344,-45.227561950683594,-45.22735595703125,-45.227806091308594,-45.228328704833984,-45.228302001953125,-45.227943420410156,-45.227874755859375,-45.22821044921875,-45.22846984863281,-45.22835159301758,-45.2281608581543,-45.228240966796875,-45.22848129272461,-45.228546142578125,-45.22842025756836,-45.22837448120117,-45.22850799560547,-45.22863006591797,-45.22860336303711,-45.22853469848633,-45.22857666015625,-45.22867965698242,-45.228721618652344,-45.22868347167969,-45.228675842285156,-45.228736877441406,-45.228797912597656,-45.22880554199219,-45.228790283203125,-45.22881317138672,-45.22886657714844,-45.22889709472656,-45.22889709472656,-45.228904724121094,-45.22893524169922,-45.228973388671875,-45.22899627685547,-45.229000091552734,-45.22901916503906,-45.22904968261719,-45.22908020019531,-45.229095458984375,-45.22911071777344,-45.229129791259766,-45.229156494140625,-45.229183197021484,-45.22920227050781,-45.229217529296875,-45.22924041748047,-45.22926330566406,-45.22929000854492,-45.22930908203125,-45.22932815551758,-45.22935104370117,-45.229373931884766,-45.22939682006836,-45.22941970825195,-45.22943878173828,-45.229461669921875,-45.22948455810547,-45.22950744628906,-45.229530334472656,-45.22955322265625,-45.22957229614258,-45.22959899902344,-45.22962188720703,-45.229644775390625,-45.22966766357422,-45.22969055175781,-45.229713439941406,-45.229736328125,-45.229759216308594,-45.22978210449219,-45.22980499267578,-45.22983169555664,-45.229854583740234,-45.22987747192383,-45.22990036010742,-45.22992706298828,-45.229949951171875,-45.22997283935547,-45.22999572753906,-45.23002243041992,-45.230045318603516,-45.230072021484375,-45.23009490966797,-45.23011779785156,-45.23014450073242,-45.230167388916016,-45.230194091796875,-45.23021697998047,-45.23024368286133,-45.23026657104492,-45.23029327392578,-45.23031997680664,-45.230342864990234,-45.230369567871094,-45.23039627075195,-45.23041915893555,-45.230445861816406,-45.230472564697266,-45.23049545288086,-45.23052215576172,-45.23054885864258,-45.23057556152344,-45.23059844970703,-45.23062515258789,-45.23065185546875,-45.23067855834961,-45.23070526123047,-45.23072814941406,-45.23075485229492,-45.23078155517578,-45.23080825805664,-45.2308349609375,-45.23086166381836,-45.23088836669922,-45.23091506958008,-45.23094177246094,-45.2309684753418,-45.230995178222656,-45.231021881103516,-45.231048583984375,-45.231075286865234,-45.231101989746094,-45.23112869262695,-45.23115539550781,-45.23118209838867,-45.23120880126953,-45.23123550415039,-45.23126220703125,-45.23128890991211,-45.23131561279297,-45.23134231567383,-45.23136901855469,-45.23139572143555,-45.23142623901367,-45.23145294189453,-45.23147964477539,-45.23150634765625,-45.23153305053711,-45.23155975341797,-45.23158645629883,-45.23161315917969,-45.23164367675781,-45.23167037963867,-45.23169708251953,-45.23172378540039,-45.23175048828125,-45.23177719116211,-45.23180389404297,-45.231834411621094,-45.23186111450195,-45.23188781738281,-45.23191452026367,-45.23194122314453,-45.23196792602539,-45.23199462890625,-45.232025146484375,-45.232051849365234,-45.232078552246094,-45.23210525512695,-45.23213195800781,-45.23215866088867,-45.23218536376953,-45.23221206665039,-45.23223876953125,-45.23226547241211,-45.232295989990234,-45.232322692871094,-45.23234939575195,-45.23237609863281,-45.23240280151367,-45.23242950439453,-45.23245620727539,-45.23248291015625,-45.23250961303711,-45.23253631591797,-45.23256301879883,-45.23258972167969,-45.23261642456055,-45.232643127441406,-45.232666015625,-45.23269271850586,-45.23271942138672,-45.23274230957031,-45.23276901245117,-45.2327880859375,-45.23280715942383,-45.232818603515625,-45.232818603515625,-45.2327995300293,-45.232749938964844,-45.232635498046875,-45.232425689697266,-45.23208236694336,-45.23159408569336,-45.23109817504883,-45.230926513671875,-45.23142623901367,-45.23241424560547,-45.23311233520508,-45.23301696777344,-45.23247146606445,-45.232215881347656,-45.23258972167969,-45.233150482177734,-45.233280181884766,-45.23297882080078,-45.23278045654297,-45.23299026489258,-45.23333740234375,-45.233402252197266,-45.23321533203125,-45.23313522338867,-45.233306884765625,-45.2335090637207,-45.23351287841797,-45.233402252197266,-45.2333984375,-45.23353576660156,-45.233646392822266,-45.23362731933594,-45.23357391357422,-45.233604431152344,-45.23370361328125,-45.233760833740234,-45.23374557495117,-45.23373031616211,-45.23377227783203,-45.23384094238281,-45.23387145996094,-45.23386764526367,-45.23387145996094,-45.233909606933594,-45.23395919799805,-45.23398208618164,-45.233985900878906,-45.23400115966797,-45.234031677246094,-45.23406982421875,-45.234092712402344,-45.234100341796875,-45.2341194152832,-45.23414611816406,-45.23417663574219,-45.234195709228516,-45.23421096801758,-45.234230041503906,-45.2342529296875,-45.23427963256836,-45.23429870605469,-45.234317779541016,-45.23433303833008,-45.23435592651367,-45.234378814697266,-45.234397888183594,-45.23441696166992,-45.234432220458984,-45.23445510864258,-45.234474182128906,-45.234493255615234,-45.23451232910156,-45.23453140258789,-45.23455047607422,-45.23456954956055,-45.234588623046875,-45.23460388183594,-45.234622955322266,-45.234642028808594,-45.234657287597656,-45.234676361083984,-45.23469543457031,-45.234710693359375,-45.2347297668457,-45.234745025634766,-45.234764099121094,-45.234779357910156,-45.234798431396484,-45.23481369018555,-45.23482894897461,-45.23484802246094,-45.23486328125,-45.23487854003906,-45.23489761352539,-45.23491287231445,-45.234928131103516,-45.23494338989258,-45.23495864868164,-45.2349739074707,-45.234989166259766,-45.23500442504883,-45.23501968383789,-45.23503494262695,-45.235050201416016,-45.23506546020508,-45.23508071899414,-45.2350959777832,-45.235107421875,-45.23512268066406,-45.235137939453125,-45.23514938354492,-45.235164642333984,-45.23517990112305,-45.235191345214844,-45.235206604003906,-45.2352180480957,-45.235233306884766,-45.23524475097656,-45.235260009765625,-45.23527145385742,-45.235286712646484,-45.23529815673828,-45.23530960083008,-45.23532485961914,-45.23533630371094,-45.235347747802734,-45.23535919189453,-45.23537063598633,-45.235382080078125,-45.23539733886719,-45.235408782958984,-45.23542022705078,-45.23543167114258,-45.235443115234375,-45.23545455932617,-45.23546600341797,-45.235477447509766,-45.2354850769043,-45.235496520996094,-45.23550796508789,-45.23551940917969,-45.235530853271484,-45.235538482666016,-45.23554992675781,-45.23556137084961,-45.235572814941406,-45.23558044433594,-45.235591888427734,-45.235599517822266,-45.23561096191406,-45.235618591308594,-45.23563003540039,-45.23563766479492,-45.23564910888672,-45.23565673828125,-45.23566818237305,-45.23567581176758,-45.235687255859375,-45.235694885253906,-45.23570251464844,-45.23571014404297,-45.235721588134766,-45.2357292175293,-45.23573684692383,-45.23574447631836,-45.235755920410156,-45.23576354980469,-45.23577117919922,-45.23577880859375,-45.23578643798828,-45.23579406738281,-45.235801696777344,-45.235809326171875,-45.235816955566406,-45.23582458496094,-45.23583221435547,-45.23583984375,-45.23584747314453,-45.23585510253906,-45.235862731933594,-45.235870361328125,-45.23587417602539
-33.929359436035156,-34.083736419677734,-34.235347747802734,-34.38359832763672,-34.52849197387695,-34.67055130004883,-34.81029510498047,-34.94794464111328,-35.08349609375,-35.21697235107422,-35.348514556884766,-35.478328704833984,-35.60660171508789,-35.73347473144531,-35.85908508300781,-35.98360061645508,-36.1071891784668,-36.22996139526367,-36.351959228515625,-36.473175048828125,-36.593570709228516,-36.713104248046875,-36.83175277709961,-36.94957733154297,-37.066715240478516,-37.18333053588867,-37.299530029296875,-37.415252685546875,-37.53023910522461,-37.64405059814453,-37.756103515625,-37.86579132080078,-37.972599029541016,-38.076229095458984,-38.17671203613281,-38.274383544921875,-38.369773864746094,-38.4633674621582,-38.55546569824219,-38.646114349365234,-38.735233306884766,-38.822723388671875,-38.90854263305664,-38.992698669433594,-39.07521057128906,-39.15604782104492,-39.23515701293945,-39.31249237060547,-39.388065338134766,-39.46189498901367,-39.53398895263672,-39.604278564453125,-39.67265701293945,-39.738975524902344,-39.80311965942383,-39.86500930786133,-39.924598693847656,-39.981876373291016,-40.036869049072266,-40.08965301513672,-40.14036178588867,-40.18914794921875,-40.236114501953125,-40.28133010864258,-40.324851989746094,-40.36677551269531,-40.40723419189453,-40.45010757446289,-40.495365142822266,-40.541629791259766,-40.588382720947266,-40.63515853881836,-40.68159103393555,-40.727455139160156,-40.77257537841797,-40.81673812866211,-40.85978698730469,-40.901649475097656,-40.942291259765625,-40.98165512084961,-41.019691467285156,-41.05638122558594,-41.091732025146484,-41.12574005126953,-41.15842819213867,-41.1898193359375,-41.219932556152344,-41.248779296875,-41.2763671875,-41.302711486816406,-41.32783126831055,-41.35173034667969,-41.374420166015625,-41.39592742919922,-41.416282653808594,-41.435523986816406,-41.45368576049805,-41.470821380615234,-41.48698043823242,-41.50222396850586,-41.516605377197266,-41.530174255371094,-41.54299545288086,-41.55512237548828,-41.56660842895508,-41.58298110961914,-41.60114669799805,-41.62031173706055,-41.64007568359375,-41.66016387939453,-41.680389404296875,-41.70061492919922,-41.72075271606445,-41.740745544433594,-41.76055908203125,-41.780174255371094,-41.79957580566406,-41.818756103515625,-41.837711334228516,-41.8564453125,-41.87496566772461,-41.89327621459961,-41.91138458251953,-41.929298400878906,-41.947025299072266,-41.96456527709961,-41.98193359375,-41.99913787841797,-42.01618576049805,-42.033084869384766,-42.049842834472656,-42.066463470458984,-42.082950592041016,-42.09930419921875,-42.11552810668945,-42.131614685058594,-42.14756393432617,-42.163368225097656,-42.179019927978516,-42.19450759887695,-42.20981979370117,-42.22494888305664,-42.239898681640625,-42.25468063354492,-42.26932907104492,-42.28389358520508,-42.29844284057617,-42.31304931640625,-42.32777786254883,-42.34269714355469,-42.35787582397461,-42.37337875366211,-42.38926315307617,-42.40559005737305,-42.42240524291992,-42.43975830078125,-42.45766830444336,-42.47616195678711,-42.4952392578125,-42.514892578125,-42.535099029541016,-42.55582046508789,-42.577022552490234,-42.598655700683594,-42.62066650390625,-42.643009185791016,-42.6656379699707,-42.688507080078125,-42.71158218383789,-42.734825134277344,-42.758209228515625,-42.781700134277344,-42.80525588989258,-42.82883071899414,-42.852359771728516,-42.875770568847656,-42.898983001708984,-42.921897888183594,-42.94442367553711,-42.966461181640625,-42.98793411254883,-43.00877380371094,-43.028926849365234,-43.048362731933594,-43.06707000732422,-43.085060119628906,-43.10234069824219,-43.11893844604492,-43.1348876953125,-43.15020751953125,-43.1649284362793,-43.17908477783203,-43.192691802978516,-43.20578384399414,-43.2183837890625,-43.23052215576172,-43.242218017578125,-43.25349807739258,-43.264381408691406,-43.27488327026367,-43.28501510620117,-43.29478073120117,-43.30418014526367,-43.31321716308594,-43.32189178466797,-43.330196380615234,-43.338134765625,-43.345706939697266,-43.3529167175293,-43.359764099121094,-43.36625671386719,-43.37240219116211,-43.37820053100586,-43.383663177490234,-43.3887939453125,-43.39360427856445,-43.398101806640625,-43.40229797363281,-43.40620422363281,-43.40983200073242,-43.4131965637207,-43.41630935668945,-43.41918182373047,-43.42182922363281,-43.42426681518555,-43.42650604248047,-43.42855453491211,-43.43042755126953,-43.4321403503418,-43.43370056152344,-43.43511962890625,-43.43640899658203,-43.43758010864258,-43.43864440917969,-43.439605712890625,-43.44047546386719,-43.44126510620117,-43.44197463989258,-43.44261932373047,-43.443199157714844,-43.4437255859375,-43.44419860839844,-43.44462966918945,-43.44501876831055,-43.445369720458984,-43.4456901550293,-43.445980072021484,-43.44624328613281,-43.44648361206055,-43.44670486450195,-43.44690704345703,-43.44709014892578,-43.44725799560547,-43.44741439819336,-43.44755935668945,-43.44769287109375,-43.44781494140625,-43.447933197021484,-43.44804000854492,-43.44813919067383,-43.44823455810547,-43.448326110839844,-43.44841003417969,-43.448490142822266,-43.44856643676758,-43.448638916015625,-43.44871139526367,-43.44878005981445,-43.44884490966797,-43.44890594482422,-43.448970794677734,-43.44902801513672,-43.44908905029297,-43.44914627075195,-43.44919967651367,-43.449256896972656,-43.449310302734375,-43.449363708496094,-43.44941711425781,-43.449466705322266,-43.449520111083984,-43.44956970214844,-43.44961929321289,-43.449668884277344,-43.44971466064453,-43.449764251708984,-43.44981002807617,-43.449859619140625,-43.44990539550781,-43.449951171875,-43.44999694824219,-43.450042724609375,-43.45008850097656,-43.45013427734375,-43.45018005371094,-43.45022201538086,-43.45026779174805,-43.45030975341797,-43.450355529785156,-43.45039749145508,-43.450439453125,-43.45048522949219,-43.45052719116211,-43.45056915283203,-43.45061111450195,-43.450653076171875,-43.45069122314453,-43.45073318481445,-43.450775146484375,-43.45081329345703,-43.45085525512695,-43.45089340209961,-43.45093536376953,-43.45097351074219,-43.451011657714844,-43.4510498046875,-43.45109176635742,-43.45112991333008,-43.451168060302734,-43.451202392578125,-43.45124053955078,-43.45127868652344,-43.451316833496094,-43.451351165771484,-43.45138931274414,-43.45142364501953,-43.45146179199219,-43.45149612426758,-43.45153045654297,-43.45156478881836,-43.451602935791016,-43.451637268066406,-43.4516716003418,-43.45170211791992,-43.45173645019531,-43.4517707824707,-43.451805114746094,-43.45183563232422,-43.45186996459961,-43.451904296875,-43.451934814453125,-43.45196533203125,-43.45199966430664,-43.452030181884766,-43.45206069946289,-43.452091217041016,-43.45212173461914,-43.452152252197266,-43.45218276977539,-43.452213287353516,-43.45224380493164,-43.452274322509766,-43.452301025390625,-43.45233154296875,-43.45235824584961,-43.452388763427734,-43.452415466308594,-43.45244598388672,-43.45247268676758,-43.45249938964844,-43.4525260925293,-43.45255661010742,-43.45258331298828,-43.45261001586914,-43.45263671875,-43.45266342163086,-43.45268630981445,-43.45271301269531,-43.45273971557617,-43.45276641845703,-43.452789306640625,-43.452816009521484,-43.45283889770508,-43.45286560058594,-43.45288848876953,-43.452911376953125,-43.452938079833984,-43.45296096801758,-43.45298385620117,-43.453006744384766,-43.45302963256836,-43.45305252075195,-43.45307540893555,-43.45309829711914,-43.453121185302734,-43.45314407348633,-43.453163146972656,-43.45318603515625,-43.453208923339844,-43.45322799682617,-43.453250885009766,-43.453269958496094,-43.45329284667969,-43.453311920166016,-43.453330993652344,-43.45335388183594,-43.453372955322266,-43.453392028808594,-43.45341110229492,-43.45343017578125,-43.45344924926758,-43.453468322753906,-43.453487396240234,-43.45350646972656,-43.45352554321289,-43.45354461669922,-43.45355987548828,-43.45357894897461,-43.45359802246094,-43.45361328125,-43.45363235473633,-43.45364761352539,-43.45366668701172,-43.45368194580078,-43.45370101928711,-43.45371627807617,-43.453731536865234,-43.45375061035156,-43.453765869140625,-43.45378112792969,-43.45379638671875,-43.45381164550781,-43.453826904296875,-43.45384216308594,-43.453857421875,-43.45387268066406,-43.453887939453125,-43.45390319824219,-43.45391845703125,-43.45392990112305,-43.45394515991211,-43.45396041870117,-43.453975677490234,-43.45398712158203,-43.454002380371094,-43.45401382446289,-43.45402908325195,-43.45404052734375,-43.45405578613281,-43.45406723022461,-43.454078674316406,-43.45409393310547,-43.454105377197266,-43.45411682128906,-43.45412826538086,-43.45414352416992,-43.45415496826172,-43.454166412353516,-43.45417785644531,-43.45418930053711,-43.454200744628906,-43.4542121887207,-43.4542236328125,-43.4542350769043,-43.454246520996094,-43.45425796508789,-43.45426559448242,-43.45427703857422,-43.454288482666016,-43.45429992675781,-43.454307556152344,-43.45431900024414,-43.45433044433594,-43.45433807373047,-43.454349517822266,-43.4543571472168,-43.454368591308594,-43.454376220703125,-43.45438766479492,-43.45439529418945,-43.45440673828125,-43.45441436767578,-43.45442581176758,-43.45443344116211,-43.45444107055664,-43.45444869995117,-43.45446014404297,-43.4544677734375,-43.45447540283203,-43.45448303222656,-43.454490661621094,-43.45450210571289,-43.45450973510742,-43.45451736450195,-43.454524993896484,-43.454532623291016,-43.45454025268555,-43.45454788208008,-43.45455551147461,-43.45456314086914,-43.45457077026367,-43.45457458496094
-34.85467529296875,-34.968502044677734,-35.0799674987793,-35.1887321472168,-35.29464340209961,-35.39787292480469,-35.49888229370117,-35.59817123413086,-35.69602966308594,-35.7926025390625,-35.88801956176758,-35.982460021972656,-36.07615280151367,-36.16926574707031,-36.261863708496094,-36.35386657714844,-36.44509506225586,-36.535274505615234,-36.62411117553711,-36.71133804321289,-36.79681396484375,-36.88059997558594,-36.962982177734375,-37.04446029663086,-37.1256103515625,-37.20692443847656,-37.28879928588867,-37.37156677246094,-37.45539093017578,-37.54013442993164,-37.62538528442383,-37.71060562133789,-37.79536437988281,-37.879600524902344,-37.963382720947266,-38.04647445678711,-38.12839126586914,-38.208744049072266,-38.28758239746094,-38.365047454833984,-38.440982818603516,-38.51506423950195,-38.587135314941406,-38.65721893310547,-38.725257873535156,-38.79095458984375,-38.85398864746094,-38.91424560546875,-38.971824645996094,-39.0268669128418,-39.07952117919922,-39.129974365234375,-39.17843246459961,-39.225067138671875,-39.26991653442383,-39.31293487548828,-39.35405349731445,-39.39329147338867,-39.43073654174805,-39.46653747558594,-39.500850677490234,-39.5338020324707,-39.56543731689453,-39.59575653076172,-39.634971618652344,-39.678367614746094,-39.72450637817383,-39.77263641357422,-39.82231140136719,-39.87321090698242,-39.925086975097656,-39.97771453857422,-40.03086471557617,-40.08430480957031,-40.13779830932617,-40.19110870361328,-40.24398422241211,-40.29615783691406,-40.34732437133789,-40.39716339111328,-40.4453239440918,-40.491477966308594,-40.53532409667969,-40.5766487121582,-40.615352630615234,-40.6514778137207,-40.68525695800781,-40.717098236083984,-40.74753189086914,-40.777156829833984,-40.8065071105957,-40.83598709106445,-40.86583709716797,-40.8961181640625,-40.92677307128906,-40.957664489746094,-40.988609313964844,-41.019432067871094,-41.04998779296875,-41.08020782470703,-41.110084533691406,-41.13969802856445,-41.16918182373047,-41.198692321777344,-41.22836685180664,-41.25828552246094,-41.288429260253906,-41.318695068359375,-41.348880767822266,-41.378726959228516,-41.40795135498047,-41.436279296875,-41.463478088378906,-41.4893684387207,-41.51384353637695,-41.536869049072266,-41.558467864990234,-41.578697204589844,-41.59764862060547,-41.61540222167969,-41.63204574584961,-41.64765167236328,-41.662296295166016,-41.67603302001953,-41.68892288208008,-41.70103073120117,-41.727298736572266,-41.758487701416016,-41.79277420043945,-41.82917022705078,-41.86701965332031,-41.905845642089844,-41.945274353027344,-41.985023498535156,-42.02486038208008,-42.06460189819336,-42.1041145324707,-42.143306732177734,-42.18210220336914,-42.220462799072266,-42.258358001708984,-42.2957763671875,-42.33270263671875,-42.36912536621094,-42.405025482177734,-42.44038772583008,-42.475196838378906,-42.509429931640625,-42.54307174682617,-42.57610321044922,-42.6085205078125,-42.64031219482422,-42.671478271484375,-42.7020149230957,-42.73192596435547,-42.76122283935547,-42.7899055480957,-42.817989349365234,-42.84548568725586,-42.872398376464844,-42.89875030517578,-42.92454528808594,-42.949798583984375,-42.97452163696289,-42.99871826171875,-43.022396087646484,-43.04555892944336,-43.068206787109375,-43.090335845947266,-43.1119384765625,-43.13301086425781,-43.15353775024414,-43.17351150512695,-43.19291687011719,-43.21173095703125,-43.229942321777344,-43.247528076171875,-43.264461517333984,-43.280723571777344,-43.296287536621094,-43.311134338378906,-43.32524490356445,-43.338600158691406,-43.35118103027344,-43.36298370361328,-43.374000549316406,-43.38423156738281,-43.3936882019043,-43.402381896972656,-43.41032791137695,-43.41755294799805,-43.42408752441406,-43.42996597290039,-43.43523025512695,-43.439918518066406,-43.44407653808594,-43.44774627685547,-43.45097732543945,-43.45381164550781,-43.4562873840332,-43.45845413208008,-43.46034240722656,-43.46199035644531,-43.46342849731445,-43.464683532714844,-43.46578598022461,-43.46675491333008,-43.46760940551758,-43.468360900878906,-43.469032287597656,-43.469627380371094,-43.47016143798828,-43.47063446044922,-43.47106170654297,-43.4714469909668,-43.4717903137207,-43.47209930419922,-43.472373962402344,-43.472625732421875,-43.47284698486328,-43.47304916381836,-43.473228454589844,-43.473388671875,-43.473533630371094,-43.47366714477539,-43.473785400390625,-43.47389602661133,-43.473995208740234,-43.474090576171875,-43.474178314208984,-43.47425842285156,-43.47433853149414,-43.47441482543945,-43.4744873046875,-43.47455978393555,-43.47462844848633,-43.47469711303711,-43.47476577758789,-43.47483444213867,-43.47489929199219,-43.4749641418457,-43.47502899169922,-43.47509002685547,-43.475154876708984,-43.47521209716797,-43.47527313232422,-43.4753303527832,-43.47538757324219,-43.47544479370117,-43.47549819946289,-43.475547790527344,-43.47560119628906,-43.475650787353516,-43.4756965637207,-43.475746154785156,-43.475791931152344,-43.475833892822266,-43.47587966918945,-43.475921630859375,-43.4759635925293,-43.47600173950195,-43.476043701171875,-43.47608184814453,-43.47611999511719,-43.476158142089844,-43.4761962890625,-43.476234436035156,-43.47626876831055,-43.4763069152832,-43.476341247558594,-43.47637939453125,-43.47641372680664,-43.47644805908203,-43.47648239135742,-43.47652053833008,-43.47655487060547,-43.47658920288086,-43.47662353515625,-43.476654052734375,-43.476688385009766,-43.476722717285156,-43.47675704956055,-43.47678756713867,-43.47682189941406,-43.47685241699219,-43.47688674926758,-43.4769172668457,-43.476951599121094,-43.47698211669922,-43.477012634277344,-43.47704315185547,-43.477073669433594,-43.47710418701172,-43.477134704589844,-43.47716522216797,-43.477195739746094,-43.47722625732422,-43.477256774902344,-43.4772834777832,-43.47731399536133,-43.47734451293945,-43.47737121582031,-43.47740173339844,-43.4774284362793,-43.477455139160156,-43.47748565673828,-43.47751235961914,-43.4775390625,-43.47756576538086,-43.47759246826172,-43.47761917114258,-43.47764587402344,-43.4776725769043,-43.477699279785156,-43.477725982666016,-43.477752685546875,-43.47777557373047,-43.47780227661133,-43.47782897949219,-43.47785186767578,-43.47787857055664,-43.477901458740234,-43.47792434692383,-43.47795104980469,-43.47797393798828,-43.477996826171875,-43.478023529052734,-43.47804641723633,-43.47806930541992,-43.478092193603516,-43.47811508178711,-43.4781379699707,-43.4781608581543,-43.47818374633789,-43.478206634521484,-43.47822570800781,-43.478248596191406,-43.478271484375,-43.47829055786133,-43.47831344604492,-43.478336334228516,-43.478355407714844,-43.47837829589844,-43.478397369384766,-43.478416442871094,-43.47843933105469,-43.478458404541016,-43.478477478027344,-43.47850036621094,-43.478519439697266,-43.478538513183594,-43.47855758666992,-43.47857666015625,-43.47859573364258,-43.478614807128906,-43.478633880615234,-43.47865295410156,-43.47867202758789,-43.47869110107422,-43.47870635986328,-43.47872543334961,-43.47874450683594,-43.478763580322266,-43.47877883911133,-43.478797912597656,-43.47881317138672,-43.47883224487305,-43.47884750366211,-43.47886657714844,-43.4788818359375,-43.47889709472656,-43.47891616821289,-43.47893142700195,-43.478946685791016,-43.478965759277344,-43.478981018066406,-43.47899627685547,-43.47901153564453,-43.479026794433594,-43.479042053222656,-43.47905731201172,-43.47907257080078,-43.479087829589844,-43.479103088378906,-43.47911834716797,-43.47913360595703,-43.479148864746094,-43.47916030883789,-43.47917556762695,-43.479190826416016,-43.47920608520508,-43.479217529296875,-43.47923278808594,-43.479248046875,-43.4792594909668,-43.47927474975586,-43.479286193847656,-43.47930145263672,-43.479312896728516,-43.47932815551758,-43.479339599609375,-43.47935104370117,-43.479366302490234,-43.47937774658203,-43.47938919067383,-43.47940444946289,-43.47941589355469,-43.479427337646484,-43.47943878173828,-43.47945022583008,-43.479461669921875,-43.47947692871094,-43.479488372802734,-43.47949981689453,-43.47951126098633,-43.479522705078125,-43.47953414916992,-43.47954559326172,-43.479557037353516,-43.47956466674805,-43.479576110839844,-43.47958755493164,-43.47959899902344,-43.479610443115234,-43.47962188720703,-43.47962951660156,-43.47964096069336,-43.479652404785156,-43.47966384887695,-43.479671478271484,-43.47968292236328,-43.47969055175781,-43.47970199584961,-43.479713439941406,-43.47972106933594,-43.479732513427734,-43.479740142822266,-43.47975158691406,-43.479759216308594,-43.47977066040039,-43.47977828979492,-43.47978973388672,-43.47979736328125,-43.47980499267578,-43.47981643676758,-43.47982406616211,-43.47983169555664,-43.47984313964844,-43.47985076904297,-43.4798583984375,-43.47986602783203,-43.47987747192383,-43.47988510131836,-43.47989273071289,-43.47990036010742,-43.47990798950195,-43.479915618896484,-43.47992706298828,-43.47993469238281,-43.479942321777344,-43.479949951171875,-43.479957580566406,-43.47996520996094,-43.47997283935547,-43.47998046875,-43.47998809814453,-43.47999572753906,-43.480003356933594,-43.480010986328125,-43.480018615722656,-43.48002243041992
-32.82712173461914,-32.96128845214844,-33.0948371887207,-33.23075866699219,-33.3675651550293,-33.50419616699219,-33.642879486083984,-33.786041259765625,-33.93494415283203,-34.09076690673828,-34.254638671875,-34.42668151855469,-34.60554885864258,-34.789974212646484,-34.98232650756836,-35.18748474121094,-35.40686798095703,-35.63811492919922,-35.877235412597656,-36.12215042114258,-36.37649917602539,-36.642852783203125,-36.91550064086914,-37.18602752685547,-37.45378112792969,-37.72290802001953,-37.988319396972656,-38.24171447753906,-38.48613739013672,-38.727386474609375,-38.95998001098633,-39.179988861083984,-39.39314651489258,-39.59819412231445,-39.78874969482422,-39.96989059448242,-40.144798278808594,-40.310035705566406,-40.47187423706055,-40.634281158447266,-40.794044494628906,-40.95568084716797,-41.11798858642578,-41.27583694458008,-41.430564880371094,-41.57636260986328,-41.711612701416016,-41.83708572387695,-41.94987106323242,-42.05412673950195,-42.149261474609375,-42.23767852783203,-42.32100296020508,-42.39863967895508,-42.47282409667969,-42.54174041748047,-42.60726547241211,-42.66817855834961,-42.722232818603516,-42.77537155151367,-42.8267936706543,-42.877010345458984,-42.92516326904297,-42.97229766845703,-43.017913818359375,-43.06254196166992,-43.106101989746094,-43.14841842651367,-43.18978500366211,-43.22981262207031,-43.269046783447266,-43.30718231201172,-43.34468460083008,-43.381256103515625,-43.41703796386719,-43.45177459716797,-43.485477447509766,-43.51814270019531,-43.549903869628906,-43.58098602294922,-43.61149978637695,-43.641578674316406,-43.671112060546875,-43.7000732421875,-43.72827911376953,-43.75574493408203,-43.78239440917969,-43.8083381652832,-43.833553314208984,-43.85810470581055,-43.88194274902344,-43.90506362915039,-43.92742919921875,-43.949039459228516,-43.96990203857422,-43.99002456665039,-44.009429931640625,-44.02809524536133,-44.04603958129883,-44.063236236572266,-44.0797119140625,-44.095458984375,-44.110511779785156,-44.1248664855957,-44.138553619384766,-44.151580810546875,-44.16395950317383,-44.17570114135742,-44.19654083251953,-44.220184326171875,-44.245079040527344,-44.270355224609375,-44.29546356201172,-44.3200569152832,-44.343936920166016,-44.367000579833984,-44.38923645019531,-44.410682678222656,-44.43141555786133,-44.451499938964844,-44.47100830078125,-44.489959716796875,-44.50837326049805,-44.52622985839844,-44.54350662231445,-44.5601692199707,-44.576202392578125,-44.591590881347656,-44.60633087158203,-44.62042999267578,-44.633907318115234,-44.646793365478516,-44.65911865234375,-44.670936584472656,-44.682289123535156,-44.69322967529297,-44.70380783081055,-44.71406936645508,-44.72406768798828,-44.73384094238281,-44.74342727661133,-44.752872467041016,-44.76219940185547,-44.77143859863281,-44.780616760253906,-44.78975296020508,-44.79887008666992,-44.807987213134766,-44.81711959838867,-44.82628631591797,-44.83549880981445,-44.84477996826172,-44.85413360595703,-44.86357498168945,-44.87311553955078,-44.88275909423828,-44.89250564575195,-44.9023551940918,-44.91230773925781,-44.9223518371582,-44.93247985839844,-44.94267654418945,-44.95293045043945,-44.96322250366211,-44.97353744506836,-44.98385238647461,-44.994144439697266,-45.004398345947266,-45.014583587646484,-45.02467346191406,-45.03464889526367,-45.04447555541992,-45.05413055419922,-45.0635871887207,-45.07281494140625,-45.081790924072266,-45.090492248535156,-45.09889602661133,-45.10697937011719,-45.114723205566406,-45.12211608886719,-45.1291389465332,-45.135780334472656,-45.14203643798828,-45.14790344238281,-45.153377532958984,-45.1584587097168,-45.16315841674805,-45.16748046875,-45.17143630981445,-45.1750373840332,-45.17830276489258,-45.18124771118164,-45.18389129638672,-45.18625259399414,-45.188350677490234,-45.190208435058594,-45.19184875488281,-45.19328308105469,-45.194541931152344,-45.19563674926758,-45.19658660888672,-45.197410583496094,-45.1981201171875,-45.19873809814453,-45.19926834106445,-45.199729919433594,-45.20012664794922,-45.20047378540039,-45.20077896118164,-45.201045989990234,-45.20128631591797,-45.20150375366211,-45.20170211791992,-45.20188522338867,-45.20206069946289,-45.20222854614258,-45.202388763427734,-45.202552795410156,-45.20271301269531,-45.20287322998047,-45.203033447265625,-45.20319747924805,-45.20336151123047,-45.203529357910156,-45.20370101928711,-45.20387268066406,-45.20404815673828,-45.2042236328125,-45.20439910888672,-45.2045783996582,-45.20475387573242,-45.20492935180664,-45.20510482788086,-45.20528030395508,-45.20545196533203,-45.20561981201172,-45.205787658691406,-45.205955505371094,-45.20611572265625,-45.206275939941406,-45.20643615722656,-45.20658874511719,-45.20674133300781,-45.20689010620117,-45.20703887939453,-45.20718002319336,-45.20732116699219,-45.207462310791016,-45.20759963989258,-45.207733154296875,-45.20786666870117,-45.20800018310547,-45.2081298828125,-45.208255767822266,-45.20838165283203,-45.2085075378418,-45.2086296081543,-45.2087516784668,-45.2088737487793,-45.20899200439453,-45.2091064453125,-45.20922088623047,-45.209327697753906,-45.20942306518555,-45.20948028564453,-45.2094612121582,-45.20925521850586,-45.20869827270508,-45.207801818847656,-45.207462310791016,-45.20884323120117,-45.2103157043457,-45.20977783203125,-45.20903015136719,-45.21003341674805,-45.210750579833984,-45.21004867553711,-45.210182189941406,-45.211055755615234,-45.210811614990234,-45.21061325073242,-45.21128845214844,-45.211334228515625,-45.21108627319336,-45.211551666259766,-45.21173095703125,-45.21152877807617,-45.21183776855469,-45.21206283569336,-45.21193313598633,-45.21213150024414,-45.21236801147461,-45.21229934692383,-45.21242904663086,-45.21265411376953,-45.21263885498047,-45.21272659301758,-45.21292495727539,-45.21295928955078,-45.213016510009766,-45.21318817138672,-45.2132568359375,-45.21330261230469,-45.21344757080078,-45.213539123535156,-45.213584899902344,-45.21370315551758,-45.21380615234375,-45.21385955810547,-45.21395492553711,-45.21406173706055,-45.21412658691406,-45.214202880859375,-45.21430969238281,-45.214385986328125,-45.214454650878906,-45.21455001831055,-45.21463394165039,-45.21470260620117,-45.214786529541016,-45.214874267578125,-45.21494674682617,-45.21501922607422,-45.21510314941406,-45.21518325805664,-45.21525192260742,-45.21533203125,-45.21541213989258,-45.21548080444336,-45.215553283691406,-45.215633392333984,-45.21570587158203,-45.21577835083008,-45.215850830078125,-45.21592330932617,-45.21599578857422,-45.216064453125,-45.21613693237305,-45.21620559692383,-45.21627426147461,-45.21634292602539,-45.21641540527344,-45.21648406982422,-45.216548919677734,-45.216617584228516,-45.2166862487793,-45.21675109863281,-45.21681594848633,-45.216880798339844,-45.216949462890625,-45.21701431274414,-45.21707534790039,-45.217140197753906,-45.21720504760742,-45.21726608276367,-45.21733093261719,-45.21739196777344,-45.21745300292969,-45.21751403808594,-45.21757507324219,-45.21763610839844,-45.21769714355469,-45.21775817871094,-45.21781539916992,-45.21787643432617,-45.217933654785156,-45.21799087524414,-45.218048095703125,-45.21810531616211,-45.218162536621094,-45.21821975708008,-45.21827697753906,-45.21833038330078,-45.218387603759766,-45.218441009521484,-45.2184944152832,-45.21855163574219,-45.218605041503906,-45.218658447265625,-45.218711853027344,-45.2187614440918,-45.218814849853516,-45.218868255615234,-45.21891784667969,-45.218971252441406,-45.21902084350586,-45.21907043457031,-45.219120025634766,-45.21916961669922,-45.21921920776367,-45.219268798828125,-45.21931838989258,-45.21936798095703,-45.21941375732422,-45.21946334838867,-45.21950912475586,-45.21955490112305,-45.2196044921875,-45.21965026855469,-45.219696044921875,-45.21974182128906,-45.21978759765625,-45.21982955932617,-45.21987533569336,-45.21992111206055,-45.21996307373047,-45.220008850097656,-45.22005081176758,-45.2200927734375,-45.22013854980469,-45.22018051147461,-45.22022247314453,-45.22026443481445,-45.22030258178711,-45.22034454345703,-45.22038650512695,-45.220428466796875,-45.22046661376953,-45.22050857543945,-45.22054672241211,-45.220584869384766,-45.22062683105469,-45.220664978027344,-45.220703125,-45.220741271972656,-45.22077941894531,-45.22081756591797,-45.22085189819336,-45.220890045166016,-45.22092819213867,-45.22096252441406,-45.22100067138672,-45.22103500366211,-45.221073150634766,-45.221107482910156,-45.22114181518555,-45.22117614746094,-45.22121047973633,-45.22124481201172,-45.22127914428711,-45.2213134765625,-45.22134780883789,-45.22138214111328,-45.221412658691406,-45.2214469909668,-45.22147750854492,-45.22151184082031,-45.22154235839844,-45.22157669067383,-45.22160720825195,-45.22163772583008,-45.2216682434082,-45.22169876098633,-45.22172927856445,-45.22175979614258,-45.2217903137207,-45.22182083129883,-45.22185134887695,-45.22188186645508,-45.22190856933594,-45.22193908691406,-45.22196578979492,-45.22199630737305,-45.222023010253906,-45.22205352783203,-45.22208023071289,-45.22210693359375,-45.22213363647461,-45.22216033935547,-45.22218704223633,-45.22221374511719,-45.22224044799805,-45.22226333618164,-45.22228240966797,-45.222293853759766,-45.222293853759766,-45.22226333618164,-45.22217559814453,-45.221981048583984,-45.22159957885742,-45.220977783203125,-45.220298767089844,-45.22019958496094,-45.22117233276367,-45.22237014770508,-45.222450256347656,-45.22167205810547,-45.22144317626953,-45.22218322753906,-45.222686767578125,-45.2223014831543,-45.221961975097656,-45.22237014770508,-45.2227783203125,-45.22255325317383,-45.22232437133789,-45.22260284423828,-45.22286605834961,-45.22270202636719,-45.22257995605469,-45.22279739379883,-45.22294998168945,-45.22282791137695,-45.2227783203125,-45.22294616699219,-45.223026275634766,-45.22294235229492,-45.222938537597656,-45.223060607910156,-45.22310256958008,-45.22304916381836,-45.22306823730469,-45.2231559753418,-45.223182678222656,-45.22315216064453,-45.223175048828125,-45.22323989868164,-45.22325897216797,-45.223243713378906,-45.2232666015625,-45.22331619262695,-45.22333526611328,-45.223331451416016,-45.223350524902344,-45.223388671875,-45.22340774536133,-45.223411560058594,-45.223426818847656,-45.22345733642578,-45.22347640991211,-45.22348403930664,-45.2234992980957,-45.22352600097656,-45.22354507446289,-45.22355651855469,-45.223567962646484,-45.22359085083008,-45.223609924316406,-45.2236213684082,-45.223636627197266,-45.22365188598633,-45.223670959472656,-45.22368621826172,-45.22370147705078,-45.223716735839844,-45.223731994628906,-45.22374725341797,-45.22376251220703,-45.22377395629883,-45.22378921508789,-45.22380447387695,-45.223819732666016,-45.22383499145508,-45.223846435546875,-45.22386169433594,-45.223876953125,-45.2238883972168,-45.22390365600586,-45.223915100097656,-45.22393035888672,-45.22394561767578,-45.22395706176758,-45.223968505859375,-45.22398376464844,-45.223995208740234,-45.2240104675293,-45.224021911621094,-45.22403335571289,-45.22404861450195,-45.22406005859375,-45.22407150268555,-45.224082946777344,-45.224098205566406,-45.2241096496582,-45.22412109375,-45.2241325378418,-45.224143981933594,-45.22415542602539,-45.22416687011719,-45.224178314208984,-45.22418975830078,-45.22420120239258,-45.224212646484375,-45.22422409057617,-45.22423553466797,-45.224246978759766,-45.22425842285156,-45.22426986694336,-45.224281311035156,-45.22429275512695,-45.224300384521484,-45.22431182861328,-45.22432327270508,-45.224334716796875,-45.224342346191406,-45.2243537902832,-45.224365234375,-45.22437286376953,-45.22438430786133,-45.224395751953125,-45.224403381347656,-45.22441482543945,-45.224422454833984,-45.22443389892578,-45.22444152832031,-45.22445297241211,-45.22446060180664,-45.22447204589844,-45.22447967529297,-45.224491119384766,-45.2244987487793,-45.224510192871094,-45.224517822265625,-45.224525451660156,-45.22453689575195,-45.224544525146484,-45.224552154541016,-45.22456359863281,-45.224571228027344,-45.224578857421875,-45.224586486816406,-45.2245979309082,-45.224605560302734,-45.224613189697266,-45.2246208190918,-45.22462844848633,-45.224639892578125,-45.224647521972656,-45.22465515136719,-45.22466278076172,-45.22467041015625,-45.22467803955078,-45.22468566894531,-45.224693298339844,-45.224700927734375,-45.224708557128906,-45.22471618652344,-45.22472381591797,-45.2247314453125,-45.22473907470703,-45.22474670410156,-45.224754333496094,-45.224761962890625,-45.224769592285156,-45.22477722167969,-45.22478485107422,-45.22479248046875,-45.22480010986328,-45.22480392456055
-32.253456115722656,-32.334716796875,-32.417816162109375,-32.502899169921875,-32.58990478515625,-32.67869567871094,-32.769012451171875,-32.86056137084961,-32.953041076660156,-33.046138763427734,-33.13951873779297,-33.232818603515625,-33.32567596435547,-33.41775131225586,-33.50874328613281,-33.598426818847656,-33.68665313720703,-33.773345947265625,-33.858524322509766,-33.942325592041016,-34.0250244140625,-34.107032775878906,-34.18882751464844,-34.270877838134766,-34.35359573364258,-34.4372673034668,-34.52206039428711,-34.60803985595703,-34.695159912109375,-34.78326416015625,-34.87211227416992,-34.961490631103516,-35.05145263671875,-35.14228820800781,-35.2340087890625,-35.32649612426758,-35.42010498046875,-35.515254974365234,-35.611934661865234,-35.71015548706055,-35.810577392578125,-35.91347122192383,-36.018882751464844,-36.127662658691406,-36.239959716796875,-36.35601806640625,-36.47667694091797,-36.601837158203125,-36.732452392578125,-36.86824417114258,-37.01004409790039,-37.15730667114258,-37.31027603149414,-37.4682731628418,-37.63051223754883,-37.796661376953125,-37.96559143066406,-38.1363410949707,-38.308250427246094,-38.48066329956055,-38.65375518798828,-38.82624816894531,-38.99723434448242,-39.16667938232422,-39.334171295166016,-39.49864959716797,-39.659332275390625,-39.81656265258789,-39.97098159790039,-40.12213134765625,-40.26988220214844,-40.4150390625,-40.558441162109375,-40.70008850097656,-40.839385986328125,-40.97613525390625,-41.11024856567383,-41.24119186401367,-41.36769485473633,-41.4886474609375,-41.60377502441406,-41.71305847167969,-41.81645965576172,-41.91339111328125,-42.00367736816406,-42.088050842285156,-42.16761779785156,-42.243289947509766,-42.31525421142578,-42.38319778442383,-42.447322845458984,-42.508087158203125,-42.56578063964844,-42.62029266357422,-42.671043395996094,-42.717994689941406,-42.761688232421875,-42.80276107788086,-42.84145736694336,-42.88393020629883,-42.92803192138672,-42.97277069091797,-43.01701354980469,-43.05974578857422,-43.101051330566406,-43.14070129394531,-43.178253173828125,-43.21405792236328,-43.248409271240234,-43.28120422363281,-43.31270980834961,-43.3432502746582,-43.37274932861328,-43.40121841430664,-43.4288444519043,-43.455589294433594,-43.48133850097656,-43.506187438964844,-43.530250549316406,-43.55348587036133,-43.5759391784668,-43.597755432128906,-43.61902618408203,-43.63975143432617,-43.65995407104492,-43.67970275878906,-43.69902038574219,-43.717872619628906,-43.736236572265625,-43.7541389465332,-43.7715950012207,-43.78859329223633,-43.80512237548828,-43.82118606567383,-43.83680725097656,-43.85200500488281,-43.86678695678711,-43.88117599487305,-43.895179748535156,-43.90883255004883,-43.922157287597656,-43.9351806640625,-43.947914123535156,-43.96037673950195,-43.97258758544922,-43.98456573486328,-43.996341705322266,-44.0079345703125,-44.01937484741211,-44.03068542480469,-44.04188919067383,-44.05299758911133,-44.064022064208984,-44.07497787475586,-44.08586502075195,-44.09668731689453,-44.107452392578125,-44.118160247802734,-44.12880325317383,-44.139381408691406,-44.14988327026367,-44.16029739379883,-44.17061233520508,-44.18080520629883,-44.19085693359375,-44.20072555541992,-44.21036911010742,-44.219749450683594,-44.228919982910156,-44.23811721801758,-44.247501373291016,-44.26803970336914,-44.29227828979492,-44.318790435791016,-44.347686767578125,-44.377532958984375,-44.407596588134766,-44.43834686279297,-44.469364166259766,-44.49992370605469,-44.5302848815918,-44.560447692871094,-44.58990478515625,-44.61874008178711,-44.647090911865234,-44.67460250854492,-44.70124816894531,-44.72724914550781,-44.75239944458008,-44.77654266357422,-44.79986572265625,-44.822357177734375,-44.84383010864258,-44.86433792114258,-44.88395690917969,-44.90258026123047,-44.92017364501953,-44.93681335449219,-44.95246887207031,-44.96708679199219,-44.9807243347168,-44.99342346191406,-45.005149841308594,-45.015933990478516,-45.02585983276367,-45.03495407104492,-45.043235778808594,-45.050777435302734,-45.05765151977539,-45.06389617919922,-45.06954574584961,-45.07468032836914,-45.079345703125,-45.08357238769531,-45.087398529052734,-45.090877532958984,-45.09402847290039,-45.09688186645508,-45.099456787109375,-45.10177993774414,-45.10387420654297,-45.105751037597656,-45.107425689697266,-45.10892105102539,-45.11024475097656,-45.111412048339844,-45.1124382019043,-45.11333084106445,-45.11410903930664,-45.11478042602539,-45.1153564453125,-45.11585235595703,-45.116275787353516,-45.11663818359375,-45.116947174072266,-45.11721420288086,-45.1174430847168,-45.117645263671875,-45.117820739746094,-45.117977142333984,-45.11812210083008,-45.11825180053711,-45.11837387084961,-45.11848449707031,-45.118587493896484,-45.11868667602539,-45.118778228759766,-45.11886215209961,-45.11893844604492,-45.11901092529297,-45.11907958984375,-45.119140625,-45.119197845458984,-45.1192512512207,-45.11929702758789,-45.11934280395508,-45.119380950927734,-45.11941909790039,-45.11945343017578,-45.11948776245117,-45.1195182800293,-45.11954879760742,-45.11957931518555,-45.119606018066406,-45.119632720947266,-45.11966323852539,-45.11968994140625,-45.119712829589844,-45.1197395324707,-45.11976623535156,-45.119789123535156,-45.119815826416016,-45.11983871459961,-45.11985778808594,-45.11988067626953,-45.11989974975586,-45.11991882324219,-45.119937896728516,-45.119956970214844,-45.119972229003906,-45.11998748779297,-45.12000274658203,-45.12001419067383,-45.12002944946289,-45.12004089355469,-45.120052337646484,-45.12006378173828,-45.12007522583008,-45.120086669921875,-45.12009811401367,-45.1201057434082,-45.1201171875,-45.12012481689453,-45.12013626098633,-45.12014389038086,-45.12015151977539,-45.12015914916992,-45.12016677856445,-45.120174407958984,-45.120182037353516,-45.12018966674805,-45.12019729614258,-45.12020492553711,-45.12021255493164,-45.12022018432617,-45.1202278137207,-45.120235443115234,-45.1202392578125
-32.951141357421875,-33.14720916748047,-33.34375762939453,-33.5367431640625,-33.724159240722656,-33.90879440307617,-34.09831619262695,-34.296775817871094,-34.50325393676758,-34.71474075317383,-34.92844772338867,-35.14267349243164,-35.3574333190918,-35.5766716003418,-35.80526351928711,-36.04346466064453,-36.28645324707031,-36.527706146240234,-36.76502990722656,-37.00404739379883,-37.24930953979492,-37.49654006958008,-37.73721694946289,-37.967838287353516,-38.19365310668945,-38.41686248779297,-38.6307373046875,-38.8297233581543,-39.01792526245117,-39.199893951416016,-39.37092590332031,-39.52591323852539,-39.66864776611328,-39.80363082885742,-39.92787551879883,-40.040565490722656,-40.147796630859375,-40.2514762878418,-40.34843063354492,-40.440521240234375,-40.53196716308594,-40.62123489379883,-40.70751953125,-40.794124603271484,-40.88024139404297,-40.96308517456055,-41.044429779052734,-41.12454605102539,-41.201019287109375,-41.2708740234375,-41.34150695800781,-41.41025161743164,-41.476966857910156,-41.541988372802734,-41.603885650634766,-41.662620544433594,-41.71880340576172,-41.77142333984375,-41.82051086425781,-41.866756439208984,-41.90956497192383,-41.94915771484375,-41.986141204833984,-42.02011489868164,-42.051513671875,-42.080772399902344,-42.10761642456055,-42.13251495361328,-42.15568542480469,-42.17705535888672,-42.1971549987793,-42.21601104736328,-42.23373031616211,-42.25071716308594,-42.26695251464844,-42.282718658447266,-42.2982177734375,-42.31581115722656,-42.33475112915039,-42.35459899902344,-42.37515640258789,-42.39647674560547,-42.418495178222656,-42.44120788574219,-42.46458435058594,-42.48849105834961,-42.512939453125,-42.537906646728516,-42.563358306884766,-42.58932876586914,-42.61577224731445,-42.6427001953125,-42.670108795166016,-42.697940826416016,-42.7261848449707,-42.75478744506836,-42.783714294433594,-42.81294631958008,-42.84242630004883,-42.87212371826172,-42.9019660949707,-42.931888580322266,-42.961822509765625,-42.99169158935547,-43.02142333984375,-43.05094528198242,-43.080177307128906,-43.109066009521484,-43.13753128051758,-43.165523529052734,-43.19297790527344,-43.21984100341797,-43.2460823059082,-43.27165603637695,-43.29654312133789,-43.32073211669922,-43.34421157836914,-43.36698532104492,-43.38906478881836,-43.41047668457031,-43.43124008178711,-43.45138931274414,-43.470970153808594,-43.49002456665039,-43.50859832763672,-43.526729583740234,-43.544471740722656,-43.56185531616211,-43.578914642333984,-43.59568405151367,-43.612178802490234,-43.62841796875,-43.64441680908203,-43.66017532348633,-43.675697326660156,-43.69097900390625,-43.706016540527344,-43.72080612182617,-43.7353401184082,-43.74961471557617,-43.76362991333008,-43.77737808227539,-43.790863037109375,-43.80409622192383,-43.81707763671875,-43.82982635498047,-43.842350006103516,-43.854671478271484,-43.86680603027344,-43.8787841796875,-43.890625,-43.90236282348633,-43.91402053833008,-43.92563247680664,-43.93722915649414,-43.94884490966797,-43.96051788330078,-43.97227478027344,-43.98415756225586,-43.9962043762207,-44.008445739746094,-44.02091979980469,-44.033668518066406,-44.04672622680664,-44.06013107299805,-44.07392120361328,-44.088134765625,-44.102806091308594,-44.11797332763672,-44.1336669921875,-44.14992141723633,-44.16676712036133,-44.18423080444336,-44.20233154296875,-44.221092224121094,-44.24052429199219,-44.26063919067383,-44.281436920166016,-44.302921295166016,-44.325077056884766,-44.3478889465332,-44.371337890625,-44.395389556884766,-44.420005798339844,-44.44514083862305,-44.470741271972656,-44.49674987792969,-44.52309799194336,-44.54970932006836,-44.576507568359375,-44.60340881347656,-44.63032531738281,-44.65716552734375,-44.68384552001953,-44.71026611328125,-44.7363395690918,-44.761985778808594,-44.7871208190918,-44.811668395996094,-44.8355598449707,-44.85873031616211,-44.88113021850586,-44.902706146240234,-44.923423767089844,-44.9432487487793,-44.962162017822266,-44.98013687133789,-44.997169494628906,-45.01325225830078,-45.02838897705078,-45.04258346557617,-45.05584716796875,-45.06819534301758,-45.079654693603516,-45.090240478515625,-45.09998321533203,-45.10892105102539,-45.1170768737793,-45.12449264526367,-45.13120651245117,-45.13725662231445,-45.14268112182617,-45.14752960205078,-45.15183639526367,-45.1556510925293,-45.15901565551758,-45.16196823120117,-45.164554595947266,-45.16680908203125,-45.16877746582031,-45.17048645019531,-45.17197036743164,-45.17326354980469,-45.17439270019531,-45.17538070678711,-45.17625045776367,-45.177024841308594,-45.17771530151367,-45.178340911865234,-45.17891311645508,-45.179443359375,-45.17993927001953,-45.1804084777832,-45.18085479736328,-45.18128967285156,-45.18170928955078,-45.18212127685547,-45.18252182006836,-45.182918548583984,-45.183311462402344,-45.18369674682617,-45.184078216552734,-45.18445587158203,-45.18482971191406,-45.18519973754883,-45.18556213378906,-45.1859245300293,-45.186283111572266,-45.18663787841797,-45.18698501586914,-45.18733215332031,-45.18767547607422,-45.18801498413086,-45.1883544921875,-45.18868637084961,-45.18901824951172,-45.18934631347656,-45.189674377441406,-45.189998626708984,-45.1903190612793,-45.19063949584961,-45.19095993041992,-45.19127655029297,-45.19158935546875,-45.19190216064453,-45.19221115112305,-45.19252014160156,-45.19282531738281,-45.1931266784668,-45.19343185424805,-45.193729400634766,-45.194026947021484,-45.1943244934082,-45.194618225097656,-45.19491195678711,-45.1952018737793,-45.195491790771484,-45.195777893066406,-45.19606399536133,-45.196346282958984,-45.19662857055664,-45.19690704345703,-45.19718551635742,-45.19744873046875,-45.197696685791016,-45.19791030883789,-45.198089599609375,-45.198280334472656,-45.19851303100586,-45.19879150390625,-45.19916534423828,-45.19957733154297,-45.19990539550781,-45.200157165527344,-45.20037078857422,-45.200565338134766,-45.20082092285156,-45.20113754272461,-45.20145034790039,-45.20175552368164,-45.2020149230957,-45.202232360839844,-45.20246124267578,-45.20271301269531,-45.202980041503906,-45.203269958496094,-45.20354080200195,-45.203792572021484,-45.204036712646484,-45.20426559448242,-45.20450210571289,-45.20475387573242,-45.20500946044922,-45.20526885986328,-45.20552062988281,-45.20576095581055,-45.205997467041016,-45.20623016357422,-45.20646286010742,-45.20669937133789,-45.20693588256836,-45.207176208496094,-45.20741653442383,-45.2076530456543,-45.2078857421875,-45.2081184387207,-45.208343505859375,-45.20856857299805,-45.20879364013672,-45.209014892578125,-45.2092399597168,-45.2094612121582,-45.20968246459961,-45.209903717041016,-45.210121154785156,-45.2103385925293,-45.21055603027344,-45.21077346801758,-45.21098709106445,-45.21120071411133,-45.21141052246094,-45.21162033081055,-45.21182632446289,-45.21202850341797,-45.21223068237305,-45.21242904663086,-45.21261978149414,-45.21280288696289,-45.212974548339844,-45.213130950927734,-45.21326446533203,-45.21337127685547,-45.21345520019531,-45.213531494140625,-45.213645935058594,-45.2138557434082,-45.21418762207031,-45.214595794677734,-45.214962005615234,-45.2151985168457,-45.21531295776367,-45.21538162231445,-45.21549606323242,-45.21570587158203,-45.21598815917969,-45.21626663208008,-45.21647644042969,-45.216617584228516,-45.21672821044922,-45.21686935424805,-45.217063903808594,-45.217288970947266,-45.217506408691406,-45.217689514160156,-45.21783447265625,-45.21797180175781,-45.21812057495117,-45.218292236328125,-45.218482971191406,-45.218666076660156,-45.21883773803711,-45.218990325927734,-45.21913146972656,-45.219276428222656,-45.21942901611328,-45.2195930480957,-45.219757080078125,-45.21992111206055,-45.22007369995117,-45.220218658447266,-45.220359802246094,-45.22050094604492,-45.22064208984375,-45.220787048339844,-45.2209358215332,-45.2210807800293,-45.22122573852539,-45.22136688232422,-45.22150421142578,-45.22163772583008,-45.221771240234375,-45.22190475463867,-45.2220344543457,-45.222164154052734,-45.22229766845703,-45.22242736816406,-45.222557067871094,-45.22268295288086,-45.222808837890625,-45.22293472290039,-45.223060607910156,-45.223182678222656,-45.223304748535156,-45.22342300415039,-45.223541259765625,-45.22365951538086,-45.22377395629883,-45.2238883972168,-45.224002838134766,-45.22411346435547,-45.22422409057617,-45.224334716796875,-45.22444152832031,-45.22454833984375,-45.22465133666992,-45.22475051879883,-45.22484588623047,-45.22493362426758,-45.225006103515625,-45.225067138671875,-45.22509765625,-45.225093841552734,-45.22504425048828,-45.224952697753906,-45.22486114501953,-45.22486877441406,-45.22507095336914,-45.2254753112793,-45.22591018676758,-45.22615051269531,-45.22615051269531,-45.22603988647461,-45.226016998291016,-45.22618103027344,-45.22645568847656,-45.2266731262207,-45.22673797607422,-45.226715087890625,-45.226722717285156,-45.22684097290039,-45.22702407836914,-45.227176666259766,-45.22724151611328,-45.22726058959961,-45.227298736572266,-45.22739791870117,-45.22753143310547,-45.22764587402344,-45.22771072387695,-45.227752685546875,-45.22780227661133,-45.22788619995117,-45.22798538208008,-45.22808074951172,-45.2281494140625,-45.22820281982422,-45.22825622558594,-45.22832489013672,-45.2284049987793,-45.228485107421875,-45.228553771972656,-45.228614807128906,-45.228668212890625,-45.228729248046875,-45.22879409790039,-45.22886276245117,-45.22892761230469,-45.2289924621582,-45.22904586791992,-45.229103088378906,-45.229156494140625,-45.22921371459961,-45.22927474975586,-45.22933578491211,-45.229393005371094,-45.22944641113281,-45.22949981689453,-45.229549407958984,-45.2296028137207,-45.229652404785156,-45.229705810546875,-45.229759216308594,-45.22980880737305,-45.2298583984375,-45.22990798950195,-45.229957580566406,-45.230003356933594,-45.23004913330078,-45.230098724365234,-45.23014450073242,-45.23019027709961,-45.2302360534668,-45.23027801513672,-45.230323791503906,-45.23036575317383,-45.230411529541016,-45.23045349121094,-45.23049545288086,-45.230533599853516,-45.23057556152344,-45.23061752319336,-45.230655670166016,-45.23069381713867,-45.23073196411133,-45.230770111083984,-45.23080825805664,-45.2308464050293,-45.23088455200195,-45.230918884277344,-45.23095703125,-45.23099136352539,-45.23102569580078,-45.23106002807617,-45.23109436035156,-45.23112869262695,-45.231163024902344,-45.23119354248047,-45.23122787475586,-45.231258392333984,-45.23128890991211,-45.23131561279297,-45.23134231567383,-45.23136520385742,-45.23138427734375,-45.23139953613281,-45.23139953613281,-45.23138427734375,-45.23134231567383,-45.23126220703125,-45.23112487792969,-45.23093032836914,-45.230712890625,-45.23057174682617,-45.23064422607422,-45.23099136352539,-45.23146057128906,-45.231754302978516,-45.23173522949219,-45.23152160644531,-45.23136520385742,-45.23143768310547,-45.231685638427734,-45.231895446777344,-45.23191833496094,-45.231807708740234,-45.23173141479492,-45.23179244995117,-45.2319450378418,-45.232051849365234,-45.232051849365234,-45.23199462890625,-45.23197555541992,-45.23203659057617,-45.23212814331055,-45.232181549072266,-45.232177734375,-45.232154846191406,-45.23216247558594,-45.23221206665039,-45.232269287109375,-45.2322998046875,-45.2322998046875,-45.232295989990234,-45.2323112487793,-45.23234558105469,-45.232383728027344,-45.23240661621094,-45.23241424560547,-45.232418060302734,-45.2324333190918,-45.23245620727539,-45.232486724853516,-45.232505798339844,-45.232521057128906,-45.23252868652344,-45.232540130615234,-45.23255920410156,-45.23257827758789,-45.23259735107422,-45.23261260986328,-45.232627868652344,-45.23263931274414,-45.23265075683594,-45.232666015625,-45.23268127441406,-45.23270034790039,-45.23271179199219,-45.23272705078125,-45.23273849487305,-45.232749938964844,-45.23276138305664,-45.2327766418457,-45.232791900634766,-45.23280334472656,-45.23281478881836,-45.232826232910156,-45.23283767700195,-45.23284912109375,-45.23286437988281,-45.23287582397461,-45.232887268066406,-45.2328987121582,-45.23291015625,-45.2329216003418,-45.232933044433594,-45.232940673828125,-45.23295211791992,-45.23296356201172,-45.232975006103516,-45.23298645019531,-45.232994079589844,-45.23300552368164,-45.23301696777344,-45.23302459716797,-45.233036041259766,-45.2330436706543,-45.233055114746094,-45.233062744140625,-45.23307418823242,-45.23308181762695,-45.23309326171875,-45.23310089111328,-45.23310852050781,-45.23311996459961,-45.23312759399414,-45.23313522338867,-45.23314666748047,-45.233154296875,-45.23316192626953,-45.23316955566406,-45.23318099975586,-45.23318862915039,-45.23319625854492,-45.23320388793945,-45.233211517333984,-45.233219146728516,-45.23322677612305,-45.23323440551758,-45.23324203491211,-45.23324966430664,-45.23325729370117,-45.2332649230957,-45.233272552490234,-45.233280181884766,-45.2332878112793,-45.23329544067383,-45.233299255371094
-33.29487228393555,-33.474525451660156,-33.655330657958984,-33.83612060546875,-34.01572036743164,-34.19313049316406,-34.367767333984375,-34.539527893066406,-34.70846176147461,-34.87446975708008,-35.03730773925781,-35.19679641723633,-35.352943420410156,-35.50597381591797,-35.656280517578125,-35.804290771484375,-35.950313568115234,-36.094486236572266,-36.236785888671875,-36.37709426879883,-36.51506805419922,-36.64992141723633,-36.78059768676758,-36.9063835144043,-37.02791213989258,-37.1475715637207,-37.268104553222656,-37.3911018371582,-37.516902923583984,-37.64498519897461,-37.774288177490234,-37.90327835083008,-38.03010940551758,-38.152862548828125,-38.26994705200195,-38.38058090209961,-38.485137939453125,-38.5848274230957,-38.68082809448242,-38.77359390258789,-38.86271286010742,-38.947242736816406,-39.026145935058594,-39.09873580932617,-39.16508102416992,-39.22611618041992,-39.28339385986328,-39.338462829589844,-39.39221954345703,-39.4447135925293,-39.4953727722168,-39.543514251708984,-39.590579986572266,-39.638790130615234,-39.6876220703125,-39.73695755004883,-39.78647994995117,-39.83552932739258,-39.88332748413086,-39.929466247558594,-39.97416305541992,-40.01799774169922,-40.06135559082031,-40.10411071777344,-40.145843505859375,-40.1863899230957,-40.22615051269531,-40.26585388183594,-40.305938720703125,-40.34626770019531,-40.38650131225586,-40.42670822143555,-40.46736145019531,-40.50875473022461,-40.550628662109375,-40.59258270263672,-40.63468933105469,-40.677330017089844,-40.720497131347656,-40.76372528076172,-40.806819915771484,-40.85005187988281,-40.893436431884766,-40.93656921386719,-40.979366302490234,-41.022132873535156,-41.064815521240234,-41.10708236694336,-41.149051666259766,-41.19086837768555,-41.232234954833984,-41.27304458618164,-41.313499450683594,-41.353389739990234,-41.392547607421875,-41.43119430541992,-41.46925354003906,-41.506656646728516,-41.54368591308594,-41.58034133911133,-41.61668014526367,-41.652984619140625,-41.68922805786133,-41.72555160522461,-41.762107849121094,-41.79883575439453,-41.83591079711914,-41.8733024597168,-41.91105270385742,-41.94922637939453,-41.987762451171875,-42.02674102783203,-42.0660514831543,-42.10569381713867,-42.145511627197266,-42.185401916503906,-42.22515869140625,-42.264617919921875,-42.30354690551758,-42.34177780151367,-42.37907791137695,-42.41529846191406,-42.450225830078125,-42.48371887207031,-42.51560592651367,-42.54578399658203,-42.57417678833008,-42.600746154785156,-42.625553131103516,-42.64865493774414,-42.67018127441406,-42.690284729003906,-42.709110260009766,-42.726837158203125,-42.743648529052734,-42.75971603393555,-42.77522659301758,-42.790348052978516,-42.80522155761719,-42.82208251953125,-42.84033966064453,-42.85959243774414,-42.87961959838867,-42.90028762817383,-42.921470642089844,-42.94309616088867,-42.96512222290039,-42.98749923706055,-43.010215759277344,-43.03327178955078,-43.0566520690918,-43.080352783203125,-43.1043701171875,-43.12866973876953,-43.15321350097656,-43.17795944213867,-43.20285415649414,-43.22784423828125,-43.25288009643555,-43.277923583984375,-43.302921295166016,-43.327842712402344,-43.35264205932617,-43.37727355957031,-43.40168762207031,-43.425838470458984,-43.44966506958008,-43.473114013671875,-43.49612808227539,-43.51864242553711,-43.54061508178711,-43.56198501586914,-43.58271408081055,-43.60276794433594,-43.622108459472656,-43.640716552734375,-43.658565521240234,-43.6756477355957,-43.69194793701172,-43.707462310791016,-43.72219467163086,-43.73615646362305,-43.749359130859375,-43.76182174682617,-43.7735710144043,-43.78463363647461,-43.795047760009766,-43.80484390258789,-43.814064025878906,-43.8227424621582,-43.830909729003906,-43.83859634399414,-43.84580993652344,-43.8525276184082,-43.858699798583984,-43.86445617675781,-43.87040710449219,-43.87689971923828,-43.882816314697266,-43.8875846862793,-43.89240264892578,-43.89785385131836,-43.90276336669922,-43.90695571899414,-43.911537170410156,-43.916263580322266,-43.920326232910156,-43.9243278503418,-43.92866897583008,-43.93265151977539,-43.936336517333984,-43.94028091430664,-43.94414520263672,-43.94767379760742,-43.951297760009766,-43.95500946044922,-43.958473205566406,-43.9619026184082,-43.96546936035156,-43.96894073486328,-43.97230911254883,-43.975799560546875,-43.979331970214844,-43.9827995300293,-43.98633575439453,-43.99000930786133,-43.993717193603516,-43.99747848510742,-44.00141143798828,-44.005496978759766,-44.00968933105469,-44.014060974121094,-44.018672943115234,-44.02349853515625,-44.02853775024414,-44.03386306762695,-44.03950500488281,-44.04545974731445,-44.05174255371094,-44.058406829833984,-44.06549072265625,-44.073001861572266,-44.08095932006836,-44.08941650390625,-44.09841537475586,-44.10798263549805,-44.11814880371094,-44.12896728515625,-44.14049530029297,-44.15278244018555,-44.16587448120117,-44.17982864379883,-44.1947135925293,-44.2105827331543,-44.22749328613281,-44.245487213134766,-44.26460647583008,-44.284873962402344,-44.30631637573242,-44.32892608642578,-44.35269546508789,-44.377593994140625,-44.40357971191406,-44.43059539794922,-44.45858383178711,-44.48746109008789,-44.51714324951172,-44.547515869140625,-44.57846450805664,-44.60983657836914,-44.64147186279297,-44.67318344116211,-44.70478057861328,-44.736045837402344,-44.76675796508789,-44.79667663574219,-44.825523376464844,-44.85305404663086,-44.879329681396484,-44.905029296875,-44.93024444580078,-44.95333480834961,-44.973506927490234,-44.99216842651367,-45.010215759277344,-45.026329040527344,-45.0398063659668,-45.051998138427734,-45.06336212158203,-45.07278823852539,-45.0804328918457,-45.08740997314453,-45.09346008300781,-45.098026275634766,-45.10184097290039,-45.1053466796875,-45.108036041259766,-45.11003494262695,-45.1119384765625,-45.11360168457031,-45.11478042602539,-45.11587142944336,-45.11701583862305,-45.11793518066406,-45.11871337890625,-45.119598388671875,-45.12044906616211,-45.12114715576172,-45.12186813354492,-45.12262725830078,-45.12327194213867,-45.12384033203125,-45.12443161010742,-45.124969482421875,-45.12539291381836,-45.12578201293945,-45.12615966796875,-45.12644958496094,-45.126670837402344,-45.12687683105469,-45.127052307128906,-45.127166748046875,-45.127254486083984,-45.127342224121094,-45.12740707397461,-45.127445220947266,-45.12748336791992,-45.12752914428711,-45.1275634765625,-45.127593994140625,-45.12763977050781,-45.127689361572266,-45.12773513793945,-45.127784729003906,-45.127845764160156,-45.127906799316406,-45.127967834472656,-45.128028869628906,-45.128089904785156,-45.12815475463867,-45.12821578979492,-45.12826919555664,-45.128326416015625,-45.12837600708008,-45.128421783447266,-45.12846374511719,-45.128501892089844,-45.1285400390625,-45.128570556640625,-45.128597259521484,-45.12862014770508,-45.12864303588867,-45.128662109375,-45.12867736816406,-45.128692626953125,-45.12870788574219,-45.128719329833984,-45.12873077392578,-45.12874221801758,-45.128753662109375,-45.12876510620117,-45.12877655029297,-45.1287841796875,-45.1287956237793,-45.12880325317383,-45.128814697265625,-45.128822326660156,-45.12883377075195,-45.128841400146484,-45.12885284423828,-45.12886047363281,-45.12887191772461,-45.12887954711914,-45.12889099121094,-45.12889862060547,-45.128910064697266,-45.1289176940918,-45.12892532348633,-45.128936767578125,-45.128944396972656,-45.12895202636719,-45.128963470458984,-45.128971099853516,-45.12897872924805,-45.128990173339844,-45.128997802734375,-45.129005432128906,-45.1290168762207,-45.129024505615234,-45.129032135009766,-45.12904357910156,-45.129051208496094,-45.129058837890625,-45.12907028198242,-45.12907791137695,-45.129085540771484,-45.12909698486328,-45.12910461425781,-45.129112243652344,-45.12912368774414,-45.12913131713867,-45.1291389465332,-45.129150390625,-45.12915802001953,-45.12916564941406,-45.12917709350586,-45.12918472290039,-45.12919235229492,-45.12920379638672,-45.12921142578125,-45.12921905517578,-45.12923049926758,-45.12923812866211,-45.12924575805664,-45.12925720214844,-45.12926483154297,-45.129276275634766,-45.1292839050293,-45.12929153442383,-45.129302978515625,-45.129310607910156,-45.12932205200195,-45.129329681396484,-45.129337310791016,-45.12934875488281,-45.129356384277344,-45.12936782836914,-45.12937545776367,-45.1293830871582,-45.12939453125,-45.12940216064453,-45.12941360473633,-45.12942123413086,-45.129432678222656,-45.12944030761719,-45.129451751708984,-45.129459381103516,-45.12947082519531,-45.129478454589844,-45.12948989868164,-45.12949752807617,-45.12950897216797,-45.1295166015625,-45.1295280456543,-45.12953567504883,-45.12954330444336,-45.129554748535156,-45.12956237792969,-45.129573822021484,-45.129581451416016,-45.12959289550781,-45.129600524902344,-45.129608154296875,-45.129615783691406,-45.12961959838867,-45.12961959838867
-33.72386169433594,-33.89264678955078,-34.05845260620117,-34.22161865234375,-34.381736755371094,-34.538108825683594,-34.69009017944336,-34.837276458740234,-34.97956848144531,-35.11723709106445,-35.25091552734375,-35.381553649902344,-35.510318756103516,-35.63850784301758,-35.76744079589844,-35.898193359375,-36.03131103515625,-36.166786193847656,-36.30406951904297,-36.4422607421875,-36.58031463623047,-36.71726608276367,-36.85236358642578,-36.985107421875,-37.115196228027344,-37.24248123168945,-37.36692810058594,-37.48859786987305,-37.607582092285156,-37.723976135253906,-37.837833404541016,-37.94915771484375,-38.05788040161133,-38.163875579833984,-38.26699447631836,-38.36709976196289,-38.46413040161133,-38.558101654052734,-38.64915084838867,-38.73752212524414,-38.82351303100586,-38.90741729736328,-38.98945236206055,-39.06970977783203,-39.14817428588867,-39.224761962890625,-39.29938888549805,-39.371971130371094,-39.44245529174805,-39.51080322265625,-39.577003479003906,-39.641048431396484,-39.702938079833984,-39.76266098022461,-39.82020950317383,-39.87560272216797,-39.92888641357422,-39.9800910949707,-40.02925109863281,-40.07640075683594,-40.12159729003906,-40.164913177490234,-40.2064094543457,-40.261043548583984,-40.32141876220703,-40.384830474853516,-40.44976806640625,-40.515228271484375,-40.58049392700195,-40.645050048828125,-40.70850372314453,-40.770565032958984,-40.83100128173828,-40.889652252197266,-40.94640350341797,-41.001182556152344,-41.05394744873047,-41.10469436645508,-41.153465270996094,-41.20030975341797,-41.24531555175781,-41.28857421875,-41.33018493652344,-41.37025833129883,-41.40890121459961,-41.44621658325195,-41.482295989990234,-41.5172233581543,-41.551082611083984,-41.58393859863281,-41.6158447265625,-41.646846771240234,-41.676979064941406,-41.706260681152344,-41.734710693359375,-41.762332916259766,-41.78913116455078,-41.81511306762695,-41.84028625488281,-41.864654541015625,-41.88823318481445,-41.91105270385742,-41.93313217163086,-41.954505920410156,-41.97520065307617,-41.9952507019043,-42.01468276977539,-42.03351593017578,-42.051761627197266,-42.06943130493164,-42.086517333984375,-42.10302734375,-42.122894287109375,-42.14449691772461,-42.16733932495117,-42.19131851196289,-42.21632766723633,-42.242279052734375,-42.269161224365234,-42.296974182128906,-42.32568359375,-42.35524368286133,-42.38561248779297,-42.4167366027832,-42.44853973388672,-42.48091506958008,-42.513763427734375,-42.54697036743164,-42.580406188964844,-42.61391830444336,-42.64735412597656,-42.68056869506836,-42.713401794433594,-42.74568557739258,-42.77726364135742,-42.80799102783203,-42.83773422241211,-42.866371154785156,-42.89380645751953,-42.91996383666992,-42.94481658935547,-42.968360900878906,-42.99061965942383,-43.011661529541016,-43.031585693359375,-43.05050277709961,-43.06854248046875,-43.08582305908203,-43.10246658325195,-43.11856460571289,-43.13418197631836,-43.14936065673828,-43.16412353515625,-43.17845916748047,-43.19234848022461,-43.20576095581055,-43.218658447265625,-43.23101043701172,-43.24278259277344,-43.25395584106445,-43.26451873779297,-43.27446746826172,-43.28382110595703,-43.29259490966797,-43.300819396972656,-43.308536529541016,-43.31578826904297,-43.322608947753906,-43.32904052734375,-43.335121154785156,-43.34088134765625,-43.346343994140625,-43.351531982421875,-43.3564567565918,-43.36112976074219,-43.36555480957031,-43.36974334716797,-43.37369918823242,-43.377418518066406,-43.380916595458984,-43.38419723510742,-43.387271881103516,-43.39014434814453,-43.3928337097168,-43.39535140991211,-43.397708892822266,-43.39991760253906,-43.40199279785156,-43.4039421081543,-43.40578079223633,-43.40751266479492,-43.409149169921875,-43.41069793701172,-43.41215896606445,-43.413536071777344,-43.41484069824219,-43.416072845458984,-43.417232513427734,-43.41832733154297,-43.41936111450195,-43.42033767700195,-43.42125701904297,-43.422122955322266,-43.422943115234375,-43.42372131347656,-43.42445755004883,-43.42515563964844,-43.425819396972656,-43.42645263671875,-43.42705154418945,-43.42762756347656,-43.42817687988281,-43.4286994934082,-43.42919921875,-43.4296760559082,-43.43013381958008,-43.430572509765625,-43.430992126464844,-43.431392669677734,-43.43177795410156,-43.43214797973633,-43.432498931884766,-43.43284225463867,-43.43316650390625,-43.4334831237793,-43.43378829956055,-43.434078216552734,-43.43436050415039,-43.434635162353516,-43.434898376464844,-43.435150146484375,-43.43539810180664,-43.43563461303711,-43.43586349487305,-43.43608856201172,-43.436302185058594,-43.4365119934082,-43.43671417236328,-43.43690872192383,-43.43709945678711,-43.43728256225586,-43.437461853027344,-43.4376335144043,-43.437801361083984,-43.437965393066406,-43.4381217956543,-43.43827819824219,-43.43842697143555,-43.43857192993164,-43.43871307373047,-43.43885040283203,-43.43898391723633,-43.43911361694336,-43.439239501953125,-43.439361572265625,-43.43947982788086,-43.43959426879883,-43.4397087097168,-43.439815521240234,-43.43992233276367,-43.440025329589844,-43.440128326416016,-43.44022750854492,-43.44032287597656,-43.44041442871094,-43.44050216674805,-43.44059371948242,-43.440677642822266,-43.44076156616211,-43.44084167480469,-43.440921783447266,-43.44099807739258,-43.441070556640625,-43.44114303588867,-43.44121551513672,-43.4412841796875,-43.441349029541016,-43.44141387939453,-43.44147872924805,-43.4415397644043,-43.44159698486328,-43.44165802001953,-43.441715240478516,-43.441768646240234,-43.44182205200195,-43.44187545776367,-43.441925048828125,-43.44197463989258,-43.44202423095703,-43.44207000732422,-43.442115783691406,-43.44215774536133,-43.44219970703125,-43.44224166870117,-43.442283630371094,-43.44232177734375,-43.442359924316406,-43.44239807128906,-43.44243621826172,-43.44247055053711,-43.4425048828125,-43.44253921508789,-43.442569732666016,-43.44260025024414,-43.442630767822266,-43.44266128540039,-43.442691802978516,-43.442718505859375,-43.442745208740234,-43.442771911621094,-43.44279861450195,-43.44282150268555,-43.442848205566406,-43.44287109375,-43.442893981933594,-43.44291687011719,-43.442935943603516,-43.44295883178711,-43.44297790527344,-43.442996978759766,-43.44301986694336,-43.44303512573242,-43.44305419921875,-43.44307327270508,-43.44308853149414,-43.44310760498047,-43.44312286376953,-43.443138122558594,-43.443153381347656,-43.44316864013672,-43.443180084228516,-43.44319534301758,-43.443206787109375,-43.44322204589844,-43.443233489990234,-43.44324493408203,-43.44325637817383,-43.443267822265625,-43.44327926635742,-43.44329071044922,-43.443302154541016,-43.44331359863281,-43.443321228027344,-43.44333267211914,-43.44334030151367,-43.4433479309082,-43.443359375,-43.44336700439453,-43.44337463378906,-43.443382263183594,-43.443389892578125,-43.443397521972656,-43.44340515136719,-43.44341278076172,-43.44342041015625,-43.443424224853516
-32.505680084228516,-32.62078094482422,-32.736080169677734,-32.85000228881836,-32.96146774291992,-33.06998825073242,-33.177162170410156,-33.28560256958008,-33.3966064453125,-33.51021194458008,-33.625816345214844,-33.742393493652344,-33.8586311340332,-33.97334671020508,-34.08614730834961,-34.19774627685547,-34.30939865112305,-34.42192459106445,-34.53551483154297,-34.65017318725586,-34.765953063964844,-34.882835388183594,-35.00052261352539,-35.118526458740234,-35.23648452758789,-35.35430145263672,-35.47199249267578,-35.5893669128418,-35.706058502197266,-35.821956634521484,-35.937984466552734,-36.05671310424805,-36.1815185546875,-36.31454849243164,-36.45606994628906,-36.60588073730469,-36.765350341796875,-36.935760498046875,-37.11469650268555,-37.298954010009766,-37.489261627197266,-37.685951232910156,-37.88571548461914,-38.08769226074219,-38.29267501831055,-38.4970703125,-38.70027542114258,-38.904693603515625,-39.10972595214844,-39.31825256347656,-39.52998733520508,-39.742942810058594,-39.95614242553711,-40.165218353271484,-40.37004089355469,-40.56620407104492,-40.75340270996094,-40.92741394042969,-41.087894439697266,-41.23283767700195,-41.362571716308594,-41.477970123291016,-41.57865905761719,-41.66546630859375,-41.73661422729492,-41.79228210449219,-41.834327697753906,-41.86431121826172,-41.88520050048828,-41.8994255065918,-41.90900421142578,-41.92532730102539,-41.94565200805664,-41.96955108642578,-41.99711990356445,-42.02752685546875,-42.06053161621094,-42.09542465209961,-42.13153076171875,-42.16852569580078,-42.205631256103516,-42.24237060546875,-42.27820587158203,-42.3126335144043,-42.34563446044922,-42.37706756591797,-42.406837463378906,-42.43504333496094,-42.461673736572266,-42.486942291259766,-42.51107406616211,-42.53410720825195,-42.5561637878418,-42.57732009887695,-42.59757995605469,-42.61705780029297,-42.63582992553711,-42.653934478759766,-42.67147445678711,-42.688499450683594,-42.70503234863281,-42.72114181518555,-42.736854553222656,-42.75215530395508,-42.767032623291016,-42.781471252441406,-42.79543685913086,-42.80894470214844,-42.822017669677734,-42.83465576171875,-42.84688949584961,-42.858768463134766,-42.87031555175781,-42.88156509399414,-42.892547607421875,-42.90328598022461,-42.913787841796875,-42.92406463623047,-42.93413543701172,-42.94401931762695,-42.95372772216797,-42.96328353881836,-42.97270202636719,-42.98489761352539,-42.99797439575195,-43.011470794677734,-43.02532196044922,-43.03934097290039,-43.053287506103516,-43.06697463989258,-43.08033752441406,-43.09341812133789,-43.10625457763672,-43.11885452270508,-43.13121032714844,-43.143341064453125,-43.155303955078125,-43.16717529296875,-43.17900466918945,-43.1908073425293,-43.20256423950195,-43.21424865722656,-43.22584533691406,-43.23733139038086,-43.248680114746094,-43.259849548339844,-43.27080154418945,-43.281497955322266,-43.291900634765625,-43.3019905090332,-43.31175231933594,-43.321170806884766,-43.33023452758789,-43.33892822265625,-43.34725570678711,-43.355224609375,-43.36283874511719,-43.37010955810547,-43.37704849243164,-43.3836784362793,-43.390010833740234,-43.39607238769531,-43.40187454223633,-43.407440185546875,-43.41279602050781,-43.4179573059082,-43.42293930053711,-43.42776870727539,-43.43246078491211,-43.43703079223633,-43.44149398803711,-43.44586944580078,-43.450164794921875,-43.454402923583984,-43.458587646484375,-43.462738037109375,-43.46685791015625,-43.47096633911133,-43.475067138671875,-43.47917175292969,-43.48329162597656,-43.4874382019043,-43.49161148071289,-43.49583053588867,-43.500099182128906,-43.50442886352539,-43.508827209472656,-43.5133056640625,-43.51787185668945,-43.52253341674805,-43.52730178833008,-43.53219223022461,-43.53720474243164,-43.542362213134766,-43.547664642333984,-43.55312728881836,-43.55876541137695,-43.5645866394043,-43.57059860229492,-43.576820373535156,-43.58325958251953,-43.589927673339844,-43.596839904785156,-43.60399627685547,-43.61141586303711,-43.61910629272461,-43.6270751953125,-43.63533020019531,-43.64387512207031,-43.65271759033203,-43.661861419677734,-43.67130661010742,-43.68104934692383,-43.69108963012695,-43.701419830322266,-43.71202850341797,-43.7229118347168,-43.73405075073242,-43.745426177978516,-43.757015228271484,-43.768795013427734,-43.780738830566406,-43.792808532714844,-43.80497360229492,-43.81719207763672,-43.82942199707031,-43.84162139892578,-43.853736877441406,-43.865718841552734,-43.87751007080078,-43.889041900634766,-43.90024948120117,-43.91108322143555,-43.92159652709961,-43.93196487426758,-43.942195892333984,-43.951900482177734,-43.960758209228516,-43.9689826965332,-43.976951599121094,-43.98463439941406,-43.991641998291016,-43.99791717529297,-44.0037841796875,-44.00938034057617,-44.01447296142578,-44.018951416015625,-44.02304458618164,-44.02690887451172,-44.03041076660156,-44.03346633911133,-44.03623580932617,-44.038848876953125,-44.041221618652344,-44.04330062866211,-44.04520034790039,-44.047000885009766,-44.04866409301758,-44.050148010253906,-44.051513671875,-44.052825927734375,-44.05405807495117,-44.05517578125,-44.05621337890625,-44.057212829589844,-44.05815887451172,-44.05902862548828,-44.0598258972168,-44.06058883666992,-44.061309814453125,-44.061973571777344,-44.06257629394531,-44.06313705444336,-44.063663482666016,-44.064151763916016,-44.0645866394043,-44.06498336791992,-44.06535339355469,-44.06569290161133,-44.066001892089844,-44.06627655029297,-44.0665283203125,-44.06676483154297,-44.06698226928711,-44.06718444824219,-44.06736373901367,-44.06753921508789,-44.06770324707031,-44.06785583496094,-44.0680046081543,-44.06814193725586,-44.06827926635742,-44.06841278076172,-44.06854248046875,-44.068668365478516,-44.06879425048828,-44.06891632080078,-44.06903839111328,-44.06916046142578,-44.06928253173828,-44.069400787353516,-44.06951904296875,-44.06963348388672,-44.06975173950195,-44.06986618041992,-44.06998062133789,-44.070091247558594,-44.07020568847656,-44.0703125,-44.0704231262207,-44.07052993774414,-44.07063674926758,-44.070743560791016,-44.07084655761719,-44.07094955444336,-44.071048736572266,-44.07115173339844,-44.071250915527344,-44.071346282958984,-44.07144546508789,-44.07154083251953,-44.071632385253906,-44.07172775268555,-44.07181930541992,-44.0719108581543,-44.07200241088867,-44.07209014892578,-44.07217788696289,-44.072265625,-44.07235336303711,-44.07243728637695,-44.0725212097168,-44.07260513305664,-44.072689056396484,-44.07276916503906,-44.07284927368164,-44.07292938232422,-44.0730094909668,-44.07308578491211,-44.07316207885742,-44.073238372802734,-44.07331466674805,-44.07339096069336,-44.073463439941406,-44.07353591918945,-44.073604583740234,-44.07367706298828,-44.07374572753906,-44.073814392089844,-44.073883056640625,-44.073951721191406,-44.07401657104492,-44.0740852355957,-44.07415008544922,-44.074214935302734,-44.074275970458984,-44.0743408203125,-44.07440185546875,-44.074462890625,-44.07452392578125,-44.074581146240234,-44.074642181396484,-44.07469940185547,-44.07475662231445,-44.07481384277344,-44.07487106323242,-44.07492446899414,-44.07497787475586,-44.07502746582031,-44.0750732421875,-44.07510757446289,-44.07512283325195,-44.07508850097656,-44.074974060058594,-44.07472610473633,-44.074371337890625,-44.07418441772461,-44.07457733154297,-44.0753288269043,-44.0755729675293,-44.07520294189453,-44.07502746582031,-44.07544708251953,-44.07578659057617,-44.07560348510742,-44.07545852661133,-44.07574462890625,-44.07596969604492,-44.07583236694336,-44.07579040527344,-44.07602310180664,-44.07612991333008,-44.07603073120117,-44.076072692871094,-44.07625198364258,-44.07627868652344,-44.076229095458984,-44.076316833496094,-44.07643508911133,-44.07643127441406,-44.0764274597168,-44.07652282714844,-44.07659149169922,-44.07658767700195,-44.07661819458008,-44.07670211791992,-44.076744079589844,-44.076751708984375,-44.07679748535156,-44.07686233520508,-44.0768928527832,-44.07691192626953,-44.076961517333984,-44.0770149230957,-44.07704162597656,-44.07706832885742,-44.077117919921875,-44.07716369628906,-44.07719039916992,-44.07722473144531,-44.0772705078125,-44.077308654785156,-44.07733917236328,-44.07737350463867,-44.077415466308594,-44.077457427978516,-44.07748794555664,-44.07752227783203,-44.07756423950195,-44.07760238647461,-44.07763671875,-44.07767105102539,-44.07771301269531,-44.07775115966797,-44.07778549194336,-44.077823638916016,-44.07786178588867,-44.07789993286133,-44.077938079833984,-44.077972412109375,-44.0780143737793,-44.07805252075195,-44.07809066772461,-44.078128814697266,-44.07816696166992,-44.078208923339844,-44.0782470703125,-44.07828903198242,-44.07832717895508,-44.078369140625,-44.07841110229492,-44.07844924926758,-44.0784912109375,-44.07853317260742,-44.078575134277344,-44.078617095947266,-44.07866287231445,-44.078704833984375,-44.07875061035156,-44.078792572021484,-44.07883834838867,-44.07888412475586,-44.07892990112305,-44.078975677490234,-44.07902145385742,-44.07906723022461,-44.07911682128906,-44.079166412353516,-44.0792121887207,-44.079261779785156,-44.07931137084961,-44.07936477661133,-44.07941436767578,-44.079463958740234,-44.07951736450195,-44.07957077026367,-44.07962417602539,-44.07967758178711,-44.07973098754883,-44.07978820800781,-44.07984161376953,-44.079898834228516,-44.0799560546875,-44.080013275146484,-44.080074310302734,-44.08013153076172,-44.08019256591797,-44.08025360107422,-44.08031463623047,-44.08037567138672,-44.08043670654297,-44.08049774169922,-44.080562591552734,-44.08062744140625,-44.080692291259766,-44.08075714111328,-44.0808219909668,-44.08089065551758,-44.08095932006836,-44.081024169921875,-44.081092834472656,-44.0811653137207,-44.081233978271484,-44.081302642822266,-44.08137512207031,-44.08144760131836,-44.08151626586914,-44.08158874511719,-44.0816650390625,-44.08173751831055,-44.081809997558594,-44.081886291503906,-44.08195877075195,-44.082035064697266,-44.08211135864258,-44.08218765258789,-44.0822639465332,-44.082340240478516,-44.08241653442383,-44.08249282836914,-44.08257293701172,-44.08264923095703,-44.08272933959961,-44.08280563354492,-44.0828857421875,-44.08296203613281,-44.08304214477539,-44.0831184387207,-44.08319854736328,-44.083274841308594,-44.08335494995117,-44.08343505859375,-44.08351135253906,-44.08359146118164,-44.08366775512695,-44.08374786376953,-44.083824157714844,-44.083900451660156,-44.083980560302734,-44.08405685424805,-44.08413314819336,-44.08420944213867,-44.084285736083984,-44.08435821533203,-44.084434509277344,-44.084510803222656,-44.0845832824707,-44.08465576171875,-44.0847282409668,-44.084800720214844,-44.08487319946289,-44.08494567871094,-44.08501434326172,-44.0850830078125,-44.08515167236328,-44.08522033691406,-44.085289001464844,-44.08535385131836,-44.08542251586914,-44.085487365722656,-44.085548400878906,-44.08561325073242,-44.08567428588867,-44.08573913574219,-44.08579635620117,-44.08585739135742,-44.085914611816406,-44.08597183227539,-44.086029052734375,-44.086082458496094,-44.08613204956055,-44.086177825927734,-44.086219787597656,-44.086246490478516,-44.08625793457031,-44.08623504638672,-44.0861701965332,-44.08604049682617,-44.08586883544922,-44.08573913574219,-44.08580017089844,-44.08613967895508,-44.086570739746094,-44.08677291870117,-44.086673736572266,-44.08649444580078,-44.08649826049805,-44.08673095703125,-44.08695602416992,-44.08697509765625,-44.08687210083008,-44.086849212646484,-44.08698654174805,-44.08713912963867,-44.08716583251953,-44.08711242675781,-44.08711242675781,-44.08720397949219,-44.087303161621094,-44.08732223510742,-44.08729934692383,-44.08731460571289,-44.087379455566406,-44.08744430541992,-44.087459564208984,-44.08745574951172,-44.08747100830078,-44.087520599365234,-44.08756637573242,-44.087581634521484,-44.08758544921875,-44.08760070800781,-44.0876350402832,-44.087669372558594,-44.087684631347656,-44.08769226074219,-44.08770751953125,-44.087730407714844,-44.0877571105957,-44.087772369384766,-44.08778381347656,-44.08779525756836,-44.08781433105469,-44.087833404541016,-44.08784866333008,-44.087860107421875,-44.087867736816406,-44.08788299560547,-44.08789825439453,-44.08790969848633,-44.087921142578125,-44.08793258666992,-44.08794021606445,-44.08795166015625,-44.08796310424805,-44.087974548339844,-44.087982177734375,-44.087989807128906,-44.0880012512207,-44.088008880615234,-44.088016510009766,-44.08802795410156,-44.088035583496094,-44.08803939819336,-44.08804702758789,-44.08805465698242,-44.08806228637695,-44.088069915771484,-44.08807373046875
-33.323692321777344,-33.47650909423828,-33.63362121582031,-33.79301071166992,-33.952537536621094,-34.11204147338867,-34.27403259277344,-34.442081451416016,-34.61940383911133,-34.806461334228516,-35.00077819824219,-35.199188232421875,-35.400760650634766,-35.60756301879883,-35.82167434692383,-36.04170608520508,-36.26329040527344,-36.4828987121582,-36.70169448852539,-36.92210388183594,-37.14183044433594,-37.356346130371094,-37.56529235839844,-37.77246856689453,-37.97867965698242,-38.181270599365234,-38.380096435546875,-38.57789993286133,-38.77269744873047,-38.96003723144531,-39.14028549194336,-39.314308166503906,-39.47907638549805,-39.63518524169922,-39.7862663269043,-39.931304931640625,-40.07069396972656,-40.20742416381836,-40.34022903442383,-40.46946716308594,-40.59702682495117,-40.72061538696289,-40.84071350097656,-40.95780563354492,-41.070804595947266,-41.1819953918457,-41.2907600402832,-41.397193908691406,-41.50146484375,-41.60184860229492,-41.6987190246582,-41.79024887084961,-41.87683868408203,-41.958065032958984,-42.03435516357422,-42.105892181396484,-42.17251968383789,-42.23467254638672,-42.292179107666016,-42.3454704284668,-42.392967224121094,-42.43946838378906,-42.48424530029297,-42.527557373046875,-42.56901168823242,-42.60881805419922,-42.646724700927734,-42.6829948425293,-42.71747970581055,-42.75041198730469,-42.781795501708984,-42.81187057495117,-42.84059524536133,-42.868099212646484,-42.89435577392578,-42.91950607299805,-42.94352340698242,-42.966552734375,-42.98863983154297,-43.00999069213867,-43.030635833740234,-43.05070877075195,-43.07022476196289,-43.08931350708008,-43.1080207824707,-43.12643814086914,-43.144615173339844,-43.16259002685547,-43.18039321899414,-43.1980094909668,-43.2154541015625,-43.23270034790039,-43.249755859375,-43.2666130065918,-43.28329086303711,-43.2997932434082,-43.31612014770508,-43.33230972290039,-43.34837341308594,-43.36435317993164,-43.38028335571289,-43.39619827270508,-43.41212463378906,-43.42808532714844,-43.444095611572266,-43.46017074584961,-43.47631072998047,-43.49253463745117,-43.50884246826172,-43.52525329589844,-43.541778564453125,-43.55843734741211,-43.57524871826172,-43.59223937988281,-43.60942459106445,-43.626827239990234,-43.64445495605469,-43.662322998046875,-43.68043899536133,-43.69880294799805,-43.71742630004883,-43.73630905151367,-43.755462646484375,-43.7748908996582,-43.79460525512695,-43.814605712890625,-43.834903717041016,-43.855499267578125,-43.87638854980469,-43.897560119628906,-43.919010162353516,-43.94071578979492,-43.9626579284668,-43.984806060791016,-44.007137298583984,-44.02960205078125,-44.05215835571289,-44.07474899291992,-44.097312927246094,-44.119773864746094,-44.14205551147461,-44.164066314697266,-44.18571472167969,-44.206905364990234,-44.2275390625,-44.24751663208008,-44.266746520996094,-44.28513717651367,-44.302616119384766,-44.319114685058594,-44.33457565307617,-44.34896469116211,-44.36226272583008,-44.37446212768555,-44.385581970214844,-44.39564514160156,-44.404693603515625,-44.41278076171875,-44.419960021972656,-44.426300048828125,-44.4318733215332,-44.439388275146484,-44.4473762512207,-44.45490264892578,-44.46222686767578,-44.469329833984375,-44.47612762451172,-44.48268127441406,-44.488922119140625,-44.494659423828125,-44.499820709228516,-44.50446701049805,-44.508636474609375,-44.5123291015625,-44.515625,-44.51861572265625,-44.52132797241211,-44.52374267578125,-44.52587890625,-44.52778625488281,-44.52950668334961,-44.531063079833984,-44.532501220703125,-44.53387451171875,-44.53520965576172,-44.5365104675293,-44.537776947021484,-44.53901672363281,-44.54023361206055,-44.54142379760742,-44.54258728027344,-44.543731689453125,-44.54486846923828,-44.54597854614258,-44.547061920166016,-44.5481071472168,-44.549110412597656,-44.55006408691406,-44.550968170166016,-44.55181884765625,-44.55261993408203,-44.55337905883789,-44.5540885925293,-44.554752349853516,-44.55537033081055,-44.555946350097656,-44.556480407714844,-44.55697250366211,-44.55743408203125,-44.557865142822266,-44.55826950073242,-44.55865478515625,-44.559017181396484,-44.55936050415039,-44.55968475341797,-44.55999755859375,-44.56029510498047,-44.56058120727539,-44.56085205078125,-44.561119079589844,-44.561370849609375,-44.561614990234375,-44.561851501464844,-44.562076568603516,-44.56229019165039,-44.562496185302734,-44.56269454956055,-44.56288146972656,-44.56306076049805,-44.563232421875,-44.56339645385742,-44.56355285644531,-44.56370162963867,-44.563838958740234,-44.5639762878418,-44.56410217285156,-44.56422424316406,-44.5643424987793,-44.564456939697266,-44.5645637512207,-44.564666748046875,-44.56476974487305,-44.56486511230469,-44.56495666503906,-44.56504821777344,-44.56513595581055,-44.565223693847656,-44.565303802490234,-44.56538772583008,-44.56546401977539,-44.5655403137207,-44.565616607666016,-44.56568908691406,-44.56576156616211,-44.565834045410156,-44.56590270996094,-44.56596755981445,-44.566036224365234,-44.56610107421875,-44.566165924072266,-44.56623077392578,-44.56629180908203,-44.56635284423828,-44.56641387939453,-44.56647491455078,-44.56653594970703,-44.566593170166016,-44.566654205322266,-44.56671142578125,-44.5667724609375,-44.566829681396484,-44.56688690185547,-44.56694412231445,-44.5670051574707,-44.56706237792969,-44.56711959838867,-44.567176818847656,-44.56723403930664,-44.56729507446289,-44.567352294921875,-44.56740951538086,-44.56747055053711,-44.567527770996094,-44.567588806152344,-44.56764602661133,-44.56770706176758,-44.56776809692383,-44.56782913208008,-44.56789016723633,-44.56795120239258,-44.56801223754883,-44.568077087402344,-44.56814193725586,-44.56820297241211,-44.56827163696289,-44.568336486816406,-44.56840133666992,-44.5684700012207,-44.568538665771484,-44.568607330322266,-44.56867599487305,-44.568748474121094,-44.56882095336914,-44.56889724731445,-44.5689697265625,-44.56904602050781,-44.56912612915039,-44.56920623779297,-44.56928634643555,-44.569366455078125,-44.569454193115234,-44.56953811645508,-44.56962585449219,-44.56971740722656,-44.5698127746582,-44.569908142089844,-44.570003509521484,-44.570106506347656,-44.57020950317383,-44.570316314697266,-44.57042694091797,-44.57053756713867,-44.570655822753906,-44.570777893066406,-44.57090377807617,-44.5710334777832,-44.571170806884766,-44.571311950683594,-44.57145690917969,-44.57160949707031,-44.57176971435547,-44.571937561035156,-44.572113037109375,-44.572296142578125,-44.57249069213867,-44.57269287109375,-44.572906494140625,-44.5731315612793,-44.57337188720703,-44.57362747192383,-44.57389450073242,-44.574180603027344,-44.574485778808594,-44.57481384277344,-44.57516098022461,-44.575538635253906,-44.5759391784668,-44.57637405395508,-44.57684326171875,-44.57735061645508,-44.57789993286133,-44.5785026550293,-44.57915496826172,-44.579872131347656,-44.58065414428711,-44.581520080566406,-44.58247375488281,-44.583526611328125,-44.58469772338867,-44.58599853515625,-44.58745193481445,-44.589080810546875,-44.590911865234375,-44.59297180175781,-44.59530258178711,-44.597938537597656,-44.60093688964844,-44.604347229003906,-44.60823440551758,-44.6126708984375,-44.61773681640625,-44.62351608276367,-44.63010025024414,-44.63758087158203,-44.64604568481445,-44.65556335449219,-44.666175842285156,-44.67782974243164,-44.690162658691406,-44.702064514160156,-44.713077545166016,-44.73067855834961,-44.753292083740234,-44.76691436767578,-44.785213470458984,-44.806129455566406,-44.82008361816406,-44.84004592895508,-44.85508728027344,-44.86964416503906,-44.884918212890625,-44.894996643066406,-44.9075927734375,-44.915225982666016,-44.92382049560547,-44.930198669433594,-44.93540573120117,-44.9409294128418,-44.944183349609375,-44.94883728027344,-44.95133590698242,-44.9549446105957,-44.95718765258789,-44.959617614746094,-44.96162033081055,-44.963008880615234,-44.964691162109375,-44.965457916259766,-44.966827392578125,-44.96741485595703,-44.96849822998047,-44.969120025634766,-44.96986770629883,-44.97047424316406,-44.9708366394043,-44.97127151489258,-44.971290588378906,-44.97148132324219,-44.97132110595703,-44.971336364746094,-44.97120666503906,-44.97119140625,-44.971229553222656,-44.971290588378906,-44.97151565551758,-44.971675872802734,-44.97199630737305,-44.97222900390625,-44.97254180908203,-44.972801208496094,-44.97305679321289,-44.97331237792969,-44.9735107421875,-44.97374725341797,-44.97392272949219,-44.97412872314453,-44.97428894042969,-44.974456787109375,-44.974605560302734,-44.974727630615234,-44.97484588623047,-44.97492980957031,-44.97501754760742,-44.97507858276367,-44.97514343261719,-44.97520065307617,-44.975257873535156,-44.97532272338867,-44.97538375854492,-44.9754524230957,-44.97551727294922,-44.9755859375,-44.97565460205078,-44.9757194519043,-44.97578430175781,-44.97584533691406,-44.97591018676758,-44.97597122192383,-44.976036071777344,-44.97610092163086,-44.976165771484375,-44.97623062133789,-44.97629165649414,-44.97636032104492,-44.97642135620117,-44.97648620605469,-44.97654724121094,-44.97660827636719,-44.97666931152344,-44.97672653198242,-44.97678756713867,-44.97684860229492,-44.976905822753906,-44.97696304321289,-44.97702407836914,-44.977081298828125,-44.97713851928711,-44.977195739746094,-44.97725296020508,-44.97731018066406,-44.97736740112305,-44.97742462158203,-44.977481842041016,-44.977535247802734,-44.97759246826172,-44.9776496887207,-44.97770309448242,-44.977760314941406,-44.977813720703125,-44.97787094116211,-44.97792434692383,-44.97797775268555,-44.978031158447266,-44.978084564208984,-44.9781379699707,-44.97819137573242,-44.97824478149414,-44.97829818725586,-44.97835159301758,-44.9784049987793,-44.978458404541016,-44.97850799560547,-44.97856140136719,-44.97861099243164,-44.97866439819336,-44.97871398925781,-44.97876739501953,-44.978816986083984,-44.97886657714844,-44.97891616821289,-44.978965759277344,-44.9790153503418,-44.97906494140625,-44.9791145324707,-44.979164123535156,-44.97921371459961,-44.9792594909668,-44.97930908203125,-44.97935485839844,-44.97940444946289,-44.97945022583008,-44.97949981689453,-44.97954559326172,-44.979591369628906,-44.979637145996094,-44.97968292236328,-44.97972869873047,-44.979774475097656,-44.979820251464844,-44.979862213134766,-44.97990798950195,-44.97995376586914,-44.97999572753906,-44.980037689208984,-44.98008346557617,-44.980125427246094,-44.980167388916016,-44.98020935058594,-44.98025131225586,-44.98029327392578,-44.9803352355957,-44.980377197265625,-44.98041915893555,-44.9804573059082,-44.980499267578125,-44.98053741455078,-44.9805793762207,-44.98061752319336,-44.980655670166016,-44.98069763183594,-44.980735778808594,-44.98077392578125,-44.980812072753906,-44.9808464050293,-44.98088455200195,-44.98092269897461,-44.98095703125,-44.980995178222656,-44.98102951049805,-44.9810676574707,-44.981101989746094,-44.981136322021484,-44.98117446899414,-44.98120880126953,-44.98124313354492,-44.98127746582031,-44.98130798339844,-44.98134231567383,-44.98137664794922,-44.981407165527344,-44.981441497802734,-44.98147201538086,-44.98150634765625,-44.981536865234375,-44.9815673828125,-44.981597900390625,-44.98162841796875,-44.981658935546875,-44.981689453125,-44.981719970703125,-44.98175048828125,-44.981781005859375,-44.981807708740234,-44.98183822631836,-44.98186492919922,-44.981895446777344,-44.9819221496582,-44.98194885253906,-44.98197937011719,-44.98200607299805,-44.982032775878906,-44.982059478759766,-44.982086181640625,-44.98210906982422,-44.98213577270508,-44.98216247558594,-44.98218536376953,-44.98221206665039,-44.982234954833984,-44.982261657714844,-44.98228454589844,-44.98230743408203,-44.98233413696289,-44.982357025146484,-44.98237991333008,-44.98240280151367,-44.982425689697266,-44.98244857788086,-44.98246765136719,-44.98249053955078,-44.982513427734375,-44.9825325012207,-44.9825553894043,-44.98257827758789,-44.98259735107422,-44.98261642456055,-44.98263931274414,-44.98265838623047,-44.9826774597168,-44.982696533203125,-44.98271560668945,-44.98273468017578,-44.98275375366211,-44.98277282714844,-44.982791900634766,-44.982810974121094,-44.982826232910156,-44.982845306396484,-44.98286437988281,-44.982879638671875,-44.9828987121582,-44.982913970947266,-44.982933044433594,-44.982948303222656,-44.98296356201172,-44.98297882080078,-44.98299789428711,-44.98301315307617,-44.983028411865234,-44.9830436706543,-44.98305892944336,-44.98307418823242,-44.983089447021484,-44.98310089111328,-44.983116149902344,-44.983131408691406,-44.98314666748047,-44.983158111572266,-44.98317337036133,-44.983184814453125,-44.98320007324219,-44.983211517333984,-44.98322677612305,-44.983238220214844,-44.98324966430664,-44.9832649230957,-44.9832763671875,-44.9832878112793,-44.983299255371094,-44.98331069946289,-44.98332214355469,-44.983333587646484,-44.98334503173828,-44.98335647583008,-44.983367919921875,-44.98337936401367,-44.98339080810547,-44.983402252197266,-44.9834098815918,-44.983421325683594,-44.98343276977539,-44.98344039916992,-44.98345184326172,-44.983463287353516,-44.98347091674805,-44.983482360839844,-44.983489990234375,-44.983497619628906,-44.9835090637207,-44.983516693115234,-44.98352813720703,-44.98353576660156,-44.983543395996094,-44.983551025390625,-44.983558654785156,-44.98357009887695,-44.983577728271484,-44.983585357666016,-44.98359298706055,-44.98360061645508,-44.98360824584961,-44.98361587524414,-44.98362350463867,-44.9836311340332,-44.983638763427734,-44.983646392822266,-44.9836540222168,-44.98365783691406
-32.068668365478516,-32.20743179321289,-32.347137451171875,-32.48894500732422,-32.63346862792969,-32.78047180175781,-32.92932891845703,-33.07932662963867,-33.23016357421875,-33.38218307495117,-33.53586959838867,-33.69135284423828,-33.84822463989258,-34.0057487487793,-34.16318130493164,-34.320125579833984,-34.47648239135742,-34.631866455078125,-34.78544998168945,-34.93635559082031,-35.08427810668945,-35.22986602783203,-35.37409973144531,-35.517005920410156,-35.65776062011719,-35.79573440551758,-35.93130874633789,-36.065147399902344,-36.197078704833984,-36.32670211791992,-36.454532623291016,-36.5815544128418,-36.7073974609375,-36.8314208984375,-36.95454025268555,-37.07746124267578,-37.199825286865234,-37.322731018066406,-37.44731903076172,-37.572792053222656,-37.69957733154297,-37.82731246948242,-37.95453643798828,-38.081546783447266,-38.20674133300781,-38.32991027832031,-38.44994354248047,-38.56623840332031,-38.67880630493164,-38.7879753112793,-38.894859313964844,-39.000362396240234,-39.105342864990234,-39.21065902709961,-39.316402435302734,-39.42326354980469,-39.53055953979492,-39.63801574707031,-39.7450065612793,-39.850685119628906,-39.9549560546875,-40.057533264160156,-40.15782165527344,-40.25559997558594,-40.350887298583984,-40.44358444213867,-40.533512115478516,-40.620628356933594,-40.7050895690918,-40.7869873046875,-40.86616134643555,-40.9422492980957,-41.01491928100586,-41.08356475830078,-41.14739227294922,-41.20598220825195,-41.25957107543945,-41.30869674682617,-41.35372543334961,-41.394744873046875,-41.43186569213867,-41.47531509399414,-41.521846771240234,-41.569454193115234,-41.61731719970703,-41.66511154174805,-41.71232986450195,-41.75869369506836,-41.80431365966797,-41.84919357299805,-41.89321517944336,-41.936500549316406,-41.979183197021484,-42.021209716796875,-42.0625114440918,-42.103145599365234,-42.14314651489258,-42.18251037597656,-42.22127914428711,-42.259578704833984,-42.297542572021484,-42.335227966308594,-42.372684478759766,-42.40997314453125,-42.44718551635742,-42.484405517578125,-42.52168655395508,-42.5590705871582,-42.59659957885742,-42.63433074951172,-42.67232894897461,-42.71066665649414,-42.74939727783203,-42.78852844238281,-42.82805633544922,-42.867919921875,-42.90800857543945,-42.94845199584961,-42.989967346191406,-43.03257369995117,-43.07473373413086,-43.116455078125,-43.1591682434082,-43.20254135131836,-43.24517822265625,-43.28761672973633,-43.33071517944336,-43.3735466003418,-43.415496826171875,-43.45735168457031,-43.49922561645508,-43.540279388427734,-43.5804557800293,-43.62028884887695,-43.659645080566406,-43.69797134399414,-43.73530197143555,-43.77198028564453,-43.80792999267578,-43.84278869628906,-43.87649917602539,-43.90925216674805,-43.94110870361328,-43.97187042236328,-44.00138473510742,-44.02967834472656,-44.056846618652344,-44.082889556884766,-44.10769271850586,-44.131168365478516,-44.1533203125,-44.17420196533203,-44.19384765625,-44.21223831176758,-44.229339599609375,-44.24515151977539,-44.259708404541016,-44.2730827331543,-44.28532409667969,-44.30990982055664,-44.337799072265625,-44.3668212890625,-44.39585494995117,-44.424224853515625,-44.4515266418457,-44.477622985839844,-44.50259017944336,-44.52656173706055,-44.549591064453125,-44.571659088134766,-44.592742919921875,-44.612823486328125,-44.631866455078125,-44.649845123291016,-44.66676712036133,-44.682674407958984,-44.69763946533203,-44.71175003051758,-44.72509765625,-44.73776626586914,-44.749839782714844,-44.76138687133789,-44.7724723815918,-44.78312683105469,-44.79336929321289,-44.80322265625,-44.81269836425781,-44.821807861328125,-44.83058166503906,-44.83904266357422,-44.84722137451172,-44.85514831542969,-44.86286163330078,-44.870391845703125,-44.87777328491211,-44.88503646850586,-44.89220428466797,-44.89929962158203,-44.906341552734375,-44.91334533691406,-44.92032241821289,-44.92728042602539,-44.93422317504883,-44.941158294677734,-44.94808578491211,-44.95499801635742,-44.96189498901367,-44.96876525878906,-44.97560501098633,-44.982398986816406,-44.9891357421875,-44.995784759521484,-45.0023193359375,-45.0086669921875,-45.014732360839844,-45.02047348022461,-45.02621841430664,-45.032676696777344,-45.03949737548828,-45.04525375366211,-45.05009078979492,-45.0554313659668,-45.06118392944336,-45.06601333618164,-45.07026672363281,-45.074989318847656,-45.079551696777344,-45.083282470703125,-45.086997985839844,-45.09088897705078,-45.09419631958008,-45.09714126586914,-45.10024642944336,-45.10306930541992,-45.10543441772461,-45.10780715942383,-45.110111236572266,-45.11201477050781,-45.113792419433594,-45.11558151245117,-45.11711502075195,-45.11844253540039,-45.11977767944336,-45.12099075317383,-45.12199783325195,-45.12297058105469,-45.1239128112793,-45.12470245361328,-45.12540817260742,-45.12611770629883,-45.126747131347656,-45.127281188964844,-45.1278076171875,-45.12831115722656,-45.12874221801758,-45.12913513183594,-45.12953186035156,-45.1298942565918,-45.130210876464844,-45.130516052246094,-45.130821228027344,-45.1310920715332,-45.131343841552734,-45.131591796875,-45.131832122802734,-45.132049560546875,-45.13225555419922,-45.13246536254883,-45.132659912109375,-45.132843017578125,-45.133018493652344,-45.13319396972656,-45.133358001708984,-45.133514404296875,-45.133663177490234,-45.133811950683594,-45.13395690917969,-45.134090423583984,-45.134220123291016,-45.13434982299805,-45.13447189331055,-45.13459014892578,-45.134700775146484,-45.13481140136719,-45.134918212890625,-45.1350212097168,-45.13511657714844,-45.135215759277344,-45.13530731201172,-45.135398864746094,-45.13548278808594,-45.13556671142578,-45.135650634765625,-45.1357307434082,-45.135807037353516,-45.13587951660156,-45.135955810546875,-45.136024475097656,-45.1360969543457,-45.136165618896484,-45.13623046875,-45.136295318603516,-45.13636016845703,-45.13642501831055,-45.1364860534668,-45.13654708862305,-45.1366081237793,-45.13666534423828,-45.13672637939453,-45.136783599853516,-45.1368408203125,-45.136898040771484,-45.1369514465332,-45.13700866699219,-45.137062072753906,-45.13711929321289,-45.13717269897461,-45.13722610473633,-45.13727951049805,-45.137332916259766,-45.13738250732422,-45.13743591308594,-45.137489318847656,-45.13753890991211,-45.13759231567383,-45.13764190673828,-45.1376953125,-45.13774490356445,-45.13779830932617,-45.137847900390625,-45.137901306152344,-45.1379508972168,-45.13800048828125,-45.13805389404297,-45.13810348510742,-45.13815689086914,-45.138206481933594,-45.13825988769531,-45.138309478759766,-45.13835906982422,-45.13841247558594,-45.138465881347656,-45.13851547241211,-45.13856887817383,-45.13862228393555,-45.138671875,-45.13872528076172,-45.13877868652344,-45.138832092285156,-45.138885498046875,-45.138938903808594,-45.13899230957031,-45.13904571533203,-45.139102935791016,-45.139156341552734,-45.13920974731445,-45.13926696777344,-45.139320373535156,-45.139373779296875,-45.139427185058594,-45.13947677612305,-45.13951110839844,-45.1395149230957,-45.13945007324219,-45.13920974731445,-45.13862991333008,-45.137603759765625,-45.13677978515625,-45.13771057128906,-45.13969039916992,-45.13973617553711,-45.138484954833984,-45.13892364501953,-45.14019775390625,-45.13974380493164,-45.13919448852539,-45.14010238647461,-45.1403694152832,-45.13975524902344,-45.14015197753906,-45.140663146972656,-45.140262603759766,-45.14033508300781,-45.14084243774414,-45.14066696166992,-45.140586853027344,-45.1409912109375,-45.1409912109375,-45.14086151123047,-45.141143798828125,-45.14125442504883,-45.14113998413086,-45.14130783081055,-45.141475677490234,-45.14141082763672,-45.14148712158203,-45.141666412353516,-45.141666412353516,-45.14168930053711,-45.141841888427734,-45.141902923583984,-45.14190673828125,-45.14200973510742,-45.142112731933594,-45.142127990722656,-45.142189025878906,-45.142295837402344,-45.1423454284668,-45.14238357543945,-45.14247131347656,-45.142547607421875,-45.14258575439453,-45.14264678955078,-45.142730712890625,-45.142791748046875,-45.14283752441406,-45.14290237426758,-45.142974853515625,-45.143028259277344,-45.14308166503906,-45.143150329589844,-45.14321517944336,-45.14326477050781,-45.1433219909668,-45.14338302612305,-45.1434440612793,-45.143497467041016,-45.143550872802734,-45.143611907958984,-45.14366912841797,-45.14372253417969,-45.143775939941406,-45.14383316040039,-45.14388656616211,-45.14393997192383,-45.14399337768555,-45.144046783447266,-45.144100189208984,-45.14414978027344,-45.14419937133789,-45.144248962402344,-45.14430236816406,-45.144351959228516,-45.1443977355957,-45.144447326660156,-45.14449691772461,-45.1445426940918,-45.14459228515625,-45.14463806152344,-45.144683837890625,-45.14472961425781,-45.144775390625,-45.14481735229492,-45.14486312866211,-45.14490509033203,-45.14495086669922,-45.14499282836914,-45.14503479003906,-45.145076751708984,-45.14511489868164,-45.14515686035156,-45.145198822021484,-45.14523696899414,-45.1452751159668,-45.14531707763672,-45.145355224609375,-45.14539337158203,-45.14542770385742,-45.14546585083008,-45.145503997802734,-45.145538330078125,-45.14557647705078,-45.14561080932617,-45.14564514160156,-45.14567947387695,-45.145713806152344,-45.145748138427734,-45.145782470703125,-45.14581298828125,-45.14584732055664,-45.145877838134766,-45.145912170410156,-45.14594268798828,-45.145973205566406,-45.14600372314453,-45.146034240722656,-45.14606475830078,-45.146095275878906,-45.14612579345703,-45.146156311035156,-45.146183013916016,-45.14621353149414,-45.146240234375,-45.14626693725586,-45.146297454833984,-45.146324157714844,-45.1463508605957,-45.14637756347656,-45.14640426635742,-45.14643096923828,-45.14645767211914,-45.146484375,-45.146507263183594,-45.14653396606445,-45.14656066894531,-45.146583557128906,-45.1466064453125,-45.14663314819336,-45.14665603637695,-45.14668273925781,-45.146705627441406,-45.146728515625,-45.146751403808594,-45.14677429199219,-45.14679718017578,-45.146820068359375,-45.14684295654297,-45.14686584472656,-45.146888732910156,-45.14691162109375,-45.14693069458008,-45.14695358276367,-45.146976470947266,-45.146995544433594,-45.14701843261719,-45.147037506103516,-45.147056579589844,-45.14707565307617,-45.147090911865234,-45.147098541259766,-45.147098541259766,-45.147071838378906,-45.14700698852539,-45.1468620300293,-45.14657211303711,-45.14607620239258,-45.145408630371094,-45.144935607910156,-45.145301818847656,-45.1464958190918,-45.14731979370117,-45.14698791503906,-45.146278381347656,-45.14635467529297,-45.147117614746094,-45.14741134643555,-45.14697265625,-45.1467399597168,-45.147159576416016,-45.14750289916992,-45.14728927612305,-45.14706802368164,-45.14730453491211,-45.1475715637207,-45.1474609375,-45.14730453491211,-45.1474494934082,-45.147640228271484,-45.1475830078125,-45.14748001098633,-45.14757537841797,-45.147708892822266,-45.147682189941406,-45.14761734008789,-45.14767837524414,-45.14777755737305,-45.147769927978516,-45.147727966308594,-45.147769927978516,-45.14784240722656,-45.14784622192383,-45.147823333740234,-45.147850036621094,-45.14790344238281,-45.147918701171875,-45.14790725708008,-45.147926330566406,-45.14796829223633,-45.147987365722656,-45.147987365722656,-45.14799880981445,-45.14802932739258,-45.14805221557617,-45.14805603027344,-45.148067474365234,-45.14809036254883,-45.14811325073242,-45.14812469482422,-45.14813232421875,-45.14814758300781,-45.148170471191406,-45.14818572998047,-45.148197174072266,-45.14820861816406,-45.14822769165039,-45.14824676513672,-45.148258209228516,-45.14826965332031,-45.148284912109375,-45.14830017089844,-45.1483154296875,-45.14833068847656,-45.14834213256836,-45.14835739135742,-45.148372650146484,-45.14838790893555,-45.148399353027344,-45.148414611816406,-45.1484260559082,-45.148441314697266,-45.14845657348633,-45.148468017578125,-45.14848327636719,-45.148494720458984,-45.14850997924805,-45.148521423339844,-45.148536682128906,-45.1485481262207,-45.148563385009766,-45.14857482910156,-45.148590087890625,-45.14860153198242,-45.14861297607422,-45.14862823486328,-45.14863967895508,-45.148651123046875,-45.14866638183594,-45.148677825927734,-45.14868927001953,-45.148704528808594,-45.14871597290039,-45.14872741699219,-45.148738861083984,-45.14875411987305,-45.148765563964844,-45.14877700805664,-45.14878845214844,-45.148799896240234,-45.14881134033203,-45.148826599121094,-45.14883804321289,-45.14884948730469,-45.148860931396484,-45.14887237548828,-45.14888381958008,-45.148895263671875,-45.14890670776367,-45.14891815185547,-45.148929595947266,-45.14894104003906,-45.14895248413086,-45.148963928222656,-45.14897537231445,-45.14898681640625,-45.14899826049805,-45.149009704589844,-45.14902114868164,-45.14903259277344,-45.149044036865234,-45.149051666259766,-45.14906311035156,-45.14907455444336,-45.149085998535156,-45.14909744262695,-45.14910888671875,-45.14911651611328,-45.14912796020508,-45.149139404296875,-45.14915084838867,-45.1491584777832,-45.149169921875,-45.1491813659668,-45.14918899536133,-45.149200439453125,-45.14921188354492,-45.14921951293945,-45.14923095703125,-45.14924240112305,-45.14925003051758,-45.149261474609375,-45.149269104003906,-45.1492805480957,-45.1492919921875,-45.14929962158203,-45.14931106567383,-45.14931869506836,-45.149330139160156,-45.14933776855469,-45.149349212646484,-45.149356842041016,-45.14936828613281,-45.149375915527344,-45.149383544921875,-45.14939498901367,-45.1494026184082,-45.1494140625,-45.14942169189453,-45.14942932128906,-45.14944076538086,-45.14944839477539,-45.14945983886719,-45.14946746826172,-45.14947509765625,-45.14948272705078,-45.14949417114258,-45.14950180053711,-45.14950942993164,-45.14952087402344,-45.14952850341797,-45.1495361328125,-45.14954376220703,-45.14955139160156,-45.149559020996094,-45.14957046508789,-45.14957809448242,-45.14958572387695,-45.149593353271484,-45.149600982666016,-45.14960861206055,-45.149620056152344,-45.149627685546875,-45.149635314941406,-45.14964294433594,-45.14965057373047,-45.149658203125,-45.14966583251953,-45.14967346191406,-45.149681091308594,-45.149688720703125,-45.149696350097656,-45.14970397949219,-45.14971160888672,-45.14971923828125,-45.149723052978516
-31.808256149291992,-31.976654052734375,-32.1389045715332,-32.29369354248047,-32.44005584716797,-32.577693939208984,-32.706947326660156,-32.8284912109375,-32.94324493408203,-33.0524787902832,-33.15774154663086,-33.260650634765625,-33.362648010253906,-33.46489334106445,-33.5682373046875,-33.67323684692383,-33.780250549316406,-33.889461517333984,-34.00094223022461,-34.114688873291016,-34.23064041137695,-34.34872055053711,-34.4688720703125,-34.59105682373047,-34.715301513671875,-34.841651916503906,-34.970157623291016,-35.100833892822266,-35.23360824584961,-35.36830520629883,-35.50464630126953,-35.64226150512695,-35.780738830566406,-35.919639587402344,-36.05856704711914,-36.19717788696289,-36.335201263427734,-36.472476959228516,-36.60891342163086,-36.744529724121094,-36.87940979003906,-37.013710021972656,-37.147605895996094,-37.28128433227539,-37.414878845214844,-37.54844284057617,-37.681907653808594,-37.8150634765625,-37.94755554199219,-38.078887939453125,-38.20846939086914,-38.33565139770508,-38.459781646728516,-38.58026885986328,-38.69660568237305,-38.80841064453125,-38.915428161621094,-39.01752853393555,-39.11469650268555,-39.20703125,-39.29468536376953,-39.37788009643555,-39.45685577392578,-39.531856536865234,-39.603126525878906,-39.6708869934082,-39.73532485961914,-39.79658126831055,-39.85475540161133,-39.90989303588867,-39.96201705932617,-40.01115036010742,-40.05733108520508,-40.100643157958984,-40.14122772216797,-40.19804000854492,-40.26155471801758,-40.32890319824219,-40.398563385009766,-40.46957015991211,-40.54123306274414,-40.613040924072266,-40.6845817565918,-40.75551986694336,-40.8255615234375,-40.89445877075195,-40.961997985839844,-41.02799987792969,-41.092323303222656,-41.15486145019531,-41.21552658081055,-41.27424621582031,-41.33095932006836,-41.385623931884766,-41.43819046020508,-41.4886360168457,-41.536949157714844,-41.58312225341797,-41.62717056274414,-41.66910934448242,-41.70896530151367,-41.74678039550781,-41.782588958740234,-41.81644821166992,-41.84842300415039,-41.87858200073242,-41.907005310058594,-41.933780670166016,-41.9589958190918,-41.98273468017578,-42.005088806152344,-42.02613830566406,-42.04597091674805,-42.064666748046875,-42.08229446411133,-42.1021614074707,-42.12285232543945,-42.143653869628906,-42.164302825927734,-42.18458557128906,-42.204341888427734,-42.22352981567383,-42.24213790893555,-42.26014709472656,-42.2775764465332,-42.29447937011719,-42.3109245300293,-42.32697677612305,-42.34270477294922,-42.358211517333984,-42.37359619140625,-42.38896179199219,-42.40439987182617,-42.42002487182617,-42.43593978881836,-42.4522590637207,-42.46906661987305,-42.48646545410156,-42.50454330444336,-42.52338409423828,-42.543052673339844,-42.56361389160156,-42.58512878417969,-42.60763931274414,-42.63117980957031,-42.6557731628418,-42.681427001953125,-42.708133697509766,-42.73585891723633,-42.764556884765625,-42.79413986206055,-42.82450485229492,-42.85551834106445,-42.88700866699219,-42.91877746582031,-42.95060348510742,-42.98225021362305,-43.01345443725586,-43.04396057128906,-43.07351303100586,-43.101871490478516,-43.12882995605469,-43.15422439575195,-43.17793273925781,-43.19989776611328,-43.22011184692383,-43.238624572753906,-43.25553894042969,-43.27098846435547,-43.285133361816406,-43.29814147949219,-43.310176849365234,-43.321388244628906,-43.3318977355957,-43.34180450439453,-43.351165771484375,-43.36001968383789,-43.368385314941406,-43.37625503540039,-43.38361358642578,-43.39044189453125,-43.39672088623047,-43.402435302734375,-43.40757369995117,-43.41214370727539,-43.4161491394043,-43.419612884521484,-43.42256546020508,-43.42504119873047,-43.42708969116211,-43.42875289916992,-43.43008041381836,-43.43112564086914,-43.43193817138672,-43.432559967041016,-43.43303680419922,-43.43340301513672,-43.433685302734375,-43.43391036987305,-43.43409729003906,-43.43425369262695,-43.434391021728516,-43.434513092041016,-43.43462371826172,-43.434722900390625,-43.434810638427734,-43.43489074707031,-43.43496322631836,-43.43502426147461,-43.43507766723633,-43.43513107299805,-43.435176849365234,-43.43522262573242,-43.43526840209961,-43.43531799316406,-43.43537521362305,-43.43543243408203,-43.43550109863281,-43.435577392578125,-43.4356575012207,-43.43574905395508,-43.43584060668945,-43.43593978881836,-43.43604278564453,-43.4361457824707,-43.436248779296875,-43.43634796142578,-43.43644714355469,-43.43653869628906,-43.43663024902344,-43.43671798706055,-43.436798095703125,-43.43687438964844,-43.436946868896484,-43.437015533447266,-43.43708419799805,-43.43714904785156,-43.43721008300781,-43.4372673034668,-43.43732833862305,-43.437381744384766,-43.43743896484375,-43.43749237060547,-43.43754577636719,-43.43759536743164,-43.437644958496094,-43.43769454956055,-43.437744140625,-43.43778991699219,-43.43783950805664,-43.43788146972656,-43.43792724609375,-43.43797302246094,-43.43801498413086,-43.43805694580078,-43.4380989074707,-43.438140869140625,-43.43817901611328,-43.4382209777832,-43.438262939453125,-43.43830108642578,-43.4383430480957,-43.43838119506836,-43.438419342041016,-43.43845748901367,-43.438499450683594,-43.43853759765625,-43.438575744628906,-43.4386100769043,-43.43864822387695,-43.43868637084961,-43.438720703125,-43.438758850097656,-43.43879318237305,-43.4388313293457,-43.438865661621094,-43.438899993896484,-43.438934326171875,-43.438968658447266,-43.439002990722656,-43.43903732299805,-43.43906784057617,-43.43910217285156,-43.43913269042969,-43.43916702270508,-43.4391975402832,-43.43922805786133,-43.43925857543945,-43.43928909301758,-43.4393196105957,-43.43935012817383,-43.43938064575195,-43.43940734863281,-43.43943786621094,-43.43946838378906,-43.43949508666992,-43.43952178955078,-43.439552307128906,-43.439579010009766,-43.439605712890625,-43.439632415771484,-43.439659118652344,-43.4396858215332,-43.43971252441406,-43.439735412597656,-43.439762115478516,-43.439788818359375,-43.43981170654297,-43.43983840942383,-43.43986129760742,-43.439884185791016,-43.439910888671875,-43.43993377685547,-43.43995666503906,-43.439979553222656,-43.44000244140625,-43.440025329589844,-43.44004821777344,-43.44007110595703,-43.44009017944336,-43.44011306762695,-43.44013595581055,-43.440155029296875,-43.44017791748047,-43.4401969909668,-43.44021987915039,-43.44023895263672,-43.44025802612305,-43.44028091430664,-43.44029998779297,-43.4403190612793,-43.440338134765625,-43.44035720825195,-43.44037628173828,-43.44039535522461,-43.44041442871094,-43.440433502197266,-43.440452575683594,-43.44047164916992,-43.44049072265625,-43.44050598144531,-43.44052505493164,-43.44054412841797,-43.4405632019043,-43.44057846069336,-43.44059753417969,-43.44061279296875,-43.44063186645508,-43.44064712524414,-43.44066619873047,-43.44068145751953,-43.44070053100586,-43.44071578979492,-43.440731048583984,-43.44075012207031,-43.440765380859375,-43.44078063964844,-43.4407958984375,-43.44081497192383,-43.44083023071289,-43.44084548950195,-43.440860748291016,-43.44087600708008,-43.44089126586914,-43.4409065246582,-43.440921783447266,-43.44093704223633,-43.44095230102539,-43.44096755981445,-43.440982818603516,-43.44099807739258,-43.44101333618164,-43.4410285949707,-43.441043853759766,-43.44105911254883,-43.44107437133789,-43.44108963012695,-43.441104888916016,-43.44112014770508,-43.44113540649414,-43.4411506652832,-43.441165924072266,-43.44117736816406,-43.441192626953125,-43.44120788574219,-43.44122314453125,-43.44123840332031,-43.441253662109375,-43.44126510620117,-43.441280364990234,-43.4412956237793,-43.44131088256836,-43.44132614135742,-43.441341400146484,-43.44135284423828,-43.441368103027344,-43.441383361816406,-43.44139862060547,-43.44141387939453,-43.441429138183594,-43.44144058227539,-43.44145584106445,-43.441471099853516,-43.44148635864258,-43.44150161743164,-43.4415168762207,-43.441532135009766,-43.44154739379883,-43.44156265258789,-43.44157409667969,-43.44158935546875,-43.44160461425781,-43.441619873046875,-43.44163513183594,-43.441650390625,-43.44166564941406,-43.441680908203125,-43.44169616699219,-43.44171142578125,-43.44173049926758,-43.44174575805664,-43.4417610168457,-43.441776275634766,-43.44179153442383,-43.44180679321289,-43.44182586669922,-43.44184112548828,-43.441856384277344,-43.441871643066406,-43.441890716552734,-43.4419059753418,-43.44192123413086,-43.44194030761719,-43.44195556640625,-43.44197463989258,-43.44198989868164,-43.44200897216797,-43.44202423095703,-43.44204330444336,-43.44206237792969,-43.44207763671875,-43.44209671020508,-43.442115783691406,-43.442134857177734,-43.44215393066406,-43.44217300415039,-43.44219207763672,-43.44221115112305,-43.442230224609375,-43.4422492980957,-43.44226837158203,-43.44228744506836,-43.44230651855469,-43.44232940673828,-43.44234848022461,-43.44236755371094,-43.44239044189453,-43.44240951538086,-43.44243240356445,-43.44245529174805,-43.442474365234375,-43.44249725341797,-43.44252014160156,-43.442543029785156,-43.44256591796875,-43.442588806152344,-43.44261169433594,-43.44263458251953,-43.442657470703125,-43.442684173583984,-43.44270706176758,-43.44273376464844,-43.44275665283203,-43.44278335571289,-43.44281005859375,-43.442832946777344,-43.4428596496582,-43.44288635253906,-43.44291305541992,-43.44294357299805,-43.442970275878906,-43.442996978759766,-43.44302749633789,-43.44305419921875,-43.443084716796875,-43.443115234375,-43.44314193725586,-43.443172454833984,-43.44320297241211,-43.443233489990234,-43.443267822265625,-43.44329833984375,-43.44333267211914,-43.443363189697266,-43.443397521972656,-43.44343185424805,-43.44346237182617,-43.44350051879883,-43.44353485107422,-43.44356918334961,-43.443603515625,-43.443641662597656,-43.44367599487305,-43.4437141418457,-43.44375228881836,-43.443790435791016,-43.44382858276367,-43.44386672973633,-43.44390869140625,-43.443946838378906,-43.44398880004883,-43.44403076171875,-43.44407272338867,-43.444114685058594,-43.444156646728516,-43.44419860839844,-43.444244384765625,-43.44428634643555,-43.444332122802734,-43.44437789916992,-43.44442367553711,-43.4444694519043,-43.44451904296875,-43.44456481933594,-43.44461441040039,-43.444664001464844,-43.44470977783203,-43.444759368896484,-43.4448127746582,-43.444862365722656,-43.444915771484375,-43.44496536254883,-43.44501876831055,-43.445072174072266,-43.445125579833984,-43.4451789855957,-43.44523239135742,-43.445289611816406,-43.44534683227539,-43.44540023803711,-43.445457458496094,-43.44551467895508,-43.44557571411133,-43.44563293457031,-43.4456901550293,-43.44575119018555,-43.4458122253418,-43.44587326049805,-43.4459342956543,-43.44599533081055,-43.4460563659668,-43.44611740112305,-43.44618225097656,-43.44624710083008,-43.44630813598633,-43.446372985839844,-43.44643783569336,-43.446502685546875,-43.44656753540039,-43.44663619995117,-43.44670104980469,-43.44676971435547,-43.446834564208984,-43.446903228759766,-43.44697189331055,-43.44704055786133,-43.447105407714844,-43.447174072265625,-43.44724655151367,-43.44731521606445,-43.447383880615234,-43.447452545166016,-43.4475212097168,-43.447593688964844,-43.447662353515625,-43.44773483276367,-43.44780349731445,-43.4478759765625,-43.44794464111328,-43.44801712036133,-43.44808578491211,-43.448158264160156,-43.4482307434082,-43.448299407958984,-43.44837188720703,-43.44844055175781,-43.44851303100586,-43.448585510253906,-43.44865417480469,-43.448726654052734,-43.448795318603516,-43.44886779785156,-43.448936462402344,-43.449005126953125,-43.44907760620117,-43.44914627075195,-43.449214935302734,-43.449283599853516,-43.4493522644043,-43.44942092895508,-43.44948959350586,-43.44955825805664,-43.44962692260742,-43.44969177246094,-43.44976043701172,-43.449825286865234,-43.449893951416016,-43.44995880126953,-43.45002365112305,-43.45008850097656,-43.45015335083008,-43.45021438598633,-43.450279235839844,-43.450340270996094,-43.45040512084961,-43.45046615600586,-43.45052719116211,-43.45058822631836,-43.450645446777344,-43.450706481933594,-43.45076370239258,-43.45082092285156,-43.45087814331055,-43.45093536376953,-43.450992584228516,-43.451045989990234,-43.45110321044922,-43.45115661621094,-43.451210021972656,-43.451263427734375,-43.451316833496094,-43.45136642456055,-43.451416015625,-43.45146560668945,-43.451515197753906,-43.45156478881836,-43.45161437988281,-43.45166015625,-43.45170593261719,-43.451751708984375,-43.45179748535156,-43.45184326171875,-43.45188522338867,-43.451927185058594,-43.451969146728516,-43.45201110839844,-43.45205307006836,-43.45209503173828,-43.45213317871094,-43.452171325683594,-43.45220947265625,-43.452247619628906,-43.45228576660156,-43.45232009887695,-43.452354431152344,-43.452388763427734,-43.452423095703125,-43.452457427978516,-43.452491760253906,-43.45252227783203,-43.452552795410156,-43.45258712768555,-43.452613830566406,-43.45264434814453,-43.452674865722656,-43.452701568603516,-43.45273208618164,-43.4527587890625,-43.45278549194336,-43.45281219482422,-43.45283508300781,-43.45286178588867,-43.452884674072266,-43.452911376953125,-43.45293426513672,-43.45295715332031,-43.452980041503906,-43.452999114990234,-43.45302200317383,-43.45304489135742,-43.45306396484375,-43.45308303833008,-43.453102111816406,-43.453121185302734,-43.45314025878906,-43.45315933227539,-43.45317840576172,-43.45319366455078,-43.45321273803711,-43.45322799682617,-43.453243255615234,-43.4532585144043,-43.45327377319336,-43.45328903198242,-43.453304290771484,-43.45331954956055,-43.45333480834961,-43.453346252441406,-43.45336151123047,-43.453372955322266,-43.45338439941406,-43.453399658203125,-43.45341110229492,-43.45342254638672,-43.453433990478516,-43.45344543457031,-43.45345687866211,-43.45346450805664,-43.45347595214844,-43.453487396240234,-43.453495025634766,-43.45350646972656,-43.453514099121094,-43.45352554321289,-43.45353317260742,-43.45354080200195,-43.45355224609375,-43.45355987548828,-43.45356750488281,-43.453575134277344,-43.453582763671875,-43.453590393066406,-43.45359802246094,-43.45360565185547,-43.453609466552734,-43.453617095947266
-32.95859909057617,-33.07622528076172,-33.195865631103516,-33.31788635253906,-33.44407272338867,-33.57479476928711,-33.70991516113281,-33.85115432739258,-34.00102996826172,-34.16086196899414,-34.33104705810547,-34.51143264770508,-34.70121765136719,-34.89877700805664,-35.1014404296875,-35.30555725097656,-35.50844955444336,-35.712242126464844,-35.922264099121094,-36.13896179199219,-36.356605529785156,-36.56764221191406,-36.769317626953125,-36.96723937988281,-37.16647720336914,-37.36457061767578,-37.555912017822266,-37.73675537109375,-37.90969467163086,-38.078468322753906,-38.23958969116211,-38.388404846191406,-38.52744674682617,-38.661712646484375,-38.79060363769531,-38.91072463989258,-39.024471282958984,-39.13801193237305,-39.25148010253906,-39.362098693847656,-39.471736907958984,-39.58256912231445,-39.69195556640625,-39.79840850830078,-39.905128479003906,-40.01259994506836,-40.11859893798828,-40.225135803222656,-40.33437728881836,-40.444705963134766,-40.5568962097168,-40.67204284667969,-40.78697967529297,-40.90103530883789,-41.014583587646484,-41.12542724609375,-41.23457717895508,-41.34206008911133,-41.44692611694336,-41.55099105834961,-41.653106689453125,-41.7533073425293,-41.85100173950195,-41.94460678100586,-42.034610748291016,-42.119544982910156,-42.200008392333984,-42.275272369384766,-42.34605026245117,-42.412357330322266,-42.47447204589844,-42.53263854980469,-42.58708190917969,-42.63825988769531,-42.68614959716797,-42.73106384277344,-42.77539825439453,-42.82103729248047,-42.866790771484375,-42.91240310668945,-42.957576751708984,-43.002525329589844,-43.04698181152344,-43.09103775024414,-43.13441848754883,-43.17714309692383,-43.21891784667969,-43.2597541809082,-43.299495697021484,-43.3382453918457,-43.37591552734375,-43.41261291503906,-43.448272705078125,-43.48295211791992,-43.51655197143555,-43.549110412597656,-43.58058166503906,-43.610992431640625,-43.64032745361328,-43.66859817504883,-43.695823669433594,-43.72196578979492,-43.74706268310547,-43.771095275878906,-43.79411315917969,-43.81612014770508,-43.83715057373047,-43.85723114013672,-43.87636184692383,-43.89456558227539,-43.91183853149414,-43.928192138671875,-43.94363784790039,-43.958187103271484,-43.97186279296875,-43.98468017578125,-43.996673583984375,-44.00786590576172,-44.018280029296875,-44.03206253051758,-44.0466423034668,-44.06137466430664,-44.07595443725586,-44.090213775634766,-44.1040153503418,-44.117244720458984,-44.1297607421875,-44.1414680480957,-44.15232849121094,-44.162376403808594,-44.17165756225586,-44.18019104003906,-44.18800735473633,-44.195125579833984,-44.20159149169922,-44.20744705200195,-44.212745666503906,-44.217567443847656,-44.22198486328125,-44.22605895996094,-44.229835510253906,-44.23335647583008,-44.23666763305664,-44.239810943603516,-44.242828369140625,-44.245750427246094,-44.248600006103516,-44.25140380859375,-44.25416564941406,-44.25688934326172,-44.25957489013672,-44.26222229003906,-44.26483154296875,-44.26740646362305,-44.26993179321289,-44.272403717041016,-44.274810791015625,-44.27714920043945,-44.27941131591797,-44.28158950805664,-44.28368377685547,-44.28569030761719,-44.2876091003418,-44.289432525634766,-44.29116439819336,-44.29280090332031,-44.29435348510742,-44.29581832885742,-44.29719924926758,-44.298500061035156,-44.29972839355469,-44.30088806152344,-44.301979064941406,-44.30301284790039,-44.30398941040039,-44.30491638183594,-44.30579376220703,-44.3066291809082,-44.307430267333984,-44.30819320678711,-44.30892562866211,-44.30963134765625,-44.31031036376953,-44.31096649169922,-44.31160354614258,-44.31222152709961,-44.312828063964844,-44.313419342041016,-44.31399917602539,-44.31456756591797,-44.31513214111328,-44.31568908691406,-44.31623840332031,-44.31678771972656,-44.31732940673828,-44.317867279052734,-44.318397521972656,-44.31892776489258,-44.319488525390625,-44.32007598876953,-44.32062911987305,-44.32118225097656,-44.32177734375,-44.322364807128906,-44.32294845581055,-44.32356643676758,-44.32418441772461,-44.32481002807617,-44.32546615600586,-44.32612228393555,-44.32679748535156,-44.32749938964844,-44.32820510864258,-44.32893753051758,-44.32969284057617,-44.33045959472656,-44.33125305175781,-44.33207321166992,-44.33291244506836,-44.33378219604492,-44.334678649902344,-44.33559799194336,-44.33655548095703,-44.33753967285156,-44.33855438232422,-44.3396110534668,-44.3406982421875,-44.341827392578125,-44.342994689941406,-44.34420394897461,-44.345462799072266,-44.346763610839844,-44.34811782836914,-44.34952163696289,-44.35097885131836,-44.35248565673828,-44.35404586791992,-44.355648040771484,-44.35727310180664,-44.35888671875,-44.36045455932617,-44.362003326416016,-44.363773345947266,-44.366153717041016,-44.36909866333008,-44.37184524536133,-44.37401580810547,-44.37617874145508,-44.378990173339844,-44.382266998291016,-44.385311126708984,-44.388126373291016,-44.39132308959961,-44.39504623413086,-44.398807525634766,-44.40245056152344,-44.406368255615234,-44.4107666015625,-44.41535186767578,-44.419960021972656,-44.42483901977539,-44.43017578125,-44.43579864501953,-44.44157791137695,-44.447669982910156,-44.4542236328125,-44.461151123046875,-44.46836471557617,-44.475948333740234,-44.4840202331543,-44.4925537109375,-44.50148391723633,-44.51084518432617,-44.52073287963867,-44.531150817871094,-44.54205322265625,-44.55344772338867,-44.56538772583008,-44.57789611816406,-44.5909423828125,-44.60450744628906,-44.61861038208008,-44.63325881958008,-44.648441314697266,-44.66411590576172,-44.680259704589844,-44.69686508178711,-44.713905334472656,-44.731327056884766,-44.749080657958984,-44.767112731933594,-44.78538131713867,-44.80381393432617,-44.82233810424805,-44.840877532958984,-44.859344482421875,-44.87767028808594,-44.89576721191406,-44.91354751586914,-44.9309196472168,-44.947811126708984,-44.964149475097656,-44.97986602783203,-44.99489974975586,-45.00920867919922,-45.02275466918945,-45.03551483154297,-45.0474853515625,-45.05866622924805,-45.06907653808594,-45.0787467956543,-45.087711334228516,-45.09601974487305,-45.103721618652344,-45.110870361328125,-45.11751937866211,-45.123722076416016,-45.1295280456543,-45.13498306274414,-45.14012908935547,-45.14500045776367,-45.14962387084961,-45.15402603149414,-45.15822219848633,-45.1622314453125,-45.16606140136719,-45.16971969604492,-45.1732177734375,-45.17655563354492,-45.17973709106445,-45.182769775390625,-45.18565368652344,-45.188392639160156,-45.19099044799805,-45.19345474243164,-45.19578170776367,-45.1979866027832,-45.2000732421875,-45.20204162597656,-45.20390319824219,-45.205657958984375,-45.20732116699219,-45.20888900756836,-45.21037673950195,-45.2117805480957,-45.21311569213867,-45.214378356933594,-45.215576171875,-45.216712951660156,-45.21779251098633,-45.218814849853516,-45.21978759765625,-45.22071075439453,-45.221588134765625,-45.22241973876953,-45.223209381103516,-45.22395706176758,-45.22466278076172,-45.2253303527832,-45.2259635925293,-45.226558685302734,-45.22712326049805,-45.22765350341797,-45.228153228759766,-45.2286262512207,-45.22907257080078,-45.229488372802734,-45.229881286621094,-45.230247497558594,-45.23058319091797,-45.230892181396484,-45.23115539550781,-45.23136520385742,-45.23148727416992,-45.23149490356445,-45.23137664794922,-45.23124694824219,-45.23138427734375,-45.232032775878906,-45.23292541503906,-45.233421325683594,-45.23332977294922,-45.23310470581055,-45.2332878112793,-45.23383712768555,-45.234222412109375,-45.23418426513672,-45.234073638916016,-45.23426055908203,-45.23462677001953,-45.23480224609375,-45.234745025634766,-45.234745025634766,-45.234947204589844,-45.235164642333984,-45.23521041870117,-45.23517608642578,-45.23524475097656,-45.235408782958984,-45.23551559448242,-45.23551559448242,-45.23551940917969,-45.2356071472168,-45.235713958740234,-45.235755920410156,-45.235755920410156,-45.235782623291016,-45.23585510253906,-45.23591613769531,-45.23593521118164,-45.235939025878906,-45.23596954345703,-45.23602294921875,-45.23605728149414,-45.23606872558594,-45.236080169677734,-45.23610305786133,-45.23613739013672,-45.23616027832031,-45.23617172241211,-45.23617935180664,-45.23619842529297,-45.2362174987793,-45.236236572265625,-45.236244201660156,-45.23625183105469,-45.236263275146484,-45.23627471923828,-45.236289978027344,-45.236297607421875,-45.23630142211914,-45.23630905151367,-45.2363166809082,-45.236328125,-45.236331939697266,-45.23633575439453,-45.23634338378906,-45.23634719848633
-33.08625030517578,-33.27465057373047,-33.45859909057617,-33.63686752319336,-33.80949401855469,-33.97771072387695,-34.14267349243164,-34.30482864379883,-34.464263916015625,-34.62099075317383,-34.77494812011719,-34.92599105834961,-35.073909759521484,-35.21849060058594,-35.35959243774414,-35.497276306152344,-35.63180923461914,-35.76356506347656,-35.89286804199219,-36.020015716552734,-36.14530944824219,-36.269039154052734,-36.39149475097656,-36.51299285888672,-36.63390350341797,-36.754615783691406,-36.87553787231445,-36.9970817565918,-37.11962127685547,-37.243446350097656,-37.36875915527344,-37.49562072753906,-37.623924255371094,-37.75343704223633,-37.883846282958984,-38.014801025390625,-38.14594650268555,-38.276893615722656,-38.4072151184082,-38.53645324707031,-38.664161682128906,-38.7899284362793,-38.91337585449219,-39.0341682434082,-39.15200424194336,-39.26662826538086,-39.3777961730957,-39.48527526855469,-39.588863372802734,-39.688419342041016,-39.78382873535156,-39.875,-39.96184539794922,-40.04433059692383,-40.12242889404297,-40.196144104003906,-40.26552963256836,-40.330650329589844,-40.39156723022461,-40.448360443115234,-40.50113296508789,-40.55002212524414,-40.59519958496094,-40.636871337890625,-40.67526626586914,-40.72312927246094,-40.77492141723633,-40.828521728515625,-40.88278579711914,-40.93698501586914,-40.99062728881836,-41.043357849121094,-41.094947814941406,-41.1452522277832,-41.19419479370117,-41.241737365722656,-41.28786849975586,-41.33257293701172,-41.37583541870117,-41.41765213012695,-41.458011627197266,-41.49692916870117,-41.53441619873047,-41.57051467895508,-41.60526657104492,-41.63874053955078,-41.6710090637207,-41.70213317871094,-41.732181549072266,-41.76121139526367,-41.78926086425781,-41.81637191772461,-41.842586517333984,-41.86793518066406,-41.89246368408203,-41.91620635986328,-41.93920135498047,-41.96148681640625,-41.98308563232422,-42.004024505615234,-42.024314880371094,-42.043968200683594,-42.0629997253418,-42.081424713134766,-42.0992546081543,-42.11650466918945,-42.133201599121094,-42.14935302734375,-42.164974212646484,-42.18008041381836,-42.194679260253906,-42.20878982543945,-42.222412109375,-42.237205505371094,-42.2523193359375,-42.267356872558594,-42.28206253051758,-42.29647445678711,-42.31061553955078,-42.32447814941406,-42.33808517456055,-42.35143280029297,-42.3645133972168,-42.377342224121094,-42.389949798583984,-42.402347564697266,-42.41456985473633,-42.42665100097656,-42.43863296508789,-42.450538635253906,-42.46240997314453,-42.47428512573242,-42.486202239990234,-42.4981803894043,-42.51026153564453,-42.522464752197266,-42.53480911254883,-42.54731369018555,-42.55998992919922,-42.572845458984375,-42.58588790893555,-42.5991096496582,-42.61251449584961,-42.6260871887207,-42.63982009887695,-42.65370178222656,-42.66771697998047,-42.68185043334961,-42.696083068847656,-42.71040344238281,-42.724788665771484,-42.739227294921875,-42.75370407104492,-42.76820373535156,-42.782711029052734,-42.79722213745117,-42.81171798706055,-42.826202392578125,-42.840660095214844,-42.8550910949707,-42.86949157714844,-42.88386154174805,-42.89820098876953,-42.91250991821289,-42.926795959472656,-42.94105911254883,-42.95530319213867,-42.96953582763672,-42.983760833740234,-42.997989654541016,-43.0122184753418,-43.02646255493164,-43.04072189331055,-43.05500411987305,-43.06930923461914,-43.08363723754883,-43.097984313964844,-43.112342834472656,-43.1266975402832,-43.141029357910156,-43.15531921386719,-43.16952896118164,-43.183631896972656,-43.19758605957031,-43.21135711669922,-43.22490310668945,-43.238189697265625,-43.25117111206055,-43.26382064819336,-43.276100158691406,-43.28797912597656,-43.29943084716797,-43.31043243408203,-43.32094955444336,-43.33097457885742,-43.34048080444336,-43.34946060180664,-43.35791015625,-43.36582946777344,-43.373226165771484,-43.3801155090332,-43.38650894165039,-43.392425537109375,-43.397891998291016,-43.40292739868164,-43.407554626464844,-43.41179656982422,-43.41567611694336,-43.41921615600586,-43.42243194580078,-43.425357818603516,-43.428001403808594,-43.43039321899414,-43.43254852294922,-43.43449020385742,-43.43622589111328,-43.437782287597656,-43.43916702270508,-43.44039535522461,-43.44148635864258,-43.442447662353516,-43.44329071044922,-43.444034576416016,-43.44468688964844,-43.44525909423828,-43.445762634277344,-43.44620132446289,-43.446590423583984,-43.446929931640625,-43.44723129272461,-43.44750213623047,-43.4477424621582,-43.44796371459961,-43.44816207885742,-43.44834518432617,-43.44851303100586,-43.448673248291016,-43.44882583618164,-43.44896697998047,-43.44910430908203,-43.44923400878906,-43.44935607910156,-43.44947814941406,-43.44959259033203,-43.449703216552734,-43.44981002807617,-43.449913024902344,-43.450008392333984,-43.450103759765625,-43.450191497802734,-43.450279235839844,-43.45035934448242,-43.450435638427734,-43.45050811767578,-43.45058059692383,-43.450645446777344,-43.450706481933594,-43.450767517089844,-43.45082092285156,-43.45087432861328,-43.450923919677734,-43.45096969604492,-43.45101547241211,-43.45105743408203,-43.45109558105469,-43.451133728027344,-43.451168060302734,-43.45119857788086,-43.451229095458984,-43.45125961303711,-43.45128631591797,-43.45131301879883,-43.45133590698242,-43.451358795166016,-43.45138168334961,-43.45140075683594,-43.45142364501953,-43.451438903808594,-43.45145797729492,-43.45147705078125,-43.45149230957031,-43.451507568359375,-43.45152282714844,-43.4515380859375,-43.4515495300293,-43.45156478881836,-43.451576232910156,-43.45159149169922,-43.451602935791016,-43.45161437988281,-43.45162582397461,-43.451637268066406,-43.4516487121582,-43.45166015625,-43.4516716003418,-43.451683044433594,-43.45169448852539,-43.45170593261719,-43.45171356201172,-43.451725006103516,-43.45173645019531,-43.451744079589844,-43.45175552368164,-43.45176696777344,-43.45177459716797,-43.451786041259766,-43.4517936706543,-43.451805114746094,-43.45181655883789,-43.45182418823242,-43.45183563232422,-43.45184326171875,-43.45185089111328,-43.45186233520508,-43.45186996459961,-43.451881408691406,-43.45188903808594,-43.45189666748047,-43.451908111572266,-43.4519157409668,-43.45192337036133,-43.451934814453125,-43.451942443847656,-43.45195007324219,-43.451961517333984,-43.451969146728516,-43.45197677612305,-43.45198440551758,-43.451995849609375,-43.452003479003906,-43.45201110839844,-43.45201873779297,-43.4520263671875,-43.4520378112793,-43.45204544067383,-43.45205307006836,-43.45206069946289,-43.45206832885742,-43.45207595825195,-43.45208740234375,-43.45209503173828,-43.45210266113281,-43.452110290527344,-43.452117919921875,-43.452125549316406,-43.45213317871094,-43.45214080810547,-43.4521484375,-43.45215606689453,-43.45216369628906,-43.452171325683594,-43.452178955078125,-43.452186584472656,-43.45219421386719,-43.45220184326172,-43.45220947265625,-43.45221710205078,-43.45222473144531,-43.452232360839844,-43.452239990234375,-43.452247619628906,-43.45225524902344,-43.45226287841797,-43.452266693115234
-31.483455657958984,-31.589736938476562,-31.698152542114258,-31.808645248413086,-31.920944213867188,-32.0346794128418,-32.149513244628906,-32.26521682739258,-32.381675720214844,-32.49880599975586,-32.61650085449219,-32.734657287597656,-32.853206634521484,-32.97208023071289,-33.09123611450195,-33.210662841796875,-33.33040237426758,-33.45054244995117,-33.571224212646484,-33.692535400390625,-33.814449310302734,-33.936832427978516,-34.05944061279297,-34.181941986083984,-34.303932189941406,-34.42491912841797,-34.54439163208008,-34.66185760498047,-34.776920318603516,-34.88932418823242,-34.99898147583008,-35.10591125488281,-35.210235595703125,-35.312129974365234,-35.41181564331055,-35.5095100402832,-35.605403900146484,-35.69966125488281,-35.792423248291016,-35.88385009765625,-35.97407531738281,-36.063194274902344,-36.15129089355469,-36.23844528198242,-36.32478332519531,-36.410465240478516,-36.49564743041992,-36.58040237426758,-36.664669036865234,-36.748260498046875,-36.83089065551758,-36.912227630615234,-36.99189758300781,-37.069515228271484,-37.144866943359375,-37.21824645996094,-37.290382385253906,-37.36188507080078,-37.432865142822266,-37.50292205810547,-37.57122802734375,-37.63680648803711,-37.69933319091797,-37.76006317138672,-37.820594787597656,-37.88089370727539,-37.939571380615234,-37.99519729614258,-38.048030853271484,-38.10003662109375,-38.15184020996094,-38.202056884765625,-38.24940872192383,-38.29447555541992,-38.33888626098633,-38.3826904296875,-38.424522399902344,-38.46415710449219,-38.503273010253906,-38.54270553588867,-38.59221649169922,-38.64623260498047,-38.703636169433594,-38.76434326171875,-38.82756805419922,-38.89268493652344,-38.96017074584961,-39.03032302856445,-39.10240936279297,-39.176090240478516,-39.25156021118164,-39.32793045043945,-39.40420913696289,-39.48044204711914,-39.5558967590332,-39.629573822021484,-39.70170211791992,-39.77196502685547,-39.8399772644043,-39.906375885009766,-39.971134185791016,-40.03459167480469,-40.097251892089844,-40.15888977050781,-40.220001220703125,-40.28036117553711,-40.33993148803711,-40.39872360229492,-40.456443786621094,-40.513187408447266,-40.56856918334961,-40.622825622558594,-40.675689697265625,-40.72746658325195,-40.778114318847656,-40.82801055908203,-40.87718200683594,-40.92576599121094,-40.97383499145508,-41.02119827270508,-41.06789779663086,-41.113765716552734,-41.15871810913086,-41.20283126831055,-41.24608612060547,-41.28855514526367,-41.33040237426758,-41.3717041015625,-41.412506103515625,-41.45290756225586,-41.49302291870117,-41.532958984375,-41.57284164428711,-41.612831115722656,-41.65311050415039,-41.6938591003418,-41.7352180480957,-41.77726745605469,-41.819950103759766,-41.862998962402344,-41.907135009765625,-41.954708099365234,-42.002532958984375,-42.049808502197266,-42.10073471069336,-42.15176773071289,-42.20304489135742,-42.25711441040039,-42.31029510498047,-42.36436080932617,-42.41944122314453,-42.47293472290039,-42.52690887451172,-42.57992935180664,-42.630897521972656,-42.68131637573242,-42.729496002197266,-42.77543640136719,-42.82008361816406,-42.862178802490234,-42.902381896972656,-42.94133758544922,-42.97832489013672,-43.014217376708984,-43.04937744140625,-43.0833740234375,-43.116947174072266,-43.15015411376953,-43.182682037353516,-43.21503448486328,-43.2470588684082,-43.27853012084961,-43.309776306152344,-43.34059143066406,-43.37086486816406,-43.40082550048828,-43.4303092956543,-43.45928955078125,-43.48795700073242,-43.516204833984375,-43.54405212402344,-43.571651458740234,-43.59893035888672,-43.625885009765625,-43.652618408203125,-43.67905807495117,-43.70516586303711,-43.73099136352539,-43.7564582824707,-43.78150177001953,-43.80612564086914,-43.83028030395508,-43.8538932800293,-43.87694549560547,-43.899417877197266,-43.92124938964844,-43.94240951538086,-43.96289825439453,-43.98268127441406,-44.00606155395508,-44.03087615966797,-44.05640411376953,-44.082115173339844,-44.10769271850586,-44.13289260864258,-44.15757751464844,-44.181671142578125,-44.20508575439453,-44.227760314941406,-44.24973678588867,-44.27104187011719,-44.29167938232422,-44.31168746948242,-44.33113479614258,-44.35006332397461,-44.36851501464844,-44.38652420043945,-44.40412139892578,-44.42131805419922,-44.43813705444336,-44.45456314086914,-44.47057342529297,-44.48615264892578,-44.50127410888672,-44.515907287597656,-44.53001403808594,-44.54356002807617,-44.55652618408203,-44.568878173828125,-44.58060073852539,-44.5916748046875,-44.60209274291992,-44.611854553222656,-44.62096405029297,-44.629425048828125,-44.63725662231445,-44.64447021484375,-44.65109634399414,-44.65715789794922,-44.662681579589844,-44.66769790649414,-44.672245025634766,-44.67634963989258,-44.680049896240234,-44.683380126953125,-44.68637466430664,-44.68906021118164,-44.69147491455078,-44.69364547729492,-44.695594787597656,-44.69735336303711,-44.698944091796875,-44.70038604736328,-44.701698303222656,-44.70289993286133,-44.70399856567383,-44.70501708984375,-44.70595932006836,-44.70684051513672,-44.707664489746094,-44.70844268798828,-44.70917510986328,-44.709877014160156,-44.71054458618164,-44.71118927001953,-44.71180725097656,-44.712406158447266,-44.71298599243164,-44.71355056762695,-44.7140998840332,-44.71463394165039,-44.71515655517578,-44.715667724609375,-44.716163635253906,-44.71664810180664,-44.71712112426758,-44.71758270263672,-44.71803283691406,-44.718467712402344,-44.71889114379883,-44.719303131103516,-44.71969985961914,-44.720088958740234,-44.72046661376953,-44.720829010009766,-44.72118377685547,-44.721527099609375,-44.72186279296875,-44.72218704223633,-44.722503662109375,-44.72281265258789,-44.723114013671875,-44.72340774536133,-44.72369384765625,-44.72397232055664,-44.724246978759766,-44.724517822265625,-44.72478103637695,-44.725040435791016,-44.72529220581055,-44.72554397583008,-44.72578811645508,-44.72602844238281,-44.72626876831055,-44.72650146484375,-44.72673416137695,-44.726959228515625,-44.72718811035156,-44.72740936279297,-44.727630615234375,-44.72784423828125,-44.72806167602539,-44.728271484375,-44.728485107421875,-44.72869110107422,-44.72889709472656,-44.72909927368164,-44.72930145263672,-44.7295036315918,-44.729698181152344,-44.729896545410156,-44.73008728027344,-44.730281829833984,-44.730472564697266,-44.73065948486328,-44.7308464050293,-44.73103332519531,-44.73121643066406,-44.73139572143555,-44.73157501220703,-44.731754302978516,-44.73193359375,-44.73210906982422,-44.73228073120117,-44.732452392578125,-44.73262405395508,-44.732791900634766,-44.73295593261719,-44.733116149902344,-44.733272552490234,-44.73341751098633,-44.733543395996094,-44.73363494873047,-44.733680725097656,-44.73366165161133,-44.73361587524414,-44.733680725097656,-44.734012603759766,-44.73452377319336,-44.7348747253418,-44.73490524291992,-44.73484420776367,-44.73500061035156,-44.73535919189453,-44.735618591308594,-44.735660552978516,-44.735694885253906,-44.73590087890625,-44.73617172241211,-44.73631286621094,-44.73636245727539,-44.736488342285156,-44.73670959472656,-44.73688507080078,-44.736968994140625,-44.73706817626953,-44.73724365234375,-44.73741912841797,-44.73752975463867,-44.73762512207031,-44.73776626586914,-44.73793029785156,-44.738059997558594,-44.7381591796875,-44.73828125,-44.738426208496094,-44.73855972290039,-44.73866653442383,-44.73877716064453,-44.73890686035156,-44.739036560058594,-44.73915100097656,-44.739261627197266,-44.739376068115234,-44.739498138427734,-44.73961639404297,-44.739723205566406,-44.739830017089844,-44.73994445800781,-44.74005889892578,-44.740169525146484,-44.740272521972656,-44.740379333496094,-44.7404899597168,-44.740596771240234,-44.740699768066406,-44.74079895019531,-44.740901947021484,-44.74100875854492,-44.74110794067383,-44.741207122802734,-44.74130630493164,-44.74140167236328,-44.74150085449219,-44.741600036621094,-44.74169158935547,-44.74178695678711,-44.74188232421875,-44.741973876953125,-44.7420654296875,-44.742156982421875,-44.74224853515625,-44.74233627319336,-44.742427825927734,-44.742515563964844,-44.74259948730469,-44.7426872253418,-44.74277114868164,-44.74285888671875,-44.742942810058594,-44.74302673339844,-44.743106842041016,-44.743186950683594,-44.74327087402344,-44.743350982666016,-44.74342727661133,-44.743507385253906,-44.74358367919922,-44.7436637878418,-44.74374008178711,-44.743812561035156,-44.74388885498047,-44.743961334228516,-44.74403762817383,-44.744110107421875,-44.74418258666992,-44.7442512512207,-44.74432373046875,-44.74439239501953,-44.74446105957031,-44.744529724121094,-44.744598388671875,-44.744667053222656,-44.74473571777344,-44.74480056762695,-44.74486541748047,-44.744930267333984,-44.7449951171875,-44.74505615234375,-44.745121002197266,-44.745182037353516,-44.74524688720703,-44.74530792236328,-44.745365142822266,-44.745426177978516,-44.745487213134766,-44.74554443359375,-44.74560546875,-44.745662689208984,-44.74571990966797,-44.74577713012695,-44.74583053588867,-44.745887756347656,-44.745941162109375,-44.74599838256836,-44.74605178833008,-44.7461051940918,-44.746158599853516,-44.746212005615234,-44.74626159667969,-44.746315002441406,-44.74636459350586,-44.74641418457031,-44.74646759033203,-44.746517181396484,-44.74656677246094,-44.746612548828125,-44.74666213989258,-44.74671173095703,-44.74675750732422,-44.746803283691406,-44.74685287475586,-44.74689865112305,-44.746944427490234,-44.74699020385742,-44.747032165527344,-44.74707794189453,-44.74712371826172,-44.74716567993164,-44.74721145629883,-44.74725341796875,-44.74729537963867,-44.747337341308594,-44.747379302978516,-44.74742126464844,-44.74746322631836,-44.74750518798828,-44.74754333496094,-44.74758529663086,-44.747623443603516,-44.74766540527344,-44.747703552246094,-44.74774169921875,-44.747779846191406,-44.74781799316406,-44.74785614013672,-44.747894287109375,-44.74793243408203,-44.74796676635742,-44.74800491333008,-44.74803924560547,-44.748077392578125,-44.748111724853516,-44.748146057128906,-44.74818420410156,-44.74821853637695,-44.748252868652344,-44.748287200927734,-44.748321533203125,-44.74835205078125,-44.74838638305664,-44.748416900634766,-44.748451232910156,-44.748477935791016,-44.74850845336914,-44.748531341552734,-44.74855041503906,-44.74856185913086,-44.74855422973633,-44.7485237121582,-44.74846267700195,-44.74836730957031,-44.74825668334961,-44.74819564819336,-44.7482795715332,-44.74851989746094,-44.74879455566406,-44.74892044067383,-44.748863220214844,-44.748748779296875,-44.74873352050781,-44.748863220214844,-44.7490234375,-44.749088287353516,-44.74904251098633,-44.749000549316406,-44.74904251098633,-44.749149322509766,-44.74922561645508,-44.749229431152344,-44.74920654296875,-44.74922561645508,-44.749290466308594,-44.74935531616211,-44.7493782043457,-44.74937438964844,-44.749385833740234,-44.749427795410156,-44.749481201171875,-44.74951171875,-44.74951934814453,-44.74953079223633,-44.74956130981445,-44.74959945678711,-44.7496337890625,-44.74964904785156,-44.749664306640625,-44.74968719482422,-44.749717712402344,-44.74974822998047,-44.74977111816406,-44.74979019165039,-44.74980545043945,-44.74983215332031,-44.74985885620117,-44.749881744384766,-44.74990463256836,-44.74992370605469,-44.749942779541016,-44.74996566772461,-44.7499885559082,-44.7500114440918,-44.750030517578125,-44.75004959106445,-44.75007247924805,-44.750091552734375,-44.75011444091797,-44.7501335144043,-44.750152587890625,-44.75017166137695,-44.75019073486328,-44.750213623046875,-44.7502326965332,-44.75025177001953,-44.75027084350586,-44.75028991699219,-44.750308990478516,-44.75032424926758,-44.750343322753906,-44.750362396240234,-44.75038146972656,-44.75040054321289,-44.75041580200195,-44.75043487548828,-44.75045394897461,-44.75046920776367,-44.75048828125,-44.75050354003906,-44.75052261352539,-44.75053787231445,-44.75055694580078,-44.750572204589844,-44.750587463378906,-44.750606536865234,-44.7506217956543,-44.75063705444336,-44.75065231323242,-44.750667572021484,-44.75068664550781,-44.750701904296875,-44.75071716308594,-44.750732421875,-44.75074768066406,-44.750762939453125,-44.75077819824219,-44.75079345703125,-44.75080490112305,-44.75082015991211,-44.75083541870117,-44.750850677490234,-44.7508659362793,-44.750877380371094,-44.750892639160156,-44.75090789794922,-44.750919342041016,-44.75093460083008,-44.750946044921875,-44.75096130371094,-44.7509765625,-44.7509880065918,-44.750999450683594,-44.751014709472656,-44.75102615356445,-44.751041412353516,-44.75105285644531,-44.75106430053711,-44.75107955932617,-44.75109100341797,-44.751102447509766,-44.75111389160156,-44.751129150390625,-44.75114059448242,-44.75115203857422,-44.751163482666016,-44.75117492675781,-44.75118637084961,-44.751197814941406,-44.7512092590332,-44.751220703125,-44.7512321472168,-44.751243591308594,-44.75125503540039,-44.75126647949219,-44.751277923583984,-44.75128936767578,-44.75129699707031,-44.75130844116211,-44.751319885253906,-44.7513313293457,-44.751338958740234,-44.75135040283203,-44.75136184692383,-44.75136947631836,-44.751380920410156,-44.75139236450195,-44.751399993896484,-44.75141143798828,-44.75141906738281,-44.751426696777344,-44.751434326171875,-44.751441955566406,-44.75144577026367,-44.75144577026367
-33.5315055847168,-33.74412155151367,-33.95183563232422,-34.149356842041016,-34.335121154785156,-34.510074615478516,-34.67587661743164,-34.83475875854492,-34.988895416259766,-35.13982009887695,-35.28839111328125,-35.435096740722656,-35.58036422729492,-35.724700927734375,-35.868648529052734,-36.012657165527344,-36.15697479248047,-36.301666259765625,-36.44670104980469,-36.59210968017578,-36.73811721801758,-36.88508224487305,-37.0334587097168,-37.18394088745117,-37.337703704833984,-37.49637222290039,-37.66150665283203,-37.833614349365234,-38.01136016845703,-38.19173812866211,-38.371360778808594,-38.54831314086914,-38.723060607910156,-38.89693832397461,-39.06951141357422,-39.237953186035156,-39.39924240112305,-39.55312728881836,-39.70266342163086,-39.851016998291016,-39.99818420410156,-40.14206314086914,-40.28241729736328,-40.421871185302734,-40.561885833740234,-40.700260162353516,-40.83405303955078,-40.963035583496094,-41.08852005004883,-41.20994567871094,-41.325233459472656,-41.43426513671875,-41.53932189941406,-41.64165496826172,-41.7406120300293,-41.83658981323242,-41.9315299987793,-42.025856018066406,-42.1181755065918,-42.2080192565918,-42.29583740234375,-42.38079071044922,-42.46146774291992,-42.53793716430664,-42.61077117919922,-42.67963790893555,-42.744537353515625,-42.8065071105957,-42.86601638793945,-42.922767639160156,-42.97707748413086,-43.02928161621094,-43.084190368652344,-43.14120864868164,-43.19899368286133,-43.25675964355469,-43.31367492675781,-43.36943435668945,-43.42404556274414,-43.47734069824219,-43.52919006347656,-43.579689025878906,-43.628780364990234,-43.67631912231445,-43.722389221191406,-43.7670783996582,-43.810325622558594,-43.85218048095703,-43.892860412597656,-43.932437896728516,-43.97099304199219,-44.008663177490234,-44.045501708984375,-44.08149719238281,-44.116722106933594,-44.151180267333984,-44.18482208251953,-44.217674255371094,-44.24977111816406,-44.281089782714844,-44.311668395996094,-44.34150695800781,-44.370574951171875,-44.398868560791016,-44.42635726928711,-44.452980041503906,-44.47870635986328,-44.50349044799805,-44.52729415893555,-44.550106048583984,-44.57189178466797,-44.59263610839844,-44.61234664916992,-44.63099670410156,-44.64860153198242,-44.6651611328125,-44.680694580078125,-44.69524002075195,-44.708831787109375,-44.72152328491211,-44.73877716064453,-44.757503509521484,-44.776546478271484,-44.79557418823242,-44.81428146362305,-44.832489013671875,-44.850196838378906,-44.86741638183594,-44.88405990600586,-44.900020599365234,-44.91524887084961,-44.929725646972656,-44.94341278076172,-44.95628356933594,-44.9683723449707,-44.979740142822266,-44.990440368652344,-45.00052261352539,-45.01004409790039,-45.01905822753906,-45.02760696411133,-45.03570556640625,-45.04338073730469,-45.050655364990234,-45.057559967041016,-45.064109802246094,-45.07033157348633,-45.07624816894531,-45.081886291503906,-45.08726119995117,-45.09238052368164,-45.097251892089844,-45.10188293457031,-45.10627746582031,-45.110435485839844,-45.11436080932617,-45.11806106567383,-45.121543884277344,-45.124820709228516,-45.127899169921875,-45.13079071044922,-45.13351058959961,-45.13605880737305,-45.13845443725586,-45.14069747924805,-45.142799377441406,-45.144775390625,-45.14662551879883,-45.14836502075195,-45.150001525878906,-45.151546478271484,-45.15300369262695,-45.154380798339844,-45.15568923950195,-45.15693283081055,-45.15811538696289,-45.15924072265625,-45.16032028198242,-45.161346435546875,-45.16233444213867,-45.16328048706055,-45.164188385009766,-45.165061950683594,-45.1659049987793,-45.16672134399414,-45.16750717163086,-45.16826629638672,-45.16899871826172,-45.16970443725586,-45.17039108276367,-45.17105484008789,-45.171695709228516,-45.17231750488281,-45.17292022705078,-45.17350387573242,-45.174068450927734,-45.174617767333984,-45.175148010253906,-45.17566680908203,-45.17616653442383,-45.17665481567383,-45.177127838134766,-45.177589416503906,-45.178035736083984,-45.17847442626953,-45.17890167236328,-45.179317474365234,-45.179725646972656,-45.18012237548828,-45.180511474609375,-45.18089294433594,-45.1812629699707,-45.1816291809082,-45.18198776245117,-45.18233871459961,-45.182682037353516,-45.183021545410156,-45.183353424072266,-45.183677673339844,-45.18400192260742,-45.18431854248047,-45.184627532958984,-45.1849365234375,-45.185237884521484,-45.1855354309082,-45.18583297729492,-45.18612289428711,-45.18640899658203,-45.18669128417969,-45.186973571777344,-45.18724822998047,-45.187522888183594,-45.18779373168945,-45.18806457519531,-45.18832778930664,-45.18859100341797,-45.18885040283203,-45.189109802246094,-45.18936538696289,-45.18961715698242,-45.18986892700195,-45.190120697021484,-45.190364837646484,-45.19061279296875,-45.190853118896484,-45.19109344482422,-45.19133377075195,-45.19157028198242,-45.19180679321289,-45.192039489746094,-45.1922721862793,-45.192501068115234,-45.19272994995117,-45.19295883178711,-45.19318389892578,-45.19340896606445,-45.19363021850586,-45.193851470947266,-45.194068908691406,-45.19428634643555,-45.19450378417969,-45.19471740722656,-45.19493103027344,-45.19514083862305,-45.195350646972656,-45.195560455322266,-45.19576644897461,-45.19597244262695,-45.1961784362793,-45.196380615234375,-45.19658279418945,-45.196781158447266,-45.19697952270508,-45.19717788696289,-45.1973762512207,-45.19757080078125,-45.19776153564453,-45.19795608520508,-45.19814682006836,-45.198333740234375,-45.198524475097656,-45.19871139526367,-45.19889450073242,-45.19908142089844,-45.19926452636719,-45.19944381713867,-45.19962692260742,-45.199806213378906,-45.199981689453125,-45.20016098022461,-45.20033264160156,-45.20050811767578,-45.200679779052734,-45.20085144042969,-45.20102310180664,-45.20119094848633,-45.201358795166016,-45.2015266418457,-45.201690673828125,-45.201847076416016,-45.202003479003906,-45.20216369628906,-45.20233917236328,-45.2025032043457,-45.20265197753906,-45.20281219482422,-45.20297622680664,-45.203125,-45.203277587890625,-45.20343780517578,-45.20358657836914,-45.2037353515625,-45.20389175415039,-45.204036712646484,-45.20418167114258,-45.2043342590332,-45.2044792175293,-45.204620361328125,-45.20476531982422,-45.20490646362305,-45.205047607421875,-45.2051887512207,-45.20532989501953,-45.205467224121094,-45.205604553222656,-45.20574188232422,-45.205875396728516,-45.20600891113281,-45.20614242553711,-45.206275939941406,-45.20640563964844,-45.20653533935547,-45.2066650390625,-45.206787109375,-45.206912994384766,-45.20703125,-45.20714569091797,-45.2072639465332,-45.20738983154297,-45.20752716064453,-45.207664489746094,-45.20779800415039,-45.20791244506836,-45.20802307128906,-45.20813751220703,-45.20825958251953,-45.2083854675293,-45.2085075378418,-45.20862579345703,-45.20873260498047,-45.20884704589844,-45.208961486816406,-45.20907974243164,-45.20919418334961,-45.20930480957031,-45.20941162109375,-45.20952224731445,-45.209632873535156,-45.20974349975586,-45.20985412597656,-45.2099609375,-45.21006393432617,-45.21017074584961,-45.21027374267578,-45.21038055419922,-45.21048355102539,-45.21059036254883,-45.210693359375,-45.210792541503906,-45.21089172363281,-45.210994720458984,-45.21109390258789,-45.2111930847168,-45.2112922668457,-45.21139144897461,-45.211490631103516,-45.211585998535156,-45.2116813659668,-45.21177673339844,-45.21187210083008,-45.21196746826172,-45.21206283569336,-45.212154388427734,-45.21224594116211,-45.21233367919922,-45.21241760253906,-45.212493896484375,-45.21255874633789,-45.21261978149414,-45.21270751953125,-45.21284103393555,-45.21297073364258,-45.21304702758789,-45.213104248046875,-45.213199615478516,-45.21331787109375,-45.21340560913086,-45.21346664428711,-45.213558197021484,-45.21366500854492,-45.2137451171875,-45.21381378173828,-45.21390914916992,-45.2140007019043,-45.214073181152344,-45.21415328979492,-45.2142448425293,-45.214324951171875,-45.21439743041992,-45.2144775390625,-45.214561462402344,-45.214630126953125,-45.214698791503906,-45.21476745605469,-45.2148323059082,-45.21488952636719,-45.21495819091797,-45.21503829956055,-45.215126037597656,-45.2152214050293,-45.21532440185547,-45.21541976928711,-45.21549987792969,-45.21556854248047,-45.21563720703125,-45.2156982421875,-45.215763092041016,-45.21583557128906,-45.215911865234375,-45.21599197387695,-45.21607208251953,-45.21615219116211,-45.21623229980469,-45.216304779052734,-45.216373443603516,-45.21643829345703,-45.21650695800781,-45.21657180786133,-45.21664047241211,-45.216705322265625,-45.216773986816406,-45.21684646606445,-45.216915130615234,-45.216983795166016,-45.2170524597168,-45.21712112426758,-45.21718978881836,-45.21725845336914,-45.217323303222656,-45.21739196777344,-45.21745681762695,-45.21752166748047,-45.217586517333984,-45.2176513671875,-45.217716217041016,-45.217777252197266,-45.21784210205078,-45.21790313720703,-45.21796798706055,-45.2180290222168,-45.21809005737305,-45.2181510925293,-45.21821212768555,-45.2182731628418,-45.21833419799805,-45.2183952331543,-45.21845626831055,-45.21851348876953,-45.21857452392578,-45.218631744384766,-45.21868896484375,-45.218746185302734,-45.21880340576172,-45.21885299682617,-45.21889877319336,-45.218936920166016,-45.21895217895508,-45.21892547607422,-45.21882629394531,-45.21860885620117,-45.21824645996094,-45.217811584472656,-45.21759033203125,-45.21796417236328,-45.21885299682617,-45.21950149536133,-45.21940231323242,-45.218936920166016,-45.218833923339844,-45.21930694580078,-45.21976852416992,-45.219730377197266,-45.21945571899414,-45.219482421875,-45.2198371887207,-45.220054626464844,-45.21995162963867,-45.21984100341797,-45.21998977661133,-45.2202262878418,-45.220279693603516,-45.22019577026367,-45.220218658447266,-45.22038269042969,-45.22050476074219,-45.22049331665039,-45.22047424316406,-45.220558166503906,-45.220680236816406,-45.220733642578125,-45.220726013183594,-45.220760345458984,-45.220848083496094,-45.22092819213867,-45.22095489501953,-45.220970153808594,-45.22102355957031,-45.221099853515625,-45.221153259277344,-45.2211799621582,-45.22121047973633,-45.22126770019531,-45.22132873535156,-45.221370697021484,-45.22140121459961,-45.221439361572266,-45.221492767333984,-45.22154235839844,-45.22158432006836,-45.22161865234375,-45.221656799316406,-45.22170639038086,-45.22175216674805,-45.2217903137207,-45.22182846069336,-45.221866607666016,-45.22190856933594,-45.221954345703125,-45.22199249267578,-45.22203063964844,-45.222068786621094,-45.22210693359375,-45.22214889526367,-45.22218704223633,-45.222225189208984,-45.222259521484375,-45.22229766845703,-45.22233581542969,-45.222373962402344,-45.222412109375,-45.22244644165039,-45.22248458862305,-45.22251892089844,-45.222557067871094,-45.222591400146484,-45.22262954711914,-45.22266387939453,-45.22269821166992,-45.22273254394531,-45.2227668762207,-45.222801208496094,-45.222835540771484,-45.222869873046875,-45.222904205322266,-45.222938537597656,-45.22296905517578,-45.22300338745117,-45.22303771972656,-45.22306823730469,-45.22310256958008,-45.2231330871582,-45.22316360473633,-45.22319793701172,-45.223228454589844,-45.22325897216797,-45.223289489746094,-45.22332000732422,-45.22335433959961,-45.223384857177734,-45.223411560058594,-45.22344207763672,-45.223472595214844,-45.22350311279297,-45.223533630371094,-45.22356033325195,-45.22359085083008,-45.22361755371094,-45.22364807128906,-45.22367477416992,-45.223697662353516,-45.22372055053711,-45.22373962402344,-45.223751068115234,-45.223758697509766,-45.22377014160156,-45.22380447387695,-45.2238655090332,-45.22391891479492,-45.22394561767578,-45.22395324707031,-45.223968505859375,-45.22400665283203,-45.22405242919922,-45.22407913208008,-45.224090576171875,-45.22411346435547,-45.22414779663086,-45.22418212890625,-45.22420120239258,-45.224220275878906,-45.224246978759766,-45.22427749633789,-45.22430419921875,-45.22432327270508,-45.22434616088867,-45.22437286376953,-45.22439956665039,-45.224422454833984,-45.22444152832031,-45.224464416503906,-45.224491119384766,-45.22451400756836,-45.22453308105469,-45.22455596923828,-45.224578857421875,-45.22460174560547,-45.22462463378906,-45.22464370727539,-45.224666595458984,-45.22468566894531,-45.22470474243164,-45.22472381591797,-45.22473907470703,-45.224754333496094,-45.224761962890625,-45.224761962890625,-45.22475051879883,-45.2247200012207,-45.22465896606445,-45.22454833984375,-45.22437286376953,-45.2241325378418,-45.2238655090332,-45.22368621826172,-45.2237663269043,-45.22416687011719,-45.22470474243164,-45.225032806396484,-45.22499084472656,-45.224727630615234,-45.224544525146484,-45.22462844848633,-45.224910736083984,-45.22513961791992,-45.22514343261719,-45.22500228881836,-45.224910736083984,-45.2249870300293,-45.22515869140625,-45.22526550292969,-45.225242614746094,-45.22516632080078,-45.22514724731445,-45.225223541259766,-45.22532653808594,-45.22536849975586,-45.225345611572266,-45.22531509399414,-45.22532653808594,-45.22538757324219,-45.22544479370117,-45.2254638671875,-45.2254524230957,-45.22544479370117,-45.225467681884766,-45.22550964355469,-45.22554397583008,-45.22555923461914,-45.225555419921875,-45.22555923461914,-45.22557830810547,-45.225608825683594,-45.22563552856445,-45.225650787353516,-45.22565460205078,-45.22566223144531,-45.225677490234375,-45.22570037841797,-45.2257194519043,-45.225738525390625,-45.22574996948242,-45.22575759887695,-45.22576904296875,-45.22578430175781,-45.22580337524414,-45.2258186340332,-45.225833892822266,-45.22584533691406,-45.22585678100586,-45.225868225097656,-45.22588348388672,-45.22589874267578,-45.225914001464844,-45.22592544555664,-45.22593688964844,-45.225948333740234,-45.22595977783203,-45.225975036621094,-45.22598648071289,-45.22600173950195,-45.22601318359375,-45.22602462768555,-45.226036071777344,-45.22604751586914,-45.2260627746582,-45.22607421875,-45.2260856628418,-45.226097106933594,-45.22610855102539,-45.22611999511719,-45.226131439208984,-45.22614288330078,-45.22615432739258,-45.226165771484375,-45.22617721557617,-45.22618865966797,-45.226200103759766,-45.22621154785156,-45.22622299194336,-45.226234436035156,-45.22624588012695,-45.226253509521484,-45.22626495361328,-45.22627639770508,-45.226287841796875,-45.22629928588867,-45.2263069152832,-45.226318359375,-45.2263298034668,-45.226341247558594,-45.226348876953125,-45.22636032104492,-45.22637176513672,-45.22637939453125,-45.22639083862305,-45.226402282714844,-45.226409912109375,-45.22642135620117,-45.2264289855957,-45.2264404296875,-45.2264518737793,-45.22645950317383,-45.226470947265625,-45.226478576660156,-45.22649002075195,-45.226497650146484,-45.226505279541016,-45.22651672363281,-45.226524353027344,-45.22653579711914,-45.22654342651367,-45.22655487060547,-45.2265625,-45.22657012939453,-45.22657775878906,-45.22658920288086,-45.22659683227539,-45.226600646972656,-45.22660827636719,-45.22661209106445,-45.22661590576172
-32.108497619628906,-32.26081466674805,-32.41282272338867,-32.56308364868164,-32.71029281616211,-32.85372543334961,-32.99269104003906,-33.126434326171875,-33.254459381103516,-33.37668991088867,-33.49348068237305,-33.6055793762207,-33.713985443115234,-33.819828033447266,-33.92415237426758,-34.027687072753906,-34.130767822265625,-34.2333869934082,-34.33534622192383,-34.4366340637207,-34.538124084472656,-34.64158630371094,-34.74836730957031,-34.85866165161133,-34.9724235534668,-35.09150314331055,-35.218685150146484,-35.35398483276367,-35.49626541137695,-35.648101806640625,-35.811439514160156,-35.983253479003906,-36.16433334350586,-36.35514450073242,-36.55046081542969,-36.751094818115234,-36.95326232910156,-37.153785705566406,-37.35306167602539,-37.546791076660156,-37.73822021484375,-37.92428970336914,-38.10891342163086,-38.289554595947266,-38.46895217895508,-38.64360809326172,-38.815025329589844,-38.97933578491211,-39.137779235839844,-39.28730392456055,-39.42983627319336,-39.5648307800293,-39.694862365722656,-39.8216438293457,-39.94620132446289,-40.07015609741211,-40.19209671020508,-40.3124885559082,-40.42997741699219,-40.54404067993164,-40.65513229370117,-40.76261901855469,-40.8673210144043,-40.969757080078125,-41.06955337524414,-41.16683578491211,-41.261070251464844,-41.3510627746582,-41.4362907409668,-41.51665115356445,-41.5919189453125,-41.661991119384766,-41.727012634277344,-41.78709411621094,-41.8422737121582,-41.89274597167969,-41.93903350830078,-41.981849670410156,-42.02193069458008,-42.062477111816406,-42.10426330566406,-42.146244049072266,-42.18791580200195,-42.228721618652344,-42.268280029296875,-42.30655288696289,-42.343563079833984,-42.37923049926758,-42.41350173950195,-42.44645309448242,-42.4781608581543,-42.508663177490234,-42.538002014160156,-42.56631851196289,-42.59376907348633,-42.6204833984375,-42.64653778076172,-42.67202377319336,-42.69706726074219,-42.721797943115234,-42.74631881713867,-42.77069091796875,-42.79496383666992,-42.81915283203125,-42.84326171875,-42.867271423339844,-42.89115524291992,-42.91489791870117,-42.9384880065918,-42.9619140625,-42.98515319824219,-43.0081787109375,-43.030948638916016,-43.05343246459961,-43.07560348510742,-43.097434997558594,-43.11890411376953,-43.13998794555664,-43.16064453125,-43.18084716796875,-43.200557708740234,-43.21974182128906,-43.238380432128906,-43.256439208984375,-43.273902893066406,-43.29075241088867,-43.306968688964844,-43.322547912597656,-43.33747863769531,-43.351768493652344,-43.365413665771484,-43.37843322753906,-43.390830993652344,-43.402626037597656,-43.41383361816406,-43.42448043823242,-43.43458938598633,-43.44418716430664,-43.45330047607422,-43.46820068359375,-43.48497772216797,-43.50266647338867,-43.52081298828125,-43.539127349853516,-43.557403564453125,-43.57550048828125,-43.593360900878906,-43.61101150512695,-43.62850570678711,-43.6458854675293,-43.66312026977539,-43.68016815185547,-43.69697952270508,-43.71355056762695,-43.729881286621094,-43.74594497680664,-43.76171875,-43.77720642089844,-43.79243469238281,-43.80744171142578,-43.8222541809082,-43.83689498901367,-43.85137939453125,-43.86572265625,-43.87994384765625,-43.89403533935547,-43.90799331665039,-43.92181396484375,-43.93547821044922,-43.948978424072266,-43.96229934692383,-43.975433349609375,-43.988365173339844,-44.0010871887207,-44.01358413696289,-44.025840759277344,-44.037841796875,-44.04956817626953,-44.06100845336914,-44.072139739990234,-44.08293914794922,-44.093387603759766,-44.10346984863281,-44.1131706237793,-44.12247085571289,-44.1313591003418,-44.13982391357422,-44.147857666015625,-44.15545654296875,-44.16261291503906,-44.169334411621094,-44.17561340332031,-44.18145751953125,-44.18687057495117,-44.19186782836914,-44.19645690917969,-44.200653076171875,-44.204471588134766,-44.20793151855469,-44.21105194091797,-44.21385192871094,-44.21635818481445,-44.218589782714844,-44.2205696105957,-44.222320556640625,-44.2238655090332,-44.225223541259766,-44.226417541503906,-44.22746658325195,-44.228389739990234,-44.22920227050781,-44.22991943359375,-44.23055648803711,-44.23112869262695,-44.23164367675781,-44.232112884521484,-44.232547760009766,-44.232948303222656,-44.23332977294922,-44.23369216918945,-44.23403549194336,-44.234371185302734,-44.23469924926758,-44.23501968383789,-44.23533630371094,-44.23564910888672,-44.235958099365234,-44.23626708984375,-44.236572265625,-44.236873626708984,-44.23717498779297,-44.23747634887695,-44.23777389526367,-44.238075256347656,-44.23836898803711,-44.23866653442383,-44.23896408081055,-44.2392578125,-44.23955535888672,-44.23985290527344,-44.240150451660156,-44.240447998046875,-44.240745544433594,-44.24104690551758,-44.24135208129883,-44.24165725708008,-44.241966247558594,-44.242279052734375,-44.242591857910156,-44.24291229248047,-44.24323654174805,-44.243560791015625,-44.243892669677734,-44.24422836303711,-44.24456787109375,-44.244911193847656,-44.24525833129883,-44.24561309814453,-44.2459716796875,-44.246334075927734,-44.2467041015625,-44.2470703125,-44.2474365234375,-44.24779510498047,-44.24811935424805,-44.248374938964844,-44.24851989746094,-44.24858856201172,-44.248863220214844,-44.24968338012695,-44.25066375732422,-44.251075744628906,-44.251136779785156,-44.251617431640625,-44.252464294433594,-44.25295639038086,-44.25316619873047,-44.253726959228516,-44.25447082519531,-44.2548942565918,-44.25526809692383,-44.25593566894531,-44.256568908691406,-44.256996154785156,-44.257537841796875,-44.258235931396484,-44.2588005065918,-44.25931167602539,-44.259979248046875,-44.26065444946289,-44.261226654052734,-44.261863708496094,-44.2625846862793,-44.26325225830078,-44.26390075683594,-44.26463317871094,-44.265380859375,-44.26609420776367,-44.26683807373047,-44.267635345458984,-44.268428802490234,-44.26921463012695,-44.27004623413086,-44.27090835571289,-44.271766662597656,-44.27264404296875,-44.273563385009766,-44.274497985839844,-44.27544021606445,-44.27641677856445,-44.27742385864258,-44.27845001220703,-44.27949142456055,-44.28057098388672,-44.281681060791016,-44.28281021118164,-44.283966064453125,-44.285160064697266,-44.28638458251953,-44.287635803222656,-44.28892135620117,-44.29024124145508,-44.29159927368164,-44.29298782348633,-44.294410705566406,-44.29587936401367,-44.29738235473633,-44.298927307128906,-44.300514221191406,-44.30214309692383,-44.30381774902344,-44.305538177490234,-44.30730438232422,-44.309120178222656,-44.31098556518555,-44.312904357910156,-44.31487274169922,-44.316898345947266,-44.3189811706543,-44.32112121582031,-44.32332229614258,-44.325584411621094,-44.327911376953125,-44.33030319213867,-44.332767486572266,-44.335296630859375,-44.33789825439453,-44.340576171875,-44.34333038330078,-44.346160888671875,-44.34907531738281,-44.35206985473633,-44.35515213012695,-44.35831832885742,-44.361576080322266,-44.364925384521484,-44.368370056152344,-44.371910095214844,-44.375545501708984,-44.3792839050293,-44.383121490478516,-44.387062072753906,-44.391109466552734,-44.395267486572266,-44.39952850341797,-44.403900146484375,-44.40838623046875,-44.41297912597656,-44.417686462402344,-44.42250442504883,-44.42743682861328,-44.43247604370117,-44.43762969970703,-44.44289016723633,-44.44825744628906,-44.453731536865234,-44.45930480957031,-44.4649772644043,-44.47074508666992,-44.476600646972656,-44.48253631591797,-44.488555908203125,-44.49464416503906,-44.50079345703125,-44.50699996948242,-44.51325607299805,-44.51954650878906,-44.52586364746094,-44.53219985961914,-44.53853988647461,-44.54487609863281,-44.55119323730469,-44.5574836730957,-44.56372833251953,-44.56991958618164,-44.5760383605957,-44.58207321166992,-44.58799743652344,-44.593788146972656,-44.599395751953125,-44.6047477722168,-44.609798431396484,-44.61469650268555,-44.619930267333984,-44.62570571899414,-44.63114929199219,-44.63555145263672,-44.63957977294922,-44.64412307739258,-44.648765563964844,-44.65261459350586,-44.65603256225586,-44.65977096557617,-44.66347122192383,-44.666534423828125,-44.66936111450195,-44.67238998413086,-44.67519760131836,-44.677528381347656,-44.679805755615234,-44.6821403503418,-44.684165954589844,-44.685909271240234,-44.68767166137695,-44.68936538696289,-44.69077682495117,-44.69206237792969,-44.693359375,-44.69451904296875,-44.69548416137695,-44.696407318115234,-44.69730758666992,-44.69806671142578,-44.6987190246582,-44.69935607910156,-44.699947357177734,-44.7004280090332,-44.70085906982422,-44.7012825012207,-44.70165252685547,-44.70195007324219,-44.70222854614258,-44.70249557495117,-44.70271682739258,-44.70289993286133,-44.70307540893555,-44.7032356262207,-44.703369140625,-44.70347595214844,-44.703582763671875,-44.70368194580078,-44.703758239746094,-44.70382308959961,-44.703887939453125,-44.703948974609375,-44.70399475097656,-44.704036712646484,-44.704078674316406,-44.70411682128906,-44.70414733886719,-44.70417404174805,-44.704200744628906,-44.704227447509766,-44.70425033569336,-44.70427322387695,-44.70429611206055,-44.70431900024414,-44.70433807373047,-44.7043571472168,-44.704376220703125,-44.70439529418945,-44.70441436767578,-44.70443344116211,-44.70445251464844,-44.704471588134766,-44.704490661621094,-44.704505920410156,-44.704524993896484,-44.70454406738281,-44.70456314086914,-44.70458221435547,-44.7046012878418,-44.704620361328125,-44.70463943481445,-44.70465850830078,-44.70467758178711,-44.70469665527344,-44.704715728759766,-44.704734802246094,-44.704750061035156,-44.704769134521484,-44.70478820800781,-44.70480728149414,-44.70482635498047,-44.7048454284668,-44.704864501953125,-44.70487976074219,-44.704898834228516,-44.704917907714844,-44.70493698120117,-44.704952239990234,-44.70497131347656,-44.70499038696289,-44.70500564575195,-44.70502471923828,-44.705039978027344,-44.70505905151367,-44.705074310302734,-44.70509338378906,-44.705108642578125,-44.70512390136719,-44.705142974853516,-44.70515823364258,-44.70517349243164,-44.7051887512207,-44.70520782470703,-44.705223083496094,-44.705238342285156,-44.70525360107422,-44.70526885986328,-44.705284118652344,-44.705299377441406,-44.70531463623047,-44.70532989501953,-44.705345153808594,-44.705360412597656,-44.70537185668945,-44.705387115478516,-44.70540237426758,-44.70541763305664,-44.70542907714844,-44.7054443359375,-44.7054557800293,-44.70547103881836,-44.705482482910156,-44.70549774169922,-44.705509185791016,-44.70552444458008,-44.705535888671875,-44.70554733276367,-44.705562591552734,-44.70557403564453,-44.70558547973633,-44.705596923828125,-44.70560836791992,-44.70561981201172,-44.70563507080078,-44.70564651489258,-44.705657958984375,-44.705665588378906,-44.7056770324707,-44.7056884765625,-44.7056999206543,-44.705711364746094,-44.70572280883789,-44.70573043823242,-44.70574188232422,-44.705753326416016,-44.70576095581055,-44.705772399902344,-44.705780029296875,-44.70579147338867,-44.7057991027832,-44.705806732177734,-44.70581817626953,-44.70582580566406,-44.705833435058594,-44.70584487915039,-44.70585250854492,-44.70586013793945,-44.705867767333984,-44.705875396728516,-44.70588302612305,-44.70589065551758,-44.70589828491211,-44.70590591430664,-44.70591354370117,-44.7059211730957,-44.705928802490234,-44.705936431884766,-44.7059440612793,-44.70594787597656
-30.725101470947266,-30.99257469177246,-31.280019760131836,-31.580068588256836,-31.887264251708984,-32.20865249633789,-32.55562210083008,-32.924591064453125,-33.30369186401367,-33.6837043762207,-34.068119049072266,-34.4645881652832,-34.86848068237305,-35.26785659790039,-35.6556282043457,-36.038352966308594,-36.42242431640625,-36.80122375488281,-37.16621398925781,-37.519683837890625,-37.86629104614258,-38.198204040527344,-38.50486373901367,-38.78744125366211,-39.049278259277344,-39.28340530395508,-39.485416412353516,-39.66188049316406,-39.81645584106445,-39.947044372558594,-40.05818176269531,-40.15839767456055,-40.249149322509766,-40.33057403564453,-40.40764236450195,-40.477272033691406,-40.546165466308594,-40.613277435302734,-40.68000030517578,-40.74563980102539,-40.8082160949707,-40.86814880371094,-40.926815032958984,-40.983726501464844,-41.038448333740234,-41.09235763549805,-41.14638900756836,-41.20014190673828,-41.25397491455078,-41.308937072753906,-41.364925384521484,-41.421363830566406,-41.47848892211914,-41.536293029785156,-41.59397506713867,-41.65121841430664,-41.70819091796875,-41.76450729370117,-41.819820404052734,-41.87437438964844,-41.92815399169922,-41.98087692260742,-42.032657623291016,-42.08359909057617,-42.13347244262695,-42.18227767944336,-42.23015213012695,-42.27696228027344,-42.322669982910156,-42.36741638183594,-42.4111442565918,-42.453826904296875,-42.495601654052734,-42.5364875793457,-42.576473236083984,-42.615665435791016,-42.654075622558594,-42.691654205322266,-42.72844696044922,-42.76443862915039,-42.79956817626953,-42.83387756347656,-42.86736297607422,-42.900001525878906,-42.93184280395508,-42.962890625,-42.99313735961914,-43.02262878417969,-43.05136489868164,-43.079349517822266,-43.106605529785156,-43.13313674926758,-43.158939361572266,-43.18404006958008,-43.20843505859375,-43.23213577270508,-43.25516891479492,-43.277530670166016,-43.29924774169922,-43.32033920288086,-43.34080123901367,-43.360652923583984,-43.379905700683594,-43.39855194091797,-43.42737579345703,-43.46000671386719,-43.49481201171875,-43.53086853027344,-43.56755447387695,-43.60443878173828,-43.6412239074707,-43.67770004272461,-43.713741302490234,-43.74925231933594,-43.78416442871094,-43.81841278076172,-43.851924896240234,-43.884639739990234,-43.91649627685547,-43.947444915771484,-43.977447509765625,-44.006473541259766,-44.03451156616211,-44.06155776977539,-44.08761978149414,-44.11271286010742,-44.136863708496094,-44.160099029541016,-44.182437896728516,-44.20391845703125,-44.22455978393555,-44.24440002441406,-44.263465881347656,-44.28178787231445,-44.299407958984375,-44.31636428833008,-44.33270263671875,-44.348472595214844,-44.36373519897461,-44.378536224365234,-44.39293670654297,-44.4069938659668,-44.4207649230957,-44.43430709838867,-44.44767379760742,-44.460914611816406,-44.474082946777344,-44.48722839355469,-44.500396728515625,-44.51363754272461,-44.5269889831543,-44.54050064086914,-44.55421447753906,-44.56816482543945,-44.5823860168457,-44.5969123840332,-44.61176300048828,-44.626956939697266,-44.64250564575195,-44.65840148925781,-44.67463684082031,-44.69118881225586,-44.70801544189453,-44.72507095336914,-44.74229049682617,-44.75959396362305,-44.77688217163086,-44.7940559387207,-44.81098556518555,-44.82754898071289,-44.84360885620117,-44.85902404785156,-44.8736572265625,-44.88737869262695,-44.90007400512695,-44.91164016723633,-44.9220085144043,-44.931129455566406,-44.93899154663086,-44.945613861083984,-44.9510498046875,-44.955387115478516,-44.958740234375,-44.96123504638672,-44.96302795410156,-44.96426773071289,-44.96510314941406,-44.965675354003906,-44.96610641479492,-44.96649169921875,-44.96691131591797,-44.967411041259766,-44.96802520751953,-44.968753814697266,-44.9695930480957,-44.970523834228516,-44.97151184082031,-44.972530364990234,-44.973548889160156,-44.97453689575195,-44.97547149658203,-44.97633743286133,-44.97712326049805,-44.97782897949219,-44.978450775146484,-44.97899627685547,-44.97947311401367,-44.979896545410156,-44.98027420043945,-44.980621337890625,-44.98094177246094,-44.98125076293945,-44.98155212402344,-44.981849670410156,-44.982147216796875,-44.982444763183594,-44.98274612426758,-44.98304748535156,-44.98334884643555,-44.983642578125,-44.98393630981445,-44.98421859741211,-44.984493255615234,-44.98476028442383,-44.98501205444336,-44.98525619506836,-44.98548889160156,-44.9857063293457,-44.98591995239258,-44.98611831665039,-44.98631286621094,-44.98649978637695,-44.9866828918457,-44.98685836791992,-44.98703384399414,-44.987205505371094,-44.98737716674805,-44.987545013427734,-44.98771667480469,-44.987884521484375,-44.98805236816406,-44.988224029541016,-44.9883918762207,-44.98855972290039,-44.98872756958008,-44.988895416259766,-44.98905944824219,-44.989227294921875,-44.9893913269043,-44.98955154418945,-44.98971176147461,-44.989871978759766,-44.99003219604492,-44.99018859863281,-44.9903450012207,-44.99049758911133,-44.99065399169922,-44.990806579589844,-44.99095916748047,-44.99111557006836,-44.991268157958984,-44.99142074584961,-44.991573333740234,-44.99172592163086,-44.991878509521484,-44.99203109741211,-44.9921875,-44.992340087890625,-44.99249267578125,-44.99264907836914,-44.992801666259766,-44.992958068847656,-44.99311065673828,-44.99326705932617,-44.9934196472168,-44.99357604980469,-44.99373245239258,-44.9938850402832,-44.994041442871094,-44.994197845458984,-44.994354248046875,-44.994510650634766,-44.994667053222656,-44.99482727050781,-44.9949836730957,-44.995140075683594,-44.99530029296875,-44.995460510253906,-44.9956169128418,-44.99577713012695,-44.99593734741211,-44.996097564697266,-44.99625778198242,-44.996421813964844,-44.99658203125,-44.996742248535156,-44.99690628051758,-44.9970703125,-44.997230529785156,-44.99739456176758,-44.99755859375,-44.99772644042969,-44.99789047241211,-44.99805450439453,-44.99822235107422,-44.99838638305664,-44.99855422973633,-44.998722076416016,-44.99888610839844,-44.999053955078125,-44.99922561645508,-44.999393463134766,-44.99956130981445,-44.99972915649414,-44.999900817871094,-45.00006866455078,-45.000240325927734,-45.00041198730469,-45.000579833984375,-45.00075149536133,-45.00092315673828,-45.001094818115234,-45.00126647949219,-45.00143814086914,-45.001609802246094,-45.00178527832031,-45.001956939697266,-45.00212860107422,-45.00230026245117,-45.00247573852539,-45.002647399902344,-45.00282287597656,-45.002994537353516,-45.003170013427734,-45.00334167480469,-45.003517150878906,-45.00368881225586,-45.00386428833008,-45.00403594970703,-45.00421142578125,-45.0043830871582,-45.00455856323242,-45.004730224609375,-45.00490188598633,-45.00507736206055,-45.0052490234375,-45.00542068481445,-45.005592346191406,-45.005767822265625,-45.00593948364258,-45.00611114501953,-45.006282806396484,-45.00645446777344,-45.006622314453125,-45.00679397583008,-45.00696563720703,-45.00713348388672,-45.007301330566406,-45.00747299194336,-45.00764083862305,-45.007808685302734,-45.00797653198242,-45.008140563964844,-45.00830841064453,-45.00847244262695,-45.00864028930664,-45.00880432128906,-45.008968353271484,-45.009132385253906,-45.00929260253906,-45.009456634521484,-45.00961685180664,-45.0097770690918,-45.00993728637695,-45.01009750366211,-45.010257720947266,-45.010414123535156,-45.01057052612305,-45.01072692871094,-45.01088333129883,-45.01103591918945,-45.01118850708008,-45.0113410949707,-45.01149368286133,-45.01164627075195,-45.01179504394531,-45.01194381713867,-45.01209259033203,-45.01224136352539,-45.012386322021484,-45.01253128051758,-45.01267623901367,-45.012821197509766,-45.012962341308594,-45.01310348510742,-45.01324462890625,-45.01338195800781,-45.01352310180664,-45.0136604309082,-45.013797760009766,-45.01393127441406,-45.01406478881836,-45.014198303222656,-45.01433181762695,-45.014461517333984,-45.01459503173828,-45.01472091674805,-45.01485061645508,-45.014976501464844,-45.01510238647461,-45.015228271484375,-45.01535415649414,-45.01547622680664,-45.01559829711914,-45.01572036743164,-45.015838623046875,-45.01595687866211,-45.016075134277344,-45.01619338989258,-45.01630783081055,-45.016422271728516,-45.016536712646484,-45.01665115356445,-45.016761779785156,-45.01687240600586,-45.01698303222656,-45.01708984375,-45.0172004699707,-45.01730728149414,-45.01741027832031,-45.01751708984375,-45.01762008666992,-45.017723083496094,-45.017826080322266,-45.01792526245117,-45.018028259277344,-45.01812744140625,-45.01822280883789,-45.0183219909668,-45.01841735839844,-45.01851272583008,-45.01860809326172,-45.01870346069336,-45.018795013427734,-45.018890380859375,-45.01898193359375,-45.01906967163086,-45.019161224365234,-45.019248962402344,-45.01933670043945,-45.01942443847656,-45.01951217651367,-45.019596099853516,-45.019683837890625,-45.01976776123047,-45.01985168457031,-45.01993179321289,-45.020015716552734,-45.02009582519531,-45.02017593383789,-45.02025604248047,-45.02033615112305,-45.02041244506836,-45.02049255371094,-45.02056884765625,-45.02064514160156,-45.020721435546875,-45.02079772949219,-45.020870208740234,-45.02094268798828,-45.021018981933594,-45.02109146118164,-45.02116012573242,-45.02123260498047,-45.021305084228516,-45.0213737487793,-45.02144241333008,-45.02151107788086,-45.02157974243164,-45.02164840698242,-45.0217170715332,-45.02178192138672,-45.021846771240234,-45.02191162109375,-45.021976470947266,-45.02204132080078,-45.0221061706543,-45.02217102050781,-45.02223205566406,-45.02229309082031,-45.02235794067383,-45.02241897583008,-45.02248001098633,-45.02253723144531,-45.02259826660156,-45.02265930175781,-45.0227165222168,-45.02277374267578,-45.022830963134766,-45.02288818359375,-45.022945404052734,-45.02300262451172,-45.0230598449707,-45.02311325073242,-45.023170471191406,-45.023223876953125,-45.023277282714844,-45.02333068847656,-45.02338409423828,-45.0234375,-45.02349090576172,-45.02354049682617,-45.02359390258789,-45.023643493652344,-45.02369689941406,-45.023746490478516,-45.02379608154297,-45.02384567260742,-45.023895263671875,-45.02394485473633,-45.023990631103516,-45.02404022216797,-45.024085998535156,-45.02413558959961,-45.0241813659668,-45.024227142333984,-45.02427291870117,-45.02431869506836,-45.02436447143555,-45.024410247802734,-45.024452209472656,-45.024497985839844,-45.024539947509766,-45.02458572387695,-45.024627685546875,-45.0246696472168,-45.024715423583984,-45.024757385253906,-45.02479934692383,-45.024837493896484,-45.024879455566406,-45.02492141723633,-45.024959564208984,-45.025001525878906,-45.02503967285156,-45.025081634521484,-45.02511978149414,-45.0251579284668,-45.02519607543945,-45.02523422241211,-45.025272369384766,-45.02531051635742,-45.02534866333008,-45.025386810302734,-45.025421142578125,-45.02545928955078,-45.02549362182617,-45.02553176879883,-45.02556610107422,-45.02560043334961,-45.025634765625,-45.02566909790039,-45.02570343017578,-45.02573776245117,-45.02577209472656,-45.02580642700195,-45.025840759277344,-45.02587127685547,-45.02590560913086,-45.02593994140625,-45.025970458984375,-45.0260009765625,-45.02603530883789,-45.026065826416016,-45.02609634399414,-45.026126861572266,-45.02615737915039,-45.026187896728516,-45.02621841430664,-45.026248931884766,-45.02627944946289,-45.026309967041016,-45.026336669921875,-45.0263671875,-45.026397705078125,-45.026424407958984,-45.02645492553711,-45.02648162841797,-45.02650833129883,-45.02653884887695,-45.02656555175781,-45.02659225463867,-45.02661895751953,-45.02664566040039,-45.02667236328125,-45.02669906616211,-45.02672576904297,-45.02675247192383,-45.02677917480469,-45.02680206298828,-45.02682876586914,-45.02685546875,-45.026878356933594,-45.02690505981445,-45.02692794799805,-45.026954650878906,-45.0269775390625,-45.027000427246094,-45.02702713012695,-45.02705001831055,-45.02707290649414,-45.027095794677734,-45.02711868286133,-45.02714157104492,-45.027164459228516,-45.02718734741211,-45.0272102355957,-45.0272331237793,-45.02725601196289,-45.02727508544922,-45.02729797363281,-45.027320861816406,-45.027339935302734,-45.02736282348633,-45.027381896972656,-45.02740478515625,-45.02742385864258,-45.02744674682617,-45.0274658203125,-45.027488708496094,-45.02750778198242,-45.02752685546875,-45.02754592895508,-45.02756881713867,-45.027587890625,-45.02760696411133,-45.027626037597656,-45.027645111083984,-45.02766418457031,-45.02768325805664,-45.02770233154297,-45.0277214050293,-45.02773666381836,-45.02775573730469,-45.027774810791016,-45.027793884277344,-45.027809143066406,-45.027828216552734,-45.02784729003906,-45.027862548828125,-45.02788162231445,-45.027896881103516,-45.027915954589844,-45.027931213378906,-45.027950286865234,-45.0279655456543,-45.027984619140625,-45.02799987792969,-45.02801513671875,-45.02803421020508,-45.02804946899414,-45.0280647277832,-45.028079986572266,-45.02809524536133,-45.02811050415039,-45.02812957763672,-45.02814483642578,-45.028160095214844,-45.028175354003906,-45.02819061279297,-45.02820587158203,-45.028221130371094,-45.02823257446289,-45.02824783325195,-45.028263092041016,-45.02827835083008,-45.02829360961914,-45.02830505371094,-45.0283203125,-45.02833557128906,-45.028350830078125,-45.02836227416992,-45.028377532958984,-45.02838897705078,-45.028404235839844,-45.028419494628906,-45.0284309387207,-45.028446197509766,-45.02845764160156,-45.028472900390625,-45.02848434448242,-45.02849578857422,-45.02851104736328,-45.02852249145508,-45.02853775024414,-45.02854919433594,-45.028560638427734,-45.02857208251953,-45.028587341308594,-45.02859878540039,-45.02861022949219,-45.028621673583984,-45.02863693237305,-45.028648376464844,-45.02865982055664,-45.02867126464844,-45.028682708740234,-45.02869415283203,-45.02870559692383,-45.028717041015625,-45.02872848510742,-45.02873992919922,-45.028751373291016,-45.02876281738281,-45.02877426147461,-45.028785705566406,-45.0287971496582,-45.02880859375,-45.02881622314453,-45.02882766723633,-45.028839111328125,-45.02885055541992,-45.02886199951172,-45.02886962890625,-45.02888107299805,-45.028892517089844,-45.02890396118164,-45.02891159057617,-45.02892303466797,-45.028934478759766,-45.0289421081543,-45.028953552246094,-45.028961181640625,-45.02897262573242,-45.02898406982422,-45.02899169921875,-45.02900314331055,-45.02901077270508,-45.029022216796875,-45.029029846191406,-45.0290412902832,-45.029048919677734,-45.02906036376953,-45.02906799316406,-45.029075622558594,-45.02908706665039,-45.02909469604492,-45.02910614013672,-45.02911376953125,-45.02912139892578,-45.02913284301758,-45.02914047241211,-45.02914810180664,-45.02915954589844,-45.02916717529297,-45.0291748046875,-45.02918243408203,-45.02919006347656,-45.02920150756836,-45.02920913696289,-45.02921676635742,-45.02922439575195,-45.029232025146484,-45.02924346923828,-45.02925109863281,-45.029258728027344,-45.029266357421875,-45.029273986816406,-45.02928161621094,-45.02928924560547,-45.029296875,-45.02930450439453,-45.02931213378906,-45.029319763183594,-45.029327392578125,-45.029335021972656,-45.02934265136719,-45.02935028076172,-45.02935791015625,-45.02936553955078,-45.02937316894531,-45.029380798339844,-45.029388427734375,-45.029396057128906,-45.02940368652344,-45.02941131591797,-45.0294189453125,-45.029422760009766
-33.97255325317383,-34.11505126953125,-34.251441955566406,-34.37947082519531,-34.49720001220703,-34.603904724121094,-34.70003890991211,-34.78721618652344,-34.86813735961914,-34.946041107177734,-35.02390670776367,-35.10389709472656,-35.187225341796875,-35.2744026184082,-35.3654899597168,-35.46033477783203,-35.558692932128906,-35.66036605834961,-35.7651252746582,-35.872623443603516,-35.98250198364258,-36.09465408325195,-36.20949172973633,-36.32798385620117,-36.4512825012207,-36.58011245727539,-36.71441650390625,-36.85330581665039,-36.99532699584961,-37.139007568359375,-37.2838020324707,-37.4304084777832,-37.57942199707031,-37.72962951660156,-37.878055572509766,-38.02137756347656,-38.15806198120117,-38.28924560546875,-38.41600799560547,-38.5368766784668,-38.64933776855469,-38.75291061401367,-38.85012435913086,-38.94321060180664,-39.03178787231445,-39.115234375,-39.19561767578125,-39.27606964111328,-39.35702896118164,-39.43711853027344,-39.5166015625,-39.597049713134766,-39.6777229309082,-39.75639724731445,-39.833133697509766,-39.90885543823242,-39.98224639892578,-40.05253601074219,-40.12138366699219,-40.1889533996582,-40.25425720214844,-40.318519592285156,-40.38200378417969,-40.443443298339844,-40.503597259521484,-40.56245422363281,-40.61901092529297,-40.67424011230469,-40.727848052978516,-40.779544830322266,-40.830257415771484,-40.8792610168457,-40.926944732666016,-40.97328186035156,-41.01770782470703,-41.06071853637695,-41.101680755615234,-41.141090393066406,-41.178897857666016,-41.22126388549805,-41.266754150390625,-41.31372833251953,-41.361724853515625,-41.40992736816406,-41.45796203613281,-41.50544357299805,-41.55194091796875,-41.59736633300781,-41.64140701293945,-41.68413162231445,-41.72536849975586,-41.765159606933594,-41.80344772338867,-41.840152740478516,-41.875282287597656,-41.908721923828125,-41.94051742553711,-41.9705810546875,-41.999019622802734,-42.02581024169922,-42.05108642578125,-42.07490921020508,-42.09743118286133,-42.11879348754883,-42.139190673828125,-42.1588134765625,-42.17787551879883,-42.19658279418945,-42.21510696411133,-42.23359298706055,-42.25215530395508,-42.2708740234375,-42.28982925415039,-42.30909729003906,-42.328773498535156,-42.348960876464844,-42.36980056762695,-42.39142990112305,-42.41401672363281,-42.437721252441406,-42.462711334228516,-42.48912811279297,-42.51710891723633,-42.54673767089844,-42.57807540893555,-42.61112594604492,-42.645851135253906,-42.68217086791992,-42.71994400024414,-42.75897216796875,-42.79899215698242,-42.83968734741211,-42.880706787109375,-42.92168045043945,-42.96224594116211,-43.00203323364258,-43.04067611694336,-43.077842712402344,-43.11325454711914,-43.14672088623047,-43.17811965942383,-43.2073974609375,-43.234561920166016,-43.25970458984375,-43.28300476074219,-43.3046760559082,-43.32497787475586,-43.34418487548828,-43.362586975097656,-43.3804817199707,-43.39814758300781,-43.415828704833984,-43.433753967285156,-43.452110290527344,-43.471065521240234,-43.490745544433594,-43.51124954223633,-43.53264617919922,-43.554969787597656,-43.57823181152344,-43.60239028930664,-43.62725067138672,-43.65238571166992,-43.67778015136719,-43.706138610839844,-43.73712921142578,-43.76527404785156,-43.794227600097656,-43.8262939453125,-43.85595703125,-43.886375427246094,-43.91846466064453,-43.94817352294922,-43.97902297973633,-44.00978469848633,-44.03858947753906,-44.06829833984375,-44.09657669067383,-44.12351608276367,-44.15058135986328,-44.17561721801758,-44.19972229003906,-44.22314453125,-44.24451446533203,-44.26509094238281,-44.28448486328125,-44.30207824707031,-44.31890869140625,-44.33439636230469,-44.34844207763672,-44.36176681518555,-44.37384796142578,-44.384849548339844,-44.395240783691406,-44.40463638305664,-44.41328430175781,-44.429046630859375,-44.44646453857422,-44.464420318603516,-44.48234176635742,-44.49980163574219,-44.51675033569336,-44.53275680541992,-44.54783248901367,-44.561859130859375,-44.57469940185547,-44.58658981323242,-44.59748458862305,-44.607460021972656,-44.61663055419922,-44.62501525878906,-44.63285827636719,-44.64027404785156,-44.647422790527344,-44.65452575683594,-44.66165542602539,-44.66895294189453,-44.67649841308594,-44.684329986572266,-44.69255828857422,-44.701202392578125,-44.710296630859375,-44.7198600769043,-44.72986602783203,-44.74031448364258,-44.751163482666016,-44.76237869262695,-44.773929595947266,-44.785762786865234,-44.79784393310547,-44.810123443603516,-44.82255935668945,-44.835121154785156,-44.8477668762207,-44.86045455932617,-44.87314987182617,-44.88580322265625,-44.89838790893555,-44.910858154296875,-44.923187255859375,-44.935340881347656,-44.94728469848633,-44.95897674560547,-44.97039031982422,-44.98148727416992,-44.99223709106445,-45.00261306762695,-45.0125846862793,-45.02212905883789,-45.031219482421875,-45.03984069824219,-45.0479736328125,-45.05561065673828,-45.062740325927734,-45.06936264038086,-45.075477600097656,-45.081092834472656,-45.086219787597656,-45.09086608886719,-45.095054626464844,-45.09880447387695,-45.10213851928711,-45.105079650878906,-45.1076545715332,-45.109893798828125,-45.111820220947266,-45.11346435546875,-45.1148567199707,-45.11601638793945,-45.11697769165039,-45.117759704589844,-45.11838912963867,-45.11888885498047,-45.11927032470703,-45.11956024169922,-45.119773864746094,-45.11992263793945,-45.120018005371094,-45.12007522583008,-45.12010192871094,-45.1201057434082,-45.120094299316406,-45.12007141113281,-45.12004470825195,-45.12001419067383,-45.1199836730957,-45.119956970214844,-45.11993408203125,-45.11991882324219,-45.11990737915039,-45.11989974975586,-45.11989974975586,-45.119903564453125,-45.119911193847656,-45.11992645263672,-45.11994552612305
-33.88339614868164,-34.00907516479492,-34.137027740478516,-34.26597213745117,-34.39482879638672,-34.52254867553711,-34.64854431152344,-34.773719787597656,-34.89985275268555,-35.02819061279297,-35.15933609008789,-35.29358673095703,-35.43098449707031,-35.571258544921875,-35.71376037597656,-35.85751724243164,-36.001407623291016,-36.14423370361328,-36.28465270996094,-36.42116928100586,-36.55250930786133,-36.678226470947266,-36.79908752441406,-36.91676330566406,-37.032928466796875,-37.14852523803711,-37.263526916503906,-37.37712860107422,-37.488040924072266,-37.59505844116211,-37.69762420654297,-37.79625701904297,-37.89230728149414,-37.987098693847656,-38.0811882019043,-38.174259185791016,-38.26557540893555,-38.35456848144531,-38.44145965576172,-38.52757263183594,-38.614959716796875,-38.7051887512207,-38.79842758178711,-38.89366912841797,-38.99007797241211,-39.088565826416016,-39.19152069091797,-39.30012512207031,-39.412601470947266,-39.52629089355469,-39.641151428222656,-39.759090423583984,-39.8792724609375,-39.99835205078125,-40.11594772338867,-40.23466110229492,-40.35359573364258,-40.469932556152344,-40.58516311645508,-40.70060729980469,-40.81324768066406,-40.923187255859375,-41.03254318237305,-41.13893127441406,-41.2424430847168,-41.34478759765625,-41.44337844848633,-41.53895950317383,-41.6322021484375,-41.72137451171875,-41.80852508544922,-41.8925895690918,-41.97349166870117,-42.05208206176758,-42.127132415771484,-42.20038604736328,-42.270748138427734,-42.33912658691406,-42.404937744140625,-42.468353271484375,-42.52954864501953,-42.588340759277344,-42.64500045776367,-42.698978424072266,-42.75056076049805,-42.79944610595703,-42.84598159790039,-42.88995361328125,-42.93134307861328,-42.970211029052734,-43.00651550292969,-43.044673919677734,-43.0836067199707,-43.12224197387695,-43.159542083740234,-43.19538497924805,-43.22920608520508,-43.261051177978516,-43.29061508178711,-43.31813049316406,-43.34360122680664,-43.36726760864258,-43.3892936706543,-43.40993118286133,-43.429527282714844,-43.44825744628906,-43.466426849365234,-43.484107971191406,-43.50151443481445,-43.518707275390625,-43.535728454589844,-43.55261993408203,-43.56934356689453,-43.58596420288086,-43.6024284362793,-43.61874008178711,-43.634891510009766,-43.65085983276367,-43.666664123535156,-43.6822624206543,-43.697662353515625,-43.71284866333008,-43.72780990600586,-43.74253845214844,-43.75700378417969,-43.771202087402344,-43.78512191772461,-43.798736572265625,-43.812034606933594,-43.82500076293945,-43.837623596191406,-43.849891662597656,-43.861793518066406,-43.873321533203125,-43.88447189331055,-43.895240783691406,-43.90562438964844,-43.91563034057617,-43.92525100708008,-43.93449783325195,-43.9433708190918,-43.951873779296875,-43.96002197265625,-43.967811584472656,-43.975257873535156,-43.98236846923828,-44.00464630126953,-44.03178405761719,-44.061485290527344,-44.09243392944336,-44.12375259399414,-44.15483474731445,-44.18526077270508,-44.214744567871094,-44.24311828613281,-44.27028274536133,-44.29621887207031,-44.32093048095703,-44.34446334838867,-44.36685562133789,-44.38816452026367,-44.40843963623047,-44.427730560302734,-44.446102142333984,-44.4636116027832,-44.48032760620117,-44.49631881713867,-44.511661529541016,-44.526432037353516,-44.54069900512695,-44.554534912109375,-44.5680046081543,-44.58116912841797,-44.59406661987305,-44.60673522949219,-44.619197845458984,-44.631473541259766,-44.64356231689453,-44.65546417236328,-44.66716766357422,-44.67866897583008,-44.68994903564453,-44.70100021362305,-44.71181106567383,-44.722373962402344,-44.7326774597168,-44.74271774291992,-44.752498626708984,-44.76201248168945,-44.771263122558594,-44.780250549316406,-44.788978576660156,-44.797447204589844,-44.805660247802734,-44.81361770629883,-44.82132339477539,-44.828773498535156,-44.835975646972656,-44.842926025390625,-44.84962844848633,-44.8560791015625,-44.862281799316406,-44.86823654174805,-44.87394714355469,-44.8794059753418,-44.88462448120117,-44.88959503173828,-44.89432907104492,-44.89882278442383,-44.90308380126953,-44.90711212158203,-44.91092300415039,-44.914512634277344,-44.91789245605469,-44.92107391357422,-44.9240608215332,-44.92686462402344,-44.92949676513672,-44.931968688964844,-44.93428421020508,-44.936458587646484,-44.938499450683594,-44.9404182434082,-44.94221878051758,-44.94391632080078,-44.94551467895508,-44.947025299072266,-44.948448181152344,-44.94979476928711,-44.95106887817383,-44.95227813720703,-44.953426361083984,-44.95451354980469,-44.95555114746094,-44.95653533935547,-44.95747756958008,-44.958370208740234,-44.959224700927734,-44.96004104614258,-44.9608154296875,-44.9615592956543,-44.96226501464844,-44.96294021606445,-44.96358108520508,-44.964195251464844,-44.964778900146484,-44.96533203125,-44.96586227416992,-44.966365814208984,-44.96684646606445,-44.96730041503906,-44.96773147583008,-44.9681396484375,-44.968528747558594,-44.96889877319336,-44.96924591064453,-44.96957778930664,-44.96989059448242,-44.97018814086914,-44.9704704284668,-44.97073745727539,-44.97098922729492,-44.97122573852539,-44.97145080566406,-44.97166442871094,-44.97187042236328,-44.97206115722656,-44.97224426269531,-44.972415924072266,-44.97257995605469,-44.97273635864258,-44.97288131713867,-44.9730224609375,-44.9731559753418,-44.97328186035156,-44.97340393066406,-44.97351837158203,-44.973628997802734,-44.973731994628906,-44.97383117675781,-44.97392654418945,-44.97401428222656,-44.97410202026367,-44.97418212890625,-44.97426223754883,-44.974334716796875,-44.97440719604492,-44.9744758605957,-44.97454071044922,-44.97460174560547,-44.97466278076172,-44.9747200012207,-44.97477340698242,-44.97482681274414,-44.974876403808594,-44.97492599487305,-44.974971771240234,-44.97501754760742,-44.975059509277344,-44.975101470947266,-44.97514343261719,-44.975181579589844,-44.9752197265625,-44.97525405883789,-44.97528839111328,-44.97532272338867,-44.97535705566406,-44.97538757324219,-44.97542190551758,-44.9754524230957,-44.97547912597656,-44.97550964355469,-44.97553634643555,-44.975563049316406,-44.975589752197266,-44.97561264038086,-44.97563171386719,-44.97563934326172,-44.975624084472656,-44.97555923461914,-44.97538757324219,-44.975013732910156,-44.97441482543945,-44.97395706176758,-44.974430084228516,-44.97555923461914,-44.975799560546875,-44.97509765625,-44.97500228881836,-44.97574996948242,-44.97587966918945,-44.97538375854492,-44.97553634643555,-44.976016998291016,-44.97583770751953,-44.97562789916992,-44.9759635925293,-44.97608184814453,-44.97584533691406,-44.9759521484375,-44.976173400878906,-44.97605514526367,-44.97601318359375,-44.97620391845703,-44.9762077331543,-44.97611999511719,-44.97623062133789,-44.9763069152832,-44.97623825073242,-44.97627258300781,-44.97636795043945,-44.976348876953125,-44.97633361816406,-44.97641372680664,-44.976436614990234,-44.97641372680664,-44.97645568847656,-44.976505279541016,-44.97649383544922,-44.97650909423828,-44.976558685302734,-44.97657012939453,-44.97657012939453,-44.97660446166992,-44.97663497924805,-44.97663879394531,-44.97665786743164,-44.97669219970703,-44.976707458496094,-44.976715087890625,-44.976741790771484,-44.976768493652344,-44.97677993774414,-44.9767951965332,-44.97682189941406,-44.97684097290039,-44.97685241699219,-44.97687530517578,-44.976898193359375,-44.97691345214844,-44.9769287109375,-44.976951599121094,-44.97697067260742,-44.976985931396484,-44.97700500488281,-44.977027893066406,-44.97704315185547,-44.9770622253418,-44.977081298828125,-44.97710037231445,-44.97711944580078,-44.977134704589844,-44.97715377807617,-44.9771728515625,-44.97719192504883,-44.97720718383789,-44.97722625732422,-44.97724533081055,-44.977264404296875,-44.9772834777832,-44.97730255126953,-44.977317810058594,-44.97733688354492,-44.97735595703125,-44.97737503051758,-44.97739028930664,-44.97740936279297,-44.9774284362793,-44.977447509765625,-44.97746276855469,-44.977481842041016,-44.977500915527344,-44.97751998901367,-44.977535247802734,-44.97755432128906,-44.97757339477539,-44.97758865356445,-44.97760772705078,-44.97762680053711,-44.97764587402344,-44.9776611328125,-44.97768020629883,-44.977699279785156,-44.97771453857422,-44.97773361206055,-44.977752685546875,-44.97776794433594,-44.977787017822266,-44.977806091308594,-44.977821350097656,-44.977840423583984,-44.97785949707031,-44.977874755859375,-44.9778938293457,-44.977909088134766,-44.977928161621094,-44.97794723510742,-44.977962493896484,-44.97798156738281,-44.977996826171875,-44.9780158996582,-44.97803497314453,-44.978050231933594,-44.97806930541992,-44.978084564208984,-44.97810363769531,-44.97812271118164,-44.9781379699707,-44.97815704345703,-44.978172302246094,-44.97819137573242,-44.978206634521484,-44.97822570800781,-44.978240966796875,-44.9782600402832,-44.978275299072266,-44.978294372558594,-44.978309631347656,-44.978328704833984,-44.97834396362305,-44.978363037109375,-44.97837829589844,-44.978397369384766,-44.97841262817383,-44.978431701660156,-44.97844696044922,-44.97846603393555,-44.97848129272461,-44.97849655151367,-44.978515625,-44.97853088378906,-44.97854995727539,-44.97856521606445,-44.97858428955078,-44.978599548339844,-44.978614807128906,-44.978633880615234,-44.9786491394043,-44.97866439819336,-44.97868347167969,-44.97869873046875,-44.97871780395508,-44.97873306274414,-44.9787483215332,-44.97876739501953,-44.978782653808594,-44.978797912597656,-44.97881317138672,-44.97883224487305,-44.97884750366211,-44.97886276245117,-44.9788818359375,-44.97889709472656,-44.978912353515625,-44.97893142700195,-44.978946685791016,-44.97896194458008,-44.97897720336914,-44.9789924621582,-44.97901153564453,-44.979026794433594,-44.979042053222656,-44.97905731201172,-44.97907638549805,-44.97909164428711,-44.97910690307617,-44.979122161865234,-44.9791374206543,-44.97915267944336,-44.97917175292969,-44.97918701171875,-44.97920227050781,-44.979217529296875,-44.97923278808594,-44.979248046875,-44.97926330566406,-44.97928237915039,-44.97929763793945,-44.979312896728516,-44.97932815551758,-44.97934341430664,-44.9793586730957,-44.979373931884766,-44.97938919067383,-44.97940444946289,-44.97941970825195,-44.979434967041016,-44.97945022583008,-44.97946548461914,-44.9794807434082,-44.979496002197266,-44.97951126098633,-44.97952651977539,-44.97954177856445,-44.979557037353516,-44.97957229614258,-44.97958755493164,-44.9796028137207,-44.979618072509766,-44.97963333129883,-44.97964859008789,-44.97966384887695,-44.979679107666016,-44.97969436645508,-44.97970962524414,-44.97972106933594,-44.979736328125,-44.97975158691406,-44.979766845703125,-44.97978210449219,-44.979793548583984,-44.97980880737305,-44.979820251464844,-44.979827880859375,-44.97983169555664,-44.979827880859375,-44.979801177978516,-44.979740142822266,-44.9796028137207,-44.979347229003906,-44.978939056396484,-44.978458404541016,-44.978271484375,-44.97877502441406,-44.97966003417969,-44.98000717163086,-44.979591369628906,-44.97918701171875,-44.97944641113281,-44.979976654052734,-44.980010986328125,-44.97966384887695,-44.97963333129883,-44.979984283447266,-44.98012924194336,-44.979923248291016,-44.97984313964844,-44.98006057739258,-44.980194091796875,-44.98007583618164,-44.98000717163086,-44.98014450073242,-44.98025131225586,-44.98018264770508,-44.98013687133789,-44.980228424072266,-44.98030471801758,-44.98026657104492,-44.98023986816406,-44.98030090332031,-44.9803581237793,-44.980342864990234,-44.980323791503906,-44.98036575317383,-44.980411529541016,-44.98040771484375,-44.98039627075195,-44.98042678833008,-44.980464935302734,-44.98046875,-44.980464935302734,-44.98048782348633,-44.98051452636719,-44.980525970458984,-44.980525970458984,-44.98054122924805,-44.980567932128906,-44.9805793762207,-44.980587005615234,-44.98059844970703,-44.98061752319336,-44.98063278198242,-44.98064041137695,-44.98065185546875,-44.98066711425781,-44.980682373046875,-44.98069381713867,-44.98070526123047,-44.980716705322266,-44.98073196411133,-44.98074722290039,-44.98075866699219,-44.980770111083984,-44.98078155517578,-44.980796813964844,-44.98080825805664,-44.98081970214844,-44.980831146240234,-44.9808464050293,-44.980857849121094,-44.98086929321289,-44.98088073730469,-44.980892181396484,-44.98090744018555,-44.980918884277344,-44.98093032836914,-44.98094177246094,-44.980953216552734,-44.98096466064453,-44.98097610473633,-44.980987548828125,-44.98100280761719,-44.981014251708984,-44.98102569580078,-44.98103713989258,-44.981048583984375,-44.98106002807617,-44.98107147216797,-44.981082916259766,-44.98109436035156,-44.98110580444336,-44.981117248535156,-44.98112869262695,-44.98114013671875,-44.98115158081055,-44.981163024902344,-44.98117446899414,-44.98118591308594,-44.981197357177734,-44.98120880126953,-44.98122024536133,-44.981231689453125,-44.98124313354492,-44.98125076293945,-44.98126220703125,-44.98127365112305,-44.981285095214844,-44.98129653930664,-44.98130798339844,-44.981319427490234,-44.98133087158203,-44.98133850097656,-44.98134994506836,-44.981361389160156,-44.98137283325195,-44.98138427734375,-44.98139572143555,-44.98140335083008,-44.981414794921875,-44.98142623901367,-44.98143768310547,-44.9814453125,-44.9814567565918,-44.981468200683594,-44.98147964477539,-44.98148727416992,-44.98149871826172,-44.981510162353516,-44.98151779174805,-44.981529235839844,-44.98154067993164,-44.98155212402344,-44.98155975341797,-44.981571197509766,-44.98158264160156,-44.981590270996094,-44.98160171508789,-44.98160934448242,-44.98162078857422,-44.981632232666016,-44.98163986206055,-44.981651306152344,-44.981658935546875,-44.98167037963867,-44.98168182373047,-44.981689453125,-44.9817008972168,-44.98170852661133,-44.981719970703125,-44.981727600097656,-44.98173904418945,-44.981746673583984,-44.98175811767578,-44.98176574707031,-44.98177719116211,-44.98178482055664,-44.98179626464844,-44.98180389404297,-44.981815338134766,-44.9818229675293,-44.981834411621094,-44.981842041015625,-44.981849670410156,-44.98186111450195,-44.981868743896484,-44.98188018798828,-44.98188781738281,-44.98189926147461,-44.98190689086914,-44.98191452026367,-44.98192596435547,-44.98193359375,-44.98194122314453,-44.98195266723633,-44.98196029663086,-44.98196792602539,-44.98197937011719,-44.98198699951172,-44.98199462890625,-44.98200607299805,-44.98201370239258,-44.98202133178711,-44.98202896118164,-44.98204040527344,-44.98204803466797,-44.9820556640625,-44.98206329345703,-44.98207473754883,-44.98208236694336,-44.98208999633789,-44.98209762573242,-44.98210906982422,-44.98211669921875,-44.98212432861328,-44.98213195800781,-44.982139587402344,-44.982147216796875,-44.98215866088867,-44.9821662902832,-44.982173919677734,-44.982181549072266,-44.9821891784668,-44.98219680786133,-44.98220443725586,-44.982215881347656,-44.98222351074219,-44.98223114013672,-44.98223876953125,-44.98224639892578,-44.98225402832031,-44.982261657714844,-44.982269287109375,-44.982276916503906,-44.98228454589844,-44.98229217529297,-44.9822998046875,-44.98230743408203,-44.98231506347656,-44.982322692871094,-44.982330322265625,-44.982337951660156,-44.98234558105469,-44.98234939575195
-30.71520233154297,-30.896881103515625,-31.071537017822266,-31.238065719604492,-31.394636154174805,-31.5405216217041,-31.676742553710938,-31.80560874938965,-31.929563522338867,-32.05036926269531,-32.169097900390625,-32.28650665283203,-32.403446197509766,-32.520973205566406,-32.64018249511719,-32.761924743652344,-32.886627197265625,-33.01419448852539,-33.143917083740234,-33.27445602416992,-33.404075622558594,-33.53107833862305,-33.6544189453125,-33.77430725097656,-33.892513275146484,-34.0119743347168,-34.135765075683594,-34.26579666137695,-34.402034759521484,-34.54254150390625,-34.68436813354492,-34.824798583984375,-34.962486267089844,-35.09776306152344,-35.2320442199707,-35.36729431152344,-35.506080627441406,-35.65150833129883,-35.80660629272461,-35.973876953125,-36.155250549316406,-36.352108001708984,-36.56464385986328,-36.79047393798828,-37.024139404296875,-37.25825500488281,-37.48554611206055,-37.70069122314453,-37.901039123535156,-38.085670471191406,-38.25465774536133,-38.409915924072266,-38.55592727661133,-38.698402404785156,-38.841636657714844,-38.98728561401367,-39.13602828979492,-39.288169860839844,-39.44253921508789,-39.595794677734375,-39.744224548339844,-39.88813400268555,-40.02696990966797,-40.156307220458984,-40.27476119995117,-40.383949279785156,-40.483402252197266,-40.57326889038086,-40.65686798095703,-40.73371124267578,-40.80324172973633,-40.86784744262695,-40.92622375488281,-40.978885650634766,-41.02682876586914,-41.068572998046875,-41.10544967651367,-41.143524169921875,-41.18113708496094,-41.21799087524414,-41.2531623840332,-41.28644943237305,-41.318626403808594,-41.349273681640625,-41.378849029541016,-41.40761947631836,-41.43528366088867,-41.462364196777344,-41.48880386352539,-41.514556884765625,-41.5399169921875,-41.56450653076172,-41.58844757080078,-41.61168670654297,-41.63408279418945,-41.65583038330078,-41.67679214477539,-41.697078704833984,-41.7167854309082,-41.73588180541992,-41.75457000732422,-41.77280807495117,-41.790714263916016,-41.8083610534668,-41.82575988769531,-41.843040466308594,-41.86016082763672,-41.87720489501953,-41.89419174194336,-41.91115188598633,-41.928157806396484,-41.9452018737793,-41.96234893798828,-41.97959518432617,-41.99696350097656,-42.014469146728516,-42.032100677490234,-42.04987716674805,-42.06776809692383,-42.085792541503906,-42.10392761230469,-42.122169494628906,-42.14051055908203,-42.158939361572266,-42.177459716796875,-42.19606018066406,-42.21474075317383,-42.23347854614258,-42.25227737426758,-42.2711181640625,-42.28998565673828,-42.308876037597656,-42.3277702331543,-42.346649169921875,-42.36549758911133,-42.384300231933594,-42.40304183959961,-42.42169952392578,-42.44026184082031,-42.458702087402344,-42.47700500488281,-42.495147705078125,-42.51311492919922,-42.5308837890625,-42.54843521118164,-42.56575393676758,-42.582820892333984,-42.59961700439453,-42.616127014160156,-42.63234329223633,-42.648250579833984,-42.663841247558594,-42.679100036621094,-42.69402313232422,-42.70860290527344,-42.72283172607422,-42.73670959472656,-42.75022506713867,-42.76338577270508,-42.776187896728516,-42.78862762451172,-42.800716400146484,-42.81245040893555,-42.82383346557617,-42.83487319946289,-42.8455810546875,-42.855953216552734,-42.866004943847656,-42.8757438659668,-42.88517761230469,-42.89431381225586,-42.903160095214844,-42.91173553466797,-42.92003631591797,-42.92808532714844,-42.935882568359375,-42.95017623901367,-42.96649932861328,-42.98356246948242,-43.000972747802734,-43.01850128173828,-43.03593063354492,-43.05308151245117,-43.06977844238281,-43.08582305908203,-43.10105514526367,-43.115421295166016,-43.12892150878906,-43.14156723022461,-43.153385162353516,-43.16442108154297,-43.17470932006836,-43.18426513671875,-43.1931037902832,-43.20125198364258,-43.20877456665039,-43.21573257446289,-43.22219467163086,-43.22822952270508,-43.23390197753906,-43.23927688598633,-43.24440002441406,-43.249305725097656,-43.2540397644043,-43.25864791870117,-43.263179779052734,-43.26766586303711,-43.272151947021484,-43.276668548583984,-43.2812385559082,-43.2858772277832,-43.29060363769531,-43.29542922973633,-43.30036163330078,-43.30541229248047,-43.31059265136719,-43.31590270996094,-43.32135009765625,-43.32693099975586,-43.332645416259766,-43.3384895324707,-43.34445571899414,-43.35054397583008,-43.356746673583984,-43.36305618286133,-43.36946487426758,-43.375972747802734,-43.382568359375,-43.38924026489258,-43.39597702026367,-43.40277099609375,-43.40961456298828,-43.41649627685547,-43.423404693603516,-43.43032455444336,-43.437252044677734,-43.44416809082031,-43.45106506347656,-43.45793151855469,-43.46475601196289,-43.471527099609375,-43.47823715209961,-43.48487091064453,-43.491424560546875,-43.49789047241211,-43.50426483154297,-43.510536193847656,-43.51670837402344,-43.52277755737305,-43.52873992919922,-43.534603118896484,-43.54037094116211,-43.54604721069336,-43.551639556884766,-43.557159423828125,-43.562618255615234,-43.568023681640625,-43.573394775390625,-43.5787467956543,-43.58409118652344,-43.589454650878906,-43.594844818115234,-43.60029220581055,-43.605804443359375,-43.61140823364258,-43.617122650146484,-43.622962951660156,-43.62894821166992,-43.63509750366211,-43.64142608642578,-43.64794921875,-43.65467834472656,-43.66162872314453,-43.6688117980957,-43.676231384277344,-43.68389129638672,-43.691802978515625,-43.69995880126953,-43.7083625793457,-43.71700668334961,-43.72587966918945,-43.73497009277344,-43.744266510009766,-43.75374984741211,-43.76339340209961,-43.77317810058594,-43.78307342529297,-43.79304885864258,-43.803070068359375,-43.81310272216797,-43.82311248779297,-43.83306121826172,-43.8429069519043,-43.85261535644531,-43.86214828491211,-43.87146759033203,-43.88053512573242,-43.88932800292969,-43.89781188964844,-43.90596008300781,-43.91374969482422,-43.921165466308594,-43.928192138671875,-43.934818267822266,-43.941043853759766,-43.946861267089844,-43.952274322509766,-43.957298278808594,-43.96193313598633,-43.96619415283203,-43.97010040283203,-43.973670959472656,-43.9769172668457,-43.97986602783203,-43.9825325012207,-43.98494338989258,-43.98711013793945,-43.98906326293945,-43.990814208984375,-43.99238204956055,-43.99378204345703,-43.995033264160156,-43.99614715576172,-43.99714279174805,-43.998023986816406,-43.99880599975586,-43.99949645996094,-44.0001106262207,-44.00065231323242,-44.00112533569336,-44.00154495239258,-44.001914978027344,-44.002235412597656,-44.00251770019531,-44.002769470214844,-44.002986907958984,-44.003177642822266,-44.00334930419922,-44.00349807739258,-44.00363540649414,-44.00375747680664,-44.003868103027344,-44.003971099853516,-44.004066467285156,-44.00415802001953,-44.00424575805664,-44.004329681396484,-44.00440979003906,-44.004493713378906,-44.004573822021484,-44.0046501159668,-44.004730224609375,-44.00481033325195,-44.00489044189453,-44.00497055053711,-44.00504684448242,-44.005126953125,-44.00520706176758,-44.005287170410156,-44.005367279052734,-44.00544357299805,-44.005523681640625,-44.0056037902832,-44.005680084228516,-44.005760192871094,-44.00584030151367,-44.005916595458984,-44.0059928894043,-44.006072998046875,-44.00614929199219,-44.006229400634766,-44.00630569458008,-44.00638198852539,-44.00646209716797,-44.00653839111328,-44.006614685058594,-44.006690979003906,-44.006771087646484,-44.0068473815918,-44.00692367553711,-44.00700378417969,-44.007080078125,-44.00715637207031,-44.007232666015625,-44.0073127746582,-44.007389068603516,-44.00746536254883,-44.00754165649414,-44.00761795043945,-44.007694244384766,-44.00776672363281,-44.00783920288086,-44.007904052734375,-44.007965087890625,-44.008018493652344,-44.00807189941406,-44.00815200805664,-44.00826644897461,-44.00838088989258,-44.00846481323242,-44.008514404296875,-44.008575439453125,-44.0086669921875,-44.00876998901367,-44.008846282958984,-44.008907318115234,-44.00897979736328,-44.00906753540039,-44.0091552734375,-44.00922775268555,-44.00929260253906,-44.00937271118164,-44.00946044921875,-44.00953674316406,-44.009605407714844,-44.009681701660156,-44.009761810302734,-44.00984191894531,-44.00991439819336,-44.009986877441406,-44.01006317138672,-44.0101432800293,-44.01021957397461,-44.010292053222656,-44.0103645324707,-44.010440826416016,-44.01051712036133,-44.01059341430664,-44.01066589355469,-44.010738372802734,-44.01081466674805,-44.01089096069336,-44.010963439941406,-44.01103591918945,-44.011112213134766,-44.01118469238281,-44.01125717163086,-44.011329650878906,-44.01140213012695,-44.011478424072266,-44.01155090332031,-44.01162338256836,-44.011695861816406,-44.01176452636719,-44.011837005615234,-44.01190948486328,-44.01198196411133,-44.012054443359375,-44.012123107910156,-44.0121955871582,-44.01226806640625,-44.01233673095703,-44.01240921020508,-44.01247787475586,-44.012550354003906,-44.01261901855469,-44.012691497802734,-44.012760162353516,-44.0128288269043,-44.01289749145508,-44.01296615600586,-44.013038635253906,-44.01310729980469,-44.01317596435547,-44.01324462890625,-44.01331329345703,-44.01337814331055,-44.01344680786133,-44.01351547241211,-44.01358413696289,-44.013648986816406,-44.01371765136719,-44.0137825012207,-44.013851165771484,-44.013916015625,-44.01398468017578,-44.0140495300293,-44.01411819458008,-44.014183044433594,-44.01424789428711,-44.014312744140625,-44.01437759399414,-44.014442443847656,-44.01450729370117,-44.01457214355469,-44.0146369934082,-44.01470184326172,-44.014766693115234,-44.014827728271484,-44.014892578125,-44.014957427978516,-44.015018463134766,-44.01508331298828,-44.01514434814453,-44.01520538330078,-44.0152702331543,-44.01533126831055,-44.0153923034668,-44.01545333862305,-44.01551818847656,-44.01557922363281,-44.01564025878906,-44.01570129394531,-44.0157585144043,-44.01581954956055,-44.0158805847168,-44.01594161987305,-44.01599884033203,-44.01605987548828,-44.01612091064453,-44.016178131103516,-44.016239166259766,-44.01629638671875,-44.016353607177734,-44.016414642333984,-44.01647186279297,-44.01652908325195,-44.01658630371094,-44.01664352416992,-44.016700744628906,-44.01675796508789,-44.016815185546875,-44.01687240600586,-44.016929626464844,-44.01698303222656,-44.01704025268555,-44.01709747314453,-44.01715087890625,-44.017208099365234,-44.01726150512695,-44.01731872558594,-44.017372131347656,-44.017425537109375,-44.017478942871094,-44.01753616333008,-44.0175895690918,-44.017642974853516,-44.017696380615234,-44.01774978637695,-44.01780319213867,-44.017852783203125,-44.017906188964844,-44.01795959472656,-44.01801300048828,-44.018062591552734,-44.01811599731445,-44.018165588378906,-44.018218994140625,-44.01826858520508,-44.01831817626953,-44.01837158203125,-44.0184211730957,-44.018470764160156,-44.01852035522461,-44.0185661315918,-44.018611907958984,-44.018653869628906,-44.01869201660156,-44.01872253417969,-44.01874542236328,-44.018775939941406,-44.01882553100586,-44.01890182495117,-44.01898956298828,-44.01905822753906,-44.01909637451172,-44.01911926269531,-44.01915740966797,-44.019222259521484,-44.019290924072266,-44.01934051513672,-44.01937484741211,-44.019412994384766,-44.01946258544922,-44.0195198059082,-44.01957321166992,-44.019615173339844,-44.019649505615234,-44.01969528198242,-44.01974868774414,-44.019798278808594,-44.019840240478516,-44.01988220214844,-44.01992416381836,-44.01997375488281,-44.02001953125,-44.02006149291992,-44.020103454589844,-44.020145416259766,-44.02019119262695,-44.02023696899414,-44.02027893066406,-44.020320892333984,-44.020362854003906,-44.02040481567383,-44.02044677734375,-44.02048873901367,-44.020530700683594,-44.020572662353516,-44.02061080932617,-44.020652770996094,-44.020694732666016,-44.02073669433594,-44.020774841308594,-44.020816802978516,-44.02085876464844,-44.020896911621094,-44.020938873291016,-44.02097702026367,-44.02101516723633,-44.021053314208984,-44.021095275878906,-44.02113342285156,-44.02117156982422,-44.021209716796875,-44.02124786376953,-44.02128601074219,-44.021324157714844,-44.0213623046875,-44.021400451660156,-44.02143859863281,-44.02147674560547,-44.021514892578125,-44.021549224853516,-44.02158737182617,-44.02162551879883,-44.02165985107422,-44.021697998046875,-44.021732330322266,-44.02177047729492,-44.02180480957031,-44.02184295654297,-44.02187728881836,-44.02191162109375,-44.02194595336914,-44.0219841003418,-44.02201843261719,-44.02205276489258,-44.02208709716797,-44.02212142944336,-44.02215576171875,-44.02219009399414,-44.02222442626953,-44.02225875854492,-44.02229309082031,-44.02232360839844,-44.02235794067383,-44.02239227294922,-44.02242660522461,-44.022457122802734,-44.022491455078125,-44.02252197265625,-44.02255630493164,-44.022586822509766,-44.022621154785156,-44.02265167236328,-44.02268600463867,-44.0227165222168,-44.02274703979492,-44.02278137207031,-44.02281188964844,-44.02284240722656,-44.02287292480469,-44.02290344238281,-44.02293395996094,-44.02296447753906,-44.02299499511719,-44.02302551269531,-44.02305603027344,-44.02308654785156,-44.02311706542969,-44.02314758300781,-44.02317810058594,-44.0232048034668,-44.02323532104492,-44.02326583862305,-44.023292541503906,-44.02332305908203,-44.023353576660156,-44.023380279541016,-44.02341079711914,-44.0234375,-44.023468017578125,-44.023494720458984,-44.023521423339844,-44.02355194091797,-44.02357864379883,-44.02360534667969,-44.02363586425781,-44.02366256713867,-44.02368927001953,-44.02371597290039,-44.02374267578125,-44.02376937866211,-44.02379608154297,-44.02382278442383,-44.02384948730469,-44.02387619018555,-44.023902893066406,-44.023929595947266,-44.023956298828125,-44.023983001708984,-44.024009704589844,-44.02403259277344,-44.0240592956543,-44.024085998535156,-44.024112701416016,-44.02413558959961,-44.02416229248047,-44.02418518066406,-44.02421188354492,-44.024234771728516,-44.024261474609375,-44.02428436279297,-44.02431106567383,-44.02433395385742,-44.02436065673828,-44.024383544921875,-44.02440643310547,-44.02443313598633,-44.02445602416992,-44.024478912353516,-44.02450180053711,-44.02452850341797,-44.02455139160156,-44.024574279785156,-44.02459716796875,-44.024620056152344,-44.02464294433594,-44.02466583251953,-44.02468490600586,-44.02470779418945,-44.02472686767578,-44.02474594116211,-44.024757385253906,-44.02476501464844,-44.02476501464844,-44.024757385253906,-44.024757385253906,-44.024784088134766,-44.024845123291016,-44.0249137878418,-44.02495574951172,-44.024959564208984,-44.02495574951172,-44.024967193603516,-44.02500915527344,-44.025054931640625,-44.025081634521484,-44.025089263916016,-44.02509689331055,-44.025123596191406,-44.0251579284668,-44.02518844604492,-44.02519989013672,-44.025211334228516,-44.02523422241211,-44.025264739990234,-44.02528762817383,-44.025306701660156,-44.02532196044922,-44.02534103393555,-44.02536392211914,-44.025386810302734,-44.02540588378906,-44.02542495727539,-44.02544021606445,-44.02546310424805,-44.02548599243164,-44.02550506591797,-44.02552032470703,-44.02553939819336,-44.02555847167969,-44.02558135986328,-44.02560043334961,-44.02561950683594,-44.025634765625,-44.02565383911133,-44.025672912597656,-44.025691986083984,-44.02571105957031,-44.02573013305664,-44.0257453918457,-44.02576446533203,-44.02578353881836,-44.02580261230469,-44.02581787109375,-44.02583694458008,-44.025856018066406,-44.02587127685547,-44.0258903503418,-44.02590560913086,-44.02592468261719,-44.02593994140625,-44.02595901489258,-44.025978088378906,-44.02599334716797,-44.0260124206543,-44.02602767944336,-44.02604293823242,-44.02606201171875,-44.02607727050781,-44.02609634399414,-44.0261116027832,-44.026126861572266,-44.02614212036133,-44.026161193847656,-44.02617645263672,-44.02619171142578,-44.02621078491211,-44.02622604370117,-44.026241302490234,-44.0262565612793,-44.02627182006836,-44.02628707885742,-44.02630615234375,-44.02632141113281,-44.026336669921875,-44.02635192871094,-44.0263671875,-44.02638244628906,-44.026397705078125,-44.02641296386719,-44.02642822265625,-44.02644348144531,-44.026458740234375,-44.02647399902344,-44.0264892578125,-44.02650451660156,-44.026519775390625,-44.02653121948242,-44.026546478271484,-44.02656173706055,-44.02657699584961,-44.02659225463867,-44.026607513427734,-44.02661895751953,-44.026634216308594,-44.026649475097656,-44.02666473388672,-44.026676177978516,-44.02669143676758,-44.02670669555664,-44.02671813964844,-44.0267333984375,-44.02674865722656,-44.02676010131836,-44.02677536010742,-44.02678680419922,-44.02680206298828,-44.02681350708008,-44.02682876586914,-44.0268440246582,-44.02685546875,-44.02687072753906,-44.02688217163086,-44.02689743041992,-44.02690887451172,-44.026920318603516,-44.02693557739258,-44.026947021484375,-44.02696228027344,-44.026973724365234,-44.02698516845703,-44.027000427246094,-44.02701187133789,-44.02702331542969,-44.02703857421875,-44.02705001831055,-44.027061462402344,-44.027076721191406,-44.0270881652832,-44.027099609375,-44.0271110534668,-44.02712631225586,-44.027137756347656,-44.02714920043945,-44.02716064453125,-44.02717208862305,-44.02718734741211,-44.027198791503906,-44.0272102355957,-44.0272216796875,-44.0272331237793,-44.027244567871094,-44.02725601196289,-44.02726745605469,-44.027278900146484,-44.02729034423828,-44.02730178833008,-44.027313232421875,-44.02732467651367,-44.02733612060547,-44.027347564697266,-44.02735900878906,-44.02737045288086,-44.027381896972656,-44.02739334106445,-44.02740478515625,-44.02741622924805,-44.027427673339844,-44.02743911743164,-44.02745056152344,-44.027462005615234,-44.027469635009766,-44.02748107910156,-44.02749252319336,-44.027503967285156,-44.02751541137695,-44.02752685546875,-44.02753448486328,-44.02754592895508,-44.027557373046875,-44.02756881713867,-44.0275764465332,-44.027587890625,-44.0275993347168,-44.027610778808594,-44.027618408203125,-44.02762985229492,-44.02764129638672,-44.02764892578125,-44.02766036987305,-44.027671813964844,-44.027679443359375,-44.02769088745117,-44.0276985168457,-44.0277099609375,-44.0277214050293,-44.02772903442383,-44.027740478515625,-44.027748107910156,-44.02775955200195,-44.027767181396484,-44.02777862548828,-44.02778625488281,-44.02779769897461,-44.02780532836914,-44.02781295776367,-44.0278205871582,-44.027828216552734,-44.02783203125,-44.02783203125
-31.930755615234375,-32.04664993286133,-32.163516998291016,-32.28121566772461,-32.39923095703125,-32.517173767089844,-32.63498306274414,-32.75275421142578,-32.87060546875,-32.98854446411133,-33.10645294189453,-33.22420883178711,-33.341766357421875,-33.4592399597168,-33.57687759399414,-33.695011138916016,-33.81391143798828,-33.93366622924805,-34.054161071777344,-34.175193786621094,-34.296573638916016,-34.418209075927734,-34.54014587402344,-34.662532806396484,-34.78556442260742,-34.90938949584961,-35.03402328491211,-35.15928649902344,-35.28476333618164,-35.409828186035156,-35.53375244140625,-35.655887603759766,-35.77581787109375,-35.89345169067383,-36.00904083251953,-36.12302780151367,-36.235923767089844,-36.348114013671875,-36.45980453491211,-36.571022033691406,-36.681671142578125,-36.791568756103516,-36.900474548339844,-37.00814437866211,-37.11431884765625,-37.218807220458984,-37.32149124145508,-37.42234420776367,-37.5213737487793,-37.6185188293457,-37.71354293823242,-37.80603790283203,-37.895484924316406,-37.98141860961914,-38.06366729736328,-38.14240264892578,-38.217933654785156,-38.290340423583984,-38.35933303833008,-38.42451477050781,-38.48577880859375,-38.543521881103516,-38.59836196899414,-38.650630950927734,-38.70023727416992,-38.74700927734375,-38.791160583496094,-38.83329391479492,-38.873931884765625,-38.91311264038086,-38.96676254272461,-39.02654266357422,-39.08992004394531,-39.15563201904297,-39.22261047363281,-39.28977584838867,-39.356319427490234,-39.42186737060547,-39.48625946044922,-39.549232482910156,-39.61039733886719,-39.669498443603516,-39.7265510559082,-39.781646728515625,-39.834712982177734,-39.88560104370117,-39.93431854248047,-39.98102569580078,-40.02582550048828,-40.06865692138672,-40.10950469970703,-40.14850997924805,-40.18581008911133,-40.22142791748047,-40.2553596496582,-40.28772735595703,-40.31866455078125,-40.34820556640625,-40.376380920410156,-40.403316497802734,-40.42913055419922,-40.4538459777832,-40.47751998901367,-40.50027084350586,-40.522178649902344,-40.543270111083984,-40.563629150390625,-40.583351135253906,-40.60246658325195,-40.621028900146484,-40.639129638671875,-40.66606903076172,-40.696041107177734,-40.727542877197266,-40.75971221923828,-40.79195022583008,-40.823890686035156,-40.85525131225586,-40.885833740234375,-40.91553497314453,-40.94428253173828,-40.9720344543457,-40.9987907409668,-41.0245475769043,-41.04930114746094,-41.073081970214844,-41.09589767456055,-41.117774963378906,-41.13874435424805,-41.15884017944336,-41.17810821533203,-41.196598052978516,-41.21435546875,-41.231441497802734,-41.2479133605957,-41.263824462890625,-41.279239654541016,-41.294212341308594,-41.30881118774414,-41.32308578491211,-41.33710479736328,-41.350921630859375,-41.36460494995117,-41.37821578979492,-41.39182662963867,-41.40550994873047,-41.419349670410156,-41.43342590332031,-41.44783020019531,-41.46267318725586,-41.478050231933594,-41.494083404541016,-41.510887145996094,-41.52858352661133,-41.547298431396484,-41.567161560058594,-41.58829116821289,-41.610809326171875,-41.63482666015625,-41.66044235229492,-41.68772888183594,-41.71674728393555,-41.74749755859375,-41.77994918823242,-41.813995361328125,-41.8494758605957,-41.88617706298828,-41.92383575439453,-41.9621696472168,-42.0008659362793,-42.039608001708984,-42.07809066772461,-42.11604690551758,-42.15328598022461,-42.18965530395508,-42.22489547729492,-42.258033752441406,-42.29001235961914,-42.326602935791016,-42.358646392822266,-42.38996887207031,-42.42303466796875,-42.45138168334961,-42.48268127441406,-42.50908660888672,-42.53746795654297,-42.561851501464844,-42.58711242675781,-42.609352111816406,-42.631771087646484,-42.65194320678711,-42.67186737060547,-42.690101623535156,-42.707820892333984,-42.724239349365234,-42.739967346191406,-42.754703521728516,-42.7686653137207,-42.78193283081055,-42.79440689086914,-42.80644607543945,-42.817710876464844,-42.8287353515625,-42.8390007019043,-42.84913635253906,-42.85852813720703,-42.86783218383789,-42.876426696777344,-42.88493728637695,-42.892799377441406,-42.900569915771484,-42.907772064208984,-42.91486740112305,-42.921504974365234,-42.928001403808594,-42.93414306640625,-42.94010925292969,-42.94580078125,-42.95127487182617,-42.95653533935547,-42.96154022216797,-42.966373443603516,-42.97092819213867,-42.97533416748047,-42.979469299316406,-42.98346710205078,-42.98722839355469,-42.990848541259766,-42.99427795410156,-42.99755859375,-43.00068283081055,-43.003658294677734,-43.006507873535156,-43.00920867919922,-43.01180648803711,-43.0142707824707,-43.01665115356445,-43.0189208984375,-43.0211067199707,-43.02321243286133,-43.02524185180664,-43.02720642089844,-43.02910232543945,-43.03095626831055,-43.03274917602539,-43.034507751464844,-43.036224365234375,-43.03791046142578,-43.039573669433594,-43.04121017456055,-43.0428352355957,-43.04444122314453,-43.046043395996094,-43.04763412475586,-43.04922103881836,-43.050811767578125,-43.05240249633789,-43.05400466918945,-43.05561065673828,-43.057228088378906,-43.05886459350586,-43.06051254272461,-43.06217956542969,-43.06386947631836,-43.065582275390625,-43.06732177734375,-43.069087982177734,-43.070884704589844,-43.07271194458008,-43.0745735168457,-43.07646942138672,-43.07840347290039,-43.080379486083984,-43.0823974609375,-43.08445739746094,-43.08656692504883,-43.088722229003906,-43.09092712402344,-43.09318542480469,-43.09550094604492,-43.097869873046875,-43.10029602050781,-43.102783203125,-43.1053352355957,-43.107948303222656,-43.11063003540039,-43.11337661743164,-43.11619567871094,-43.11908721923828,-43.122047424316406,-43.125083923339844,-43.128196716308594,-43.13138961791992,-43.13465881347656,-43.138004302978516,-43.14143371582031,-43.14494323730469,-43.14853286743164,-43.15220642089844,-43.15596008300781,-43.15979766845703,-43.16371536254883,-43.1677131652832,-43.17179489135742,-43.17595291137695,-43.1801872253418,-43.18450164794922,-43.18888473510742,-43.19334411621094,-43.197872161865234,-43.20246887207031,-43.20712661743164,-43.21184539794922,-43.21662139892578,-43.2214469909668,-43.226322174072266,-43.23124313354492,-43.23619842529297,-43.24119186401367,-43.24620819091797,-43.251251220703125,-43.256309509277344,-43.26137924194336,-43.26645278930664,-43.27152633666992,-43.27659225463867,-43.28164291381836,-43.28667449951172,-43.29167938232422,-43.296653747558594,-43.30158996582031,-43.306480407714844,-43.31132125854492,-43.31610870361328,-43.32083511352539,-43.325496673583984,-43.3300895690918,-43.33461380004883,-43.33905792236328,-43.34342956542969,-43.34771728515625,-43.351924896240234,-43.356048583984375,-43.36009216308594,-43.36405563354492,-43.36793518066406,-43.371734619140625,-43.37546157836914,-43.37911605834961,-43.38269805908203,-43.3862190246582,-43.389678955078125,-43.39308547973633,-43.39645004272461,-43.399776458740234,-43.403072357177734,-43.406349182128906,-43.40961456298828,-43.412879943847656,-43.416160583496094,-43.419464111328125,-43.42280960083008,-43.426204681396484,-43.42966842651367,-43.4332160949707,-43.436866760253906,-43.44063949584961,-43.44455337524414,-43.44862747192383,-43.4528923034668,-43.457366943359375,-43.46207809448242,-43.46706008911133,-43.47233581542969,-43.477943420410156,-43.483917236328125,-43.490291595458984,-43.497108459472656,-43.50440979003906,-43.512229919433594,-43.52062225341797,-43.52962112426758,-43.539276123046875,-43.549625396728516,-43.560707092285156,-43.57255554199219,-43.58519744873047,-43.5986442565918,-43.61290740966797,-43.62797546386719,-43.64382553100586,-43.66040802001953,-43.67766189575195,-43.69550323486328,-43.71382522583008,-43.732505798339844,-43.75140380859375,-43.770362854003906,-43.78922653198242,-43.807830810546875,-43.826011657714844,-43.8436164855957,-43.860504150390625,-43.876556396484375,-43.891666412353516,-43.90575408935547,-43.918766021728516,-43.9306640625,-43.94144058227539,-43.95110321044922,-43.95968246459961,-43.967220306396484,-43.97377395629883,-43.97941970825195,-43.98423385620117,-43.98828887939453,-43.99168014526367,-43.994476318359375,-43.996768951416016,-43.998626708984375,-44.0001220703125,-44.001319885253906,-44.002281188964844,-44.00305938720703,-44.003700256347656,-44.004241943359375,-44.00471878051758,-44.005165100097656,-44.005592346191406,-44.00602722167969,-44.006473541259766,-44.00693893432617,-44.00742721557617,-44.007938385009766,-44.00846862792969,-44.00901412963867,-44.00956726074219,-44.01012420654297,-44.010677337646484,-44.011226654052734,-44.01176452636719,-44.012290954589844,-44.01280212402344,-44.0133056640625,-44.01380157470703,-44.0142936706543,-44.0147819519043,-44.01527786254883,-44.015777587890625,-44.01628875732422,-44.01681900024414,-44.017364501953125,-44.0179328918457,-44.01852035522461,-44.019134521484375,-44.019771575927734,-44.02043151855469,-44.021114349365234,-44.021820068359375,-44.02254867553711,-44.02330017089844,-44.02407455444336,-44.02486801147461,-44.02568817138672,-44.026527404785156,-44.02738952636719,-44.02827835083008,-44.0291862487793,-44.030120849609375,-44.03107833862305,-44.032066345214844,-44.03307342529297,-44.03411102294922,-44.03517150878906,-44.03624725341797,-44.03731918334961,-44.03828811645508,-44.03886032104492,-44.03826141357422,-44.036197662353516,-44.03765106201172,-44.04410171508789,-44.044212341308594,-44.04325485229492,-44.04832458496094,-44.04839324951172,-44.04895782470703,-44.052947998046875,-44.0523796081543,-44.05481719970703,-44.05705261230469,-44.05714416503906,-44.06028747558594,-44.0610466003418,-44.062599182128906,-44.065025329589844,-44.06559753417969,-44.0680046081543,-44.06941604614258,-44.07067108154297,-44.072940826416016,-44.073944091796875,-44.07578659057617,-44.0775260925293,-44.07866287231445,-44.08061981201172,-44.081966400146484,-44.08334732055664,-44.085121154785156,-44.08631134033203,-44.087806701660156,-44.08934020996094,-44.09048843383789,-44.091957092285156,-44.093284606933594,-44.09440612792969,-44.09576416015625,-44.09693908691406,-44.09800338745117,-44.09922409057617,-44.100276947021484,-44.10125732421875,-44.102333068847656,-44.103275299072266,-44.10415267944336,-44.105098724365234,-44.105934143066406,-44.10670852661133,-44.107521057128906,-44.10826110839844,-44.10893630981445,-44.1096305847168,-44.11027908325195,-44.11085891723633,-44.11144256591797,-44.112003326416016,-44.11250686645508,-44.11299514770508,-44.11347198486328,-44.11390686035156,-44.114315032958984,-44.11471939086914,-44.11509323120117,-44.11543655395508,-44.11577224731445,-44.11609649658203,-44.11638641357422,-44.116668701171875,-44.116943359375,-44.11719512939453,-44.117431640625,-44.11766052246094,-44.117881774902344,-44.11808395385742,-44.118282318115234,-44.11846923828125,-44.118648529052734,-44.11881637573242,-44.118980407714844,-44.119140625,-44.11928939819336,-44.11943054199219,-44.119571685791016,-44.11970520019531,-44.119834899902344,-44.119956970214844,-44.120079040527344,-44.12019348144531,-44.12030792236328,-44.120418548583984,-44.12052536010742,-44.120628356933594,-44.120731353759766,-44.12083053588867,-44.12092590332031,-44.12102127075195,-44.12111282348633,-44.1212043762207,-44.12129592895508,-44.12138366699219,-44.12146759033203,-44.121551513671875,-44.12163543701172,-44.12171936035156,-44.12179946899414,-44.12187957763672,-44.12195587158203,-44.122032165527344,-44.122108459472656,-44.12218475341797,-44.122257232666016,-44.12233352661133,-44.122406005859375,-44.122474670410156,-44.1225471496582,-44.122615814208984,-44.122684478759766,-44.12275314331055,-44.12282180786133,-44.122886657714844,-44.12295150756836,-44.123016357421875,-44.12308120727539,-44.123146057128906,-44.123207092285156,-44.123268127441406,-44.12333297729492,-44.12339401245117,-44.123451232910156,-44.123512268066406,-44.12356948852539,-44.12363052368164,-44.123687744140625,-44.12374496459961,-44.12379837036133,-44.12385559082031,-44.12390899658203,-44.123966217041016,-44.124019622802734,-44.12407302856445,-44.12412643432617,-44.12417984008789,-44.124229431152344,-44.12428283691406,-44.124332427978516,-44.12438201904297,-44.12443161010742,-44.124481201171875,-44.12453079223633,-44.12458038330078,-44.124629974365234,-44.12467575073242,-44.12472152709961,-44.12477111816406,-44.12481689453125,-44.12486267089844,-44.124908447265625,-44.12495422363281,-44.124996185302734,-44.12504196166992,-44.125083923339844,-44.12512969970703,-44.12517166137695,-44.12521743774414,-44.12525939941406,-44.125301361083984,-44.125343322753906,-44.12538528442383,-44.12542724609375,-44.125465393066406,-44.12550735473633,-44.12554931640625,-44.125587463378906,-44.12562942504883,-44.125667572021484,-44.125709533691406,-44.12574768066406,-44.12578582763672,-44.125823974609375,-44.1258659362793,-44.12590408325195,-44.12594223022461,-44.125980377197266,-44.12601852416992,-44.12605667114258,-44.12609100341797,-44.126129150390625,-44.12616729736328,-44.12620544433594,-44.12623977661133,-44.126277923583984,-44.12631607055664,-44.12635040283203,-44.12638854980469,-44.126426696777344,-44.126461029052734,-44.12649917602539,-44.12653350830078,-44.12657165527344,-44.12660598754883,-44.126644134521484,-44.126678466796875,-44.12671661376953,-44.12675094604492,-44.12678909301758,-44.12682342529297,-44.126861572265625,-44.126895904541016,-44.12693405151367,-44.12696838378906,-44.12700653076172,-44.12704086303711,-44.127079010009766,-44.12711715698242,-44.12715148925781,-44.12718963623047,-44.12722396850586,-44.127262115478516,-44.12730026245117,-44.12733459472656,-44.12737274169922,-44.127410888671875,-44.12744903564453,-44.12748718261719,-44.127525329589844,-44.1275634765625,-44.127601623535156,-44.12763977050781,-44.12767791748047,-44.127716064453125,-44.12775421142578,-44.12779235839844,-44.12783432006836,-44.127872467041016,-44.12791442871094,-44.127952575683594,-44.127994537353516,-44.12803649902344,-44.128074645996094,-44.128116607666016,-44.12815856933594,-44.12820053100586,-44.12824249267578,-44.1282844543457,-44.12833023071289,-44.12837219238281,-44.12841796875,-44.12845993041992,-44.12850570678711,-44.1285514831543,-44.128597259521484,-44.12864303588867,-44.12868881225586,-44.12873458862305,-44.128780364990234,-44.12882995605469,-44.128875732421875,-44.12892532348633,-44.12897491455078,-44.129024505615234,-44.12907409667969,-44.129127502441406,-44.12917709350586,-44.12923049926758,-44.12928009033203,-44.12933349609375,-44.1293830871582,-44.12943649291992,-44.12948226928711,-44.12952423095703,-44.12955093383789,-44.129547119140625,-44.12948989868164,-44.12932586669922,-44.12897872924805,-44.128387451171875,-44.12767028808594,-44.12736892700195,-44.128143310546875,-44.129573822021484,-44.13020706176758,-44.12962341308594,-44.12900924682617,-44.12944030761719,-44.13032531738281,-44.13043212890625,-44.12993621826172,-44.12993621826172,-44.13053894042969,-44.13080596923828,-44.13052749633789,-44.13046646118164,-44.13086700439453,-44.13111877441406,-44.13097381591797,-44.130943298339844,-44.131229400634766,-44.13143539428711,-44.13137435913086,-44.131378173828125,-44.131595611572266,-44.13176727294922,-44.13175964355469,-44.13179397583008,-44.1319694519043,-44.13211441040039,-44.13214874267578,-44.1322021484375,-44.13235092163086,-44.13248825073242,-44.132545471191406,-44.13261413574219,-44.132747650146484,-44.132877349853516,-44.132957458496094,-44.13303756713867,-44.13315963745117,-44.1332893371582,-44.13338851928711,-44.133480072021484,-44.13359832763672,-44.133724212646484,-44.13383483886719,-44.13393783569336,-44.134056091308594,-44.134185791015625,-44.134307861328125,-44.13441848754883,-44.13454055786133,-44.13467025756836,-44.13479995727539,-44.13492202758789,-44.135047912597656,-44.13518142700195,-44.135318756103516,-44.13545227050781,-44.13558578491211,-44.13572311401367,-44.1358642578125,-44.13600540161133,-44.136146545410156,-44.13629150390625,-44.13644027709961,-44.13658905029297,-44.13673782348633,-44.13689041137695,-44.13704299926758,-44.13719940185547,-44.13735580444336,-44.137516021728516,-44.13767623901367,-44.13783645629883,-44.138004302978516,-44.13816833496094,-44.138336181640625,-44.13850784301758,-44.13867950439453,-44.13885498046875,-44.13903045654297,-44.13920593261719,-44.13938522338867,-44.13956832885742,-44.13975143432617,-44.13993453979492,-44.14012145996094,-44.14030838012695,-44.140499114990234,-44.140689849853516,-44.14088439941406,-44.14107894897461,-44.14127731323242,-44.141475677490234,-44.14167404174805,-44.141876220703125,-44.14208221435547,-44.14228439331055,-44.14249038696289,-44.1427001953125,-44.14291000366211,-44.14311981201172,-44.143333435058594,-44.14354705810547,-44.14376449584961,-44.143978118896484,-44.14419937133789,-44.14441680908203,-44.14463806152344,-44.144859313964844,-44.145084381103516,-44.14530563354492,-44.145530700683594,-44.14575958251953,-44.1459846496582,-44.14621353149414,-44.14644241333008,-44.146671295166016,-44.14690399169922,-44.14713668823242,-44.14736557006836,-44.14759826660156,-44.14783477783203,-44.148067474365234,-44.14830017089844,-44.148536682128906,-44.148773193359375,-44.149009704589844,-44.14924240112305,-44.149478912353516,-44.149715423583984,-44.14995193481445,-44.15018844604492,-44.15042495727539,-44.15066146850586,-44.15089797973633,-44.1511344909668,-44.151371002197266,-44.151607513427734,-44.15184020996094,-44.152076721191406,-44.15230941772461,-44.15254211425781,-44.15277862548828,-44.153011322021484,-44.15324020385742,-44.153472900390625,-44.15370178222656,-44.1539306640625,-44.15415954589844,-44.154388427734375,-44.15461349487305,-44.15483856201172,-44.15506362915039,-44.1552848815918,-44.1555061340332,-44.15572738647461,-44.155948638916016,-44.156166076660156,-44.15637969970703,-44.15659713745117,-44.15681076049805,-44.157020568847656,-44.157230377197266,-44.157440185546875,-44.15764617919922,-44.15785217285156,-44.15805435180664,-44.15825653076172,-44.15845489501953,-44.158653259277344,-44.15884780883789,-44.15904235839844,-44.159236907958984,-44.159427642822266,-44.15961456298828,-44.1598014831543,-44.15998458862305,-44.1601676940918,-44.16034698486328,-44.160526275634766,-44.160701751708984,-44.1608772277832,-44.161048889160156,-44.161216735839844,-44.16138458251953,-44.16154479980469,-44.161705017089844,-44.16185760498047,-44.16200256347656,-44.16213607788086,-44.16223907470703,-44.16230392456055,-44.162288665771484,-44.16215133666992,-44.16183090209961,-44.16133117675781,-44.160865783691406,-44.16093444824219,-44.161888122558594,-44.1631965637207,-44.163780212402344,-44.16339874267578,-44.16289138793945,-44.16312026977539,-44.1639404296875,-44.16442108154297,-44.164222717285156,-44.163963317871094,-44.16424560546875,-44.164791107177734,-44.16497802734375,-44.16481399536133,-44.1648063659668,-44.165138244628906,-44.16544723510742,-44.16545867919922,-44.1653938293457,-44.16554641723633,-44.16581726074219,-44.16594314575195,-44.165924072265625,-44.165977478027344,-44.16616439819336,-44.16632843017578,-44.166378021240234,-44.16640090942383,-44.16651153564453,-44.166664123535156,-44.16675567626953,-44.16679382324219,-44.16685485839844,-44.16697311401367,-44.16707992553711,-44.16714096069336,-44.16718673706055,-44.167266845703125,-44.16736602783203,-44.167442321777344,-44.16749572753906,-44.16755294799805,-44.167633056640625,-44.16770935058594,-44.16777420043945,-44.167823791503906,-44.167884826660156,-44.16795349121094,-44.16801834106445,-44.16807556152344,-44.16812515258789,-44.168182373046875,-44.168243408203125,-44.16830062866211,-44.16835021972656,-44.168399810791016,-44.16844940185547,-44.16850280761719,-44.168556213378906,-44.168601989746094,-44.16864776611328,-44.16869354248047,-44.168739318847656,-44.168785095214844,-44.168827056884766,-44.16886901855469,-44.16891098022461,-44.16895294189453,-44.16899490356445,-44.16903305053711,-44.169071197509766,-44.16910934448242,-44.16914749145508,-44.169185638427734,-44.16922378540039,-44.16925811767578,-44.16929244995117,-44.16932678222656,-44.16936111450195,-44.16939163208008,-44.16942596435547,-44.169456481933594,-44.16948699951172,-44.169517517089844,-44.16954803466797,-44.169578552246094,-44.16960906982422,-44.16963577270508,-44.16966247558594,-44.1696891784668,-44.16971969604492,-44.169742584228516,-44.169769287109375,-44.169795989990234,-44.169822692871094,-44.16984558105469,-44.16986846923828,-44.16989517211914,-44.169918060302734,-44.16994094848633,-44.16996383666992,-44.16998291015625,-44.170005798339844,-44.17002868652344,-44.170047760009766,-44.17007064819336,-44.17008972167969,-44.170108795166016,-44.170127868652344,-44.17014694213867,-44.170166015625,-44.17018508911133,-44.170204162597656,-44.170223236083984,-44.17024230957031,-44.170257568359375,-44.1702766418457,-44.170291900634766,-44.170310974121094,-44.170326232910156,-44.17034149169922,-44.17035675048828,-44.170372009277344,-44.170387268066406,-44.17040252685547,-44.17041778564453,-44.170433044433594,-44.170448303222656,-44.17046356201172,-44.170475006103516,-44.17049026489258,-44.17050552368164,-44.17051696777344,-44.1705322265625,-44.1705436706543,-44.17055892944336,-44.170570373535156,-44.17058181762695,-44.17059326171875,-44.17060852050781,-44.17061996459961,-44.170631408691406,-44.1706428527832,-44.170654296875,-44.1706657409668,-44.170677185058594,-44.17068862915039,-44.17070007324219,-44.17070770263672,-44.170719146728516,-44.17073059082031,-44.17074203491211,-44.17074966430664,-44.17076110839844,-44.170772552490234,-44.170780181884766,-44.17079162597656,-44.170799255371094,-44.17081069946289,-44.17081832885742,-44.17082977294922,-44.17083740234375,-44.17084503173828,-44.17085647583008,-44.17086410522461,-44.17087173461914,-44.17088317871094,-44.17089080810547,-44.1708984375,-44.17090606689453,-44.17091369628906,-44.17092514038086,-44.17093276977539,-44.17094039916992,-44.17094802856445,-44.170955657958984,-44.170963287353516,-44.17097091674805,-44.17097854614258,-44.17098617553711,-44.17099380493164,-44.17100143432617,-44.1710090637207,-44.17101287841797
-31.638347625732422,-31.75857162475586,-31.879087448120117,-31.999549865722656,-32.119834899902344,-32.240238189697266,-32.361305236816406,-32.48355484008789,-32.607364654541016,-32.7330322265625,-32.860782623291016,-32.99068069458008,-33.122684478759766,-33.256675720214844,-33.3924560546875,-33.52971267700195,-33.66804122924805,-33.8071403503418,-33.946746826171875,-34.08650588989258,-34.22599792480469,-34.36477279663086,-34.50233459472656,-34.63816452026367,-34.77178955078125,-34.90288162231445,-35.031436920166016,-35.15775680541992,-35.282291412353516,-35.40542221069336,-35.527557373046875,-35.64938735961914,-35.77212905883789,-35.897369384765625,-36.0263557434082,-36.15933609008789,-36.29566192626953,-36.43452072143555,-36.575660705566406,-36.7188720703125,-36.86294937133789,-37.006187438964844,-37.147891998291016,-37.28840637207031,-37.42735290527344,-37.56388473510742,-37.698368072509766,-37.831565856933594,-37.96270751953125,-38.09134292602539,-38.21803665161133,-38.34211730957031,-38.462982177734375,-38.58138656616211,-38.69691848754883,-38.80936050415039,-38.919334411621094,-39.02602767944336,-39.1293830871582,-39.22929382324219,-39.32505798339844,-39.41728210449219,-39.505619049072266,-39.590789794921875,-39.67279052734375,-39.75189208984375,-39.828094482421875,-39.90138626098633,-39.97181701660156,-40.03948211669922,-40.104461669921875,-40.16697692871094,-40.22687530517578,-40.28440475463867,-40.3393440246582,-40.39202880859375,-40.44255447387695,-40.49102020263672,-40.53767013549805,-40.58233642578125,-40.62761688232422,-40.67417526245117,-40.7206916809082,-40.7666130065918,-40.811553955078125,-40.85514450073242,-40.897220611572266,-40.9376220703125,-40.976253509521484,-41.01324462890625,-41.048728942871094,-41.08279037475586,-41.115570068359375,-41.14728546142578,-41.17815399169922,-41.208404541015625,-41.23827362060547,-41.26801300048828,-41.297847747802734,-41.32801818847656,-41.35877990722656,-41.39039993286133,-41.42311096191406,-41.45712661743164,-41.492610931396484,-41.52970504760742,-41.56848907470703,-41.60898971557617,-41.65108108520508,-41.69458770751953,-41.739990234375,-41.7878532409668,-41.83652877807617,-41.885257720947266,-41.935646057128906,-41.98736572265625,-42.03857421875,-42.08995819091797,-42.14237594604492,-42.19440841674805,-42.245391845703125,-42.29631423950195,-42.34711456298828,-42.39662170410156,-42.444801330566406,-42.49241256713867,-42.53944778442383,-42.585208892822266,-42.62969207763672,-42.673492431640625,-42.71685028076172,-42.759376525878906,-42.80074691772461,-42.841121673583984,-42.88075256347656,-42.91952896118164,-42.95705032348633,-42.99308395385742,-43.027687072753906,-43.060977935791016,-43.0928955078125,-43.12325668334961,-43.15193557739258,-43.179012298583984,-43.204647064208984,-43.22895812988281,-43.25199890136719,-43.2737922668457,-43.29441833496094,-43.31406784057617,-43.33294677734375,-43.351253509521484,-43.36913299560547,-43.38668441772461,-43.403987884521484,-43.42110824584961,-43.43811798095703,-43.455081939697266,-43.48942184448242,-43.529605865478516,-43.57280349731445,-43.617366790771484,-43.66222381591797,-43.706626892089844,-43.75000762939453,-43.79195022583008,-43.83218002319336,-43.87055587768555,-43.90703582763672,-43.9416618347168,-43.97451400756836,-44.005699157714844,-44.03535842895508,-44.06364059448242,-44.090694427490234,-44.11665725708008,-44.14165115356445,-44.1657829284668,-44.18913269042969,-44.21177673339844,-44.233768463134766,-44.255149841308594,-44.27594757080078,-44.29619216918945,-44.315887451171875,-44.335044860839844,-44.353660583496094,-44.37173080444336,-44.389251708984375,-44.406227111816406,-44.422706604003906,-44.43877029418945,-44.4544792175293,-44.46975326538086,-44.48443603515625,-44.49848175048828,-44.511993408203125,-44.52512741088867,-44.53797912597656,-44.550506591796875,-44.5626106262207,-44.57426071166992,-44.585540771484375,-44.59657287597656,-44.6074104309082,-44.61803436279297,-44.628395080566406,-44.638492584228516,-44.64839172363281,-44.65815353393555,-44.66781997680664,-44.6773796081543,-44.68681335449219,-44.69612121582031,-44.70533752441406,-44.7144889831543,-44.723609924316406,-44.732696533203125,-44.74175262451172,-44.750762939453125,-44.75973892211914,-44.7686882019043,-44.777626037597656,-44.78656005859375,-44.795494079589844,-44.80442428588867,-44.81333923339844,-44.82223892211914,-44.83112335205078,-44.83998107910156,-44.848819732666016,-44.857627868652344,-44.86640548706055,-44.87514114379883,-44.88383102416992,-44.892459869384766,-44.90102005004883,-44.90950012207031,-44.91788864135742,-44.926177978515625,-44.93436050415039,-44.94241714477539,-44.950340270996094,-44.958126068115234,-44.965755462646484,-44.97322082519531,-44.98051452636719,-44.98762893676758,-44.99454879760742,-45.00127029418945,-45.00778579711914,-45.01408004760742,-45.02014923095703,-45.02598190307617,-45.03156661987305,-45.036903381347656,-45.04200744628906,-45.04692077636719,-45.05170440673828,-45.05638885498047,-45.060890197753906,-45.065086364746094,-45.06892776489258,-45.07248306274414,-45.075870513916016,-45.079158782958984,-45.08232498168945,-45.08528518676758,-45.08798599243164,-45.0904541015625,-45.09276580810547,-45.09497833251953,-45.097084045410156,-45.099037170410156,-45.10081100463867,-45.102420806884766,-45.103912353515625,-45.105323791503906,-45.10664749145508,-45.107872009277344,-45.108978271484375,-45.1099739074707,-45.11088562011719,-45.11173629760742,-45.11252975463867,-45.113258361816406,-45.113922119140625,-45.1145133972168,-45.115047454833984,-45.11553192138672,-45.11598205566406,-45.11639404296875,-45.11677169799805,-45.11711120605469,-45.11741638183594,-45.11768341064453,-45.11792755126953,-45.11814880371094,-45.118350982666016,-45.118534088134766,-45.11869812011719,-45.11884689331055,-45.11897659301758,-45.11909103393555,-45.11919403076172,-45.119285583496094,-45.11936950683594,-45.119441986083984,-45.119510650634766,-45.119571685791016,-45.119625091552734,-45.11967468261719,-45.11971664428711,-45.119754791259766,-45.11978530883789,-45.119815826416016,-45.119842529296875,-45.11986541748047,-45.11988830566406,-45.119903564453125,-45.11992263793945,-45.119937896728516,-45.11994934082031,-45.11996078491211,-45.119972229003906,-45.11997985839844,-45.11998748779297,-45.119991302490234,-45.1199951171875,-45.1199951171875,-45.119991302490234
-32.71598815917969,-32.943172454833984,-33.16902542114258,-33.39211654663086,-33.6110725402832,-33.82476043701172,-34.03255081176758,-34.234352111816406,-34.430259704589844,-34.620426177978516,-34.80514144897461,-34.98489761352539,-35.1605224609375,-35.33297348022461,-35.502838134765625,-35.6702995300293,-35.835174560546875,-35.99707794189453,-36.15549850463867,-36.30983352661133,-36.4594612121582,-36.60414123535156,-36.74454116821289,-36.88188552856445,-37.01682662963867,-37.14918518066406,-37.27828598022461,-37.40327072143555,-37.523338317871094,-37.638038635253906,-37.74737548828125,-37.851688385009766,-37.9513053894043,-38.04635238647461,-38.13683319091797,-38.22275161743164,-38.30421829223633,-38.38148880004883,-38.45490646362305,-38.524845123291016,-38.5916633605957,-38.65568161010742,-38.71715545654297,-38.77631378173828,-38.83335494995117,-38.88846969604492,-38.948001861572266,-39.01156234741211,-39.07762908935547,-39.14543151855469,-39.214500427246094,-39.2845344543457,-39.35529327392578,-39.42659378051758,-39.498268127441406,-39.57018280029297,-39.6422233581543,-39.71430206298828,-39.78634262084961,-39.85829162597656,-39.93009567260742,-40.001705169677734,-40.073062896728516,-40.14409637451172,-40.214725494384766,-40.28485870361328,-40.35438537597656,-40.4232063293457,-40.49121856689453,-40.558311462402344,-40.6243896484375,-40.689361572265625,-40.753135681152344,-40.81563949584961,-40.876800537109375,-40.93657302856445,-40.99491500854492,-41.051815032958984,-41.10728073120117,-41.16135025024414,-41.21406936645508,-41.265506744384766,-41.315738677978516,-41.36485290527344,-41.41292190551758,-41.460018157958984,-41.50619888305664,-41.55149459838867,-41.595916748046875,-41.63945388793945,-41.68207931518555,-41.72373962402344,-41.76437759399414,-41.80392837524414,-41.84232711791992,-41.8795166015625,-41.915443420410156,-41.950077056884766,-41.983394622802734,-42.01538848876953,-42.046077728271484,-42.07548141479492,-42.103641510009766,-42.13059997558594,-42.15641784667969,-42.181148529052734,-42.204837799072266,-42.227542877197266,-42.24930191040039,-42.27015686035156,-42.301815032958984,-42.3372917175293,-42.37484359741211,-42.4134635925293,-42.4525032043457,-42.49150848388672,-42.53013229370117,-42.56810760498047,-42.60526657104492,-42.64146423339844,-42.67660140991211,-42.710609436035156,-42.74345397949219,-42.77511215209961,-42.80556869506836,-42.834835052490234,-42.86293029785156,-42.88987350463867,-42.91569137573242,-42.9404182434082,-42.96409225463867,-42.986751556396484,-43.008426666259766,-43.02916717529297,-43.049007415771484,-43.0679817199707,-43.08613204956055,-43.103485107421875,-43.120079040527344,-43.13594436645508,-43.15110397338867,-43.165584564208984,-43.17940902709961,-43.192604064941406,-43.2051887512207,-43.21717834472656,-43.22859573364258,-43.23945617675781,-43.24978256225586,-43.25958251953125,-43.268882751464844,-43.27770233154297,-43.286048889160156,-43.293949127197266,-43.301422119140625,-43.3084831237793,-43.31515121459961,-43.32144546508789,-43.32738494873047,-43.332984924316406,-43.33827209472656,-43.34325408935547,-43.34795379638672,-43.35239028930664,-43.356571197509766,-43.36051940917969,-43.36425018310547,-43.36777114868164,-43.37110137939453,-43.37425231933594,-43.37723159790039,-43.38005828857422,-43.38273620605469,-43.38528060913086,-43.3876953125,-43.389991760253906,-43.39217758178711,-43.394256591796875,-43.396244049072266,-43.398136138916016,-43.39994430541992,-43.40167236328125,-43.403324127197266,-43.4049072265625,-43.40642166137695,-43.407875061035156,-43.40926742553711,-43.41060256958008,-43.41188430786133,-43.41311264038086,-43.41429901123047,-43.415435791015625,-43.416526794433594,-43.417579650878906,-43.41859436035156,-43.41957092285156,-43.420509338378906,-43.421417236328125,-43.42228698730469,-43.42313003540039,-43.42394256591797,-43.42472457885742,-43.42548370361328,-43.426212310791016,-43.426918029785156,-43.42759704589844,-43.42825698852539,-43.428890228271484,-43.42950439453125,-43.43009948730469,-43.4306755065918,-43.43122863769531,-43.431766510009766,-43.432289123535156,-43.43279266357422,-43.43328094482422,-43.433753967285156,-43.43421173095703,-43.434654235839844,-43.43508529663086,-43.43550109863281,-43.43590545654297,-43.43629837036133,-43.43667984008789,-43.437049865722656,-43.437408447265625,-43.4377555847168,-43.43809509277344,-43.43842315673828,-43.438743591308594,-43.439056396484375,-43.43935775756836,-43.43965530395508,-43.43994140625,-43.44021987915039,-43.440494537353516,-43.440757751464844,-43.441017150878906,-43.44126892089844,-43.44151306152344,-43.44175338745117,-43.441986083984375,-43.44221496582031,-43.442440032958984,-43.442657470703125,-43.442867279052734,-43.443077087402344,-43.44327926635742,-43.443477630615234,-43.44367218017578,-43.44386291503906,-43.44404983520508,-43.44422912597656,-43.44440841674805,-43.444583892822266,-43.44475555419922,-43.444923400878906,-43.44508743286133,-43.44525146484375,-43.445411682128906,-43.44556427001953,-43.44572067260742,-43.44586944580078,-43.44601821899414,-43.446163177490234,-43.44630813598633,-43.446449279785156,-43.44658660888672,-43.44672393798828,-43.446861267089844,-43.446990966796875,-43.44712448120117,-43.4472541809082,-43.44738006591797,-43.447505950927734,-43.4476318359375,-43.44775390625,-43.4478759765625,-43.447994232177734,-43.44811248779297,-43.4482307434082,-43.44834899902344,-43.448463439941406,-43.44857406616211,-43.44868850708008,-43.44879913330078,-43.448909759521484,-43.44902038574219,-43.449127197265625,-43.44923782348633,-43.449344635009766,-43.44944763183594,-43.449554443359375,-43.44965744018555,-43.44976043701172,-43.44986343383789,-43.44996643066406,-43.450069427490234,-43.45016860961914,-43.45027160644531,-43.45037078857422,-43.450469970703125,-43.45056915283203,-43.45066452026367,-43.45076370239258,-43.45085906982422,-43.450958251953125,-43.451053619384766,-43.451148986816406,-43.45124435424805,-43.45133972167969,-43.45143508911133,-43.4515266418457,-43.451622009277344,-43.45171356201172,-43.45180892944336,-43.451900482177734,-43.45199203491211,-43.452083587646484,-43.452178955078125,-43.4522705078125,-43.45235824584961,-43.452449798583984,-43.45254135131836,-43.452632904052734,-43.45272445678711,-43.45281219482422,-43.452903747558594,-43.4529914855957,-43.45308303833008,-43.45317077636719,-43.4532585144043,-43.45335006713867,-43.45343780517578,-43.45352554321289,-43.45361328125,-43.45370101928711,-43.45378875732422,-43.45387649536133,-43.45396423339844,-43.45405197143555,-43.454139709472656,-43.454227447509766,-43.454315185546875,-43.454402923583984,-43.45448684692383,-43.45457458496094,-43.45466232299805,-43.45474624633789,-43.454833984375,-43.454917907714844,-43.45500564575195,-43.45509338378906,-43.455177307128906,-43.45526123046875,-43.45534896850586,-43.4554328918457,-43.45552062988281,-43.455604553222656,-43.4556884765625,-43.45577621459961,-43.45586013793945,-43.4559440612793,-43.45602798461914,-43.456111907958984,-43.45619583129883,-43.45628356933594,-43.45636749267578,-43.456451416015625,-43.45653533935547,-43.45661926269531,-43.456703186035156,-43.456787109375,-43.456871032714844,-43.45695495605469,-43.45703887939453,-43.45711898803711,-43.45720291137695,-43.4572868347168,-43.45737075805664,-43.457454681396484,-43.45753479003906,-43.457618713378906,-43.45770263671875,-43.45778274536133,-43.45786666870117,-43.457950592041016,-43.458030700683594,-43.45811462402344,-43.45819854736328,-43.45827865600586,-43.4583625793457,-43.45844268798828,-43.458526611328125,-43.4586067199707,-43.45869064331055,-43.458770751953125,-43.4588508605957,-43.45893478393555,-43.459014892578125,-43.4590950012207,-43.45917892456055,-43.459259033203125,-43.4593391418457,-43.45941925048828,-43.459503173828125,-43.4595832824707,-43.45966339111328,-43.45974349975586,-43.45982360839844,-43.459903717041016,-43.459983825683594,-43.46006774902344,-43.460147857666016,-43.460227966308594,-43.46030807495117,-43.460384368896484,-43.46046447753906,-43.46054458618164,-43.46062469482422,-43.4607048034668,-43.460784912109375,-43.46086502075195,-43.460941314697266,-43.461021423339844,-43.46110153198242,-43.461181640625,-43.46125793457031,-43.46133804321289,-43.46141815185547,-43.46149444580078,-43.46157455444336,-43.46165084838867,-43.46173095703125,-43.46180725097656,-43.46188735961914,-43.46196365356445,-43.46204376220703,-43.462120056152344,-43.462196350097656,-43.462276458740234,-43.46235275268555,-43.46242904663086,-43.46250534057617,-43.46258544921875,-43.46266174316406,-43.462738037109375,-43.46281433105469,-43.462890625,-43.46296691894531,-43.463043212890625,-43.46311950683594,-43.46319580078125,-43.46327209472656,-43.463348388671875,-43.46342468261719,-43.4635009765625,-43.46357727050781,-43.46364974975586,-43.46372604370117,-43.463802337646484,-43.46387481689453,-43.463951110839844,-43.464027404785156,-43.4640998840332,-43.464176177978516,-43.46424865722656,-43.464324951171875,-43.46439743041992,-43.46446990966797,-43.46454620361328,-43.46461868286133,-43.464691162109375,-43.46476364135742,-43.464839935302734,-43.46491241455078,-43.46498489379883,-43.465057373046875,-43.46512985229492,-43.46520233154297,-43.465274810791016,-43.46534729003906,-43.46541976928711,-43.46548843383789,-43.46556091308594,-43.465633392333984,-43.46570587158203,-43.46577453613281,-43.46584701538086,-43.46591567993164,-43.46598815917969,-43.46605682373047,-43.466129302978516,-43.4661979675293,-43.466270446777344,-43.466339111328125,-43.466407775878906,-43.46647644042969,-43.46654510498047,-43.46661376953125,-43.4666862487793,-43.46675491333008,-43.466819763183594,-43.466888427734375,-43.466957092285156,-43.46702575683594,-43.46709442138672,-43.4671630859375,-43.467227935791016,-43.4672966003418,-43.46736145019531,-43.467430114746094,-43.46749496459961,-43.46756362915039,-43.467628479003906,-43.46769332885742,-43.4677619934082,-43.46782684326172,-43.467891693115234,-43.46795654296875,-43.468021392822266,-43.46808624267578,-43.4681510925293,-43.46821594238281,-43.46828079223633,-43.46834182739258,-43.468406677246094,-43.46847152709961,-43.46853256225586,-43.468597412109375,-43.468658447265625,-43.46872329711914,-43.46878433227539,-43.468849182128906,-43.468910217285156,-43.468971252441406,-43.469032287597656,-43.469093322753906,-43.469154357910156,-43.469215393066406,-43.469276428222656,-43.469337463378906,-43.469398498535156,-43.469459533691406,-43.46951675415039,-43.46957778930664,-43.469635009765625,-43.469696044921875,-43.46975326538086,-43.46981430053711,-43.469871520996094,-43.46992874145508,-43.46998596191406,-43.47004318237305,-43.4701042175293,-43.47016143798828,-43.47021484375,-43.470272064208984,-43.47032928466797,-43.47038650512695,-43.47044372558594,-43.470497131347656,-43.47055435180664,-43.47060775756836,-43.470664978027344,-43.47071838378906,-43.47077178955078,-43.470829010009766,-43.470882415771484,-43.4709358215332,-43.47098922729492,-43.47104263305664,-43.47109603881836,-43.47114944458008,-43.4712028503418,-43.47125244140625,-43.47130584716797,-43.47135925292969,-43.47140884399414,-43.47146224975586,-43.47151184082031,-43.471561431884766,-43.471614837646484,-43.47166442871094,-43.47171401977539,-43.471763610839844,-43.4718132019043,-43.47186279296875,-43.4719123840332,-43.471961975097656,-43.472007751464844,-43.4720573425293,-43.47210693359375,-43.47215270996094,-43.47220230102539,-43.47224807739258,-43.47229766845703,-43.47234344482422,-43.472389221191406,-43.472434997558594,-43.47248077392578,-43.47252655029297,-43.472572326660156,-43.472618103027344,-43.47266387939453,-43.47270965576172,-43.472755432128906,-43.47279739379883,-43.472843170166016,-43.47288513183594,-43.472930908203125,-43.47297286987305,-43.47301483154297,-43.473060607910156,-43.47310256958008,-43.47314453125,-43.47318649291992,-43.473228454589844,-43.473270416259766,-43.47331237792969,-43.47335433959961,-43.473392486572266,-43.47343444824219,-43.47347640991211,-43.473514556884766,-43.47355651855469,-43.473594665527344,-43.4736328125,-43.47367477416992,-43.47371292114258,-43.473751068115234,-43.47378921508789,-43.47382736206055,-43.4738655090332,-43.47390365600586,-43.473941802978516,-43.47397994995117,-43.47401428222656,-43.47405242919922,-43.474090576171875,-43.474124908447266,-43.47416305541992,-43.47419738769531,-43.4742317199707,-43.47426986694336,-43.47430419921875,-43.47433853149414,-43.47437286376953,-43.47440719604492,-43.47444152832031,-43.4744758605957,-43.474510192871094,-43.474544525146484,-43.474578857421875,-43.474609375,-43.47464370727539,-43.47467803955078,-43.474708557128906,-43.47473907470703,-43.47477340698242,-43.47480392456055,-43.47483444213867,-43.47486877441406,-43.47489929199219,-43.47492980957031,-43.47496032714844,-43.47499084472656,-43.47502136230469,-43.47505187988281,-43.47508239746094,-43.4751091003418,-43.47513961791992,-43.47517013549805,-43.475196838378906,-43.47522735595703,-43.47525405883789,-43.475284576416016,-43.475311279296875,-43.475341796875,-43.47536849975586,-43.47539520263672,-43.47542190551758,-43.47544860839844,-43.4754753112793,-43.475502014160156,-43.475528717041016,-43.475555419921875,-43.475582122802734,-43.475608825683594,-43.47563552856445,-43.47565841674805,-43.475685119628906,-43.4757080078125,-43.47573471069336,-43.47575759887695,-43.47578430175781,-43.475807189941406,-43.475833892822266,-43.47585678100586,-43.47587966918945,-43.47590255737305,-43.47592544555664,-43.475948333740234,-43.475975036621094,-43.47599792480469,-43.476016998291016,-43.47603988647461,-43.4760627746582,-43.4760856628418,-43.47610855102539,-43.47612762451172,-43.47615051269531,-43.476173400878906,-43.476192474365234,-43.47621536254883,-43.476234436035156,-43.47625732421875,-43.47627639770508,-43.476295471191406,-43.476318359375,-43.47633743286133,-43.476356506347656,-43.476375579833984,-43.47639846801758,-43.476417541503906,-43.476436614990234,-43.47645568847656,-43.47647476196289,-43.47649383544922,-43.47650909423828,-43.47652816772461,-43.47654724121094,-43.476566314697266,-43.47658157348633,-43.476600646972656,-43.476619720458984,-43.47663497924805,-43.476654052734375,-43.47666931152344,-43.476688385009766,-43.47670364379883,-43.476722717285156,-43.47673797607422,-43.47675323486328,-43.47677230834961,-43.47678756713867,-43.476802825927734,-43.4768180847168,-43.47683334350586,-43.47684860229492,-43.476863861083984,-43.47688293457031,-43.47689437866211,-43.47690963745117,-43.476924896240234,-43.4769401550293,-43.47695541381836,-43.47697067260742,-43.476985931396484,-43.47699737548828,-43.477012634277344,-43.477027893066406,-43.4770393371582,-43.477054595947266,-43.47706985473633,-43.477081298828125,-43.47709655761719,-43.477108001708984,-43.47712326049805,-43.477134704589844,-43.47714614868164,-43.4771614074707,-43.4771728515625,-43.4771842956543,-43.47719955444336,-43.477210998535156,-43.47722244262695,-43.47723388671875,-43.47724533081055,-43.477256774902344,-43.47726821899414,-43.47727966308594,-43.477291107177734,-43.47730255126953,-43.47731399536133,-43.477325439453125,-43.47733688354492,-43.47734832763672,-43.477359771728516,-43.47737121582031,-43.47738265991211,-43.47739028930664,-43.47740173339844,-43.477413177490234,-43.47742462158203,-43.47743225097656,-43.47744369506836,-43.47745132446289,-43.47746276855469,-43.477474212646484,-43.477481842041016,-43.47749328613281,-43.477500915527344,-43.47751235961914,-43.47751998901367,-43.4775276184082,-43.4775390625,-43.47754669189453,-43.47755813598633,-43.47756576538086,-43.47757339477539,-43.47758102416992,-43.47759246826172,-43.47760009765625,-43.47760772705078,-43.47761535644531,-43.477622985839844,-43.47763442993164,-43.47764205932617,-43.4776496887207,-43.477657318115234,-43.477664947509766,-43.4776725769043,-43.47768020629883,-43.47768783569336,-43.47769546508789,-43.47770309448242,-43.47771072387695,-43.477718353271484,-43.477725982666016,-43.47773361206055,-43.47773742675781
-32.02054977416992,-32.18486022949219,-32.35329055786133,-32.52580642700195,-32.702205657958984,-32.88154220581055,-33.06275939941406,-33.24496078491211,-33.42752456665039,-33.610137939453125,-33.79267120361328,-33.97482681274414,-34.156105041503906,-34.33591079711914,-34.513607025146484,-34.68857192993164,-34.860225677490234,-35.02800369262695,-35.191287994384766,-35.349422454833984,-35.501766204833984,-35.64777755737305,-35.78702926635742,-35.91919708251953,-36.044029235839844,-36.16135025024414,-36.27104568481445,-36.37307357788086,-36.467491149902344,-36.554534912109375,-36.63466262817383,-36.708518981933594,-36.776817321777344,-36.84027862548828,-36.899627685546875,-36.95560836791992,-37.00895309448242,-37.06032180786133,-37.11018371582031,-37.164024353027344,-37.22149658203125,-37.281028747558594,-37.34170150756836,-37.40281677246094,-37.46385192871094,-37.52442169189453,-37.58427429199219,-37.64329147338867,-37.701454162597656,-37.75875473022461,-37.8151741027832,-37.870635986328125,-37.92502212524414,-37.978187561035156,-38.03001022338867,-38.0804328918457,-38.12949752807617,-38.17737579345703,-38.22431945800781,-38.270599365234375,-38.316410064697266,-38.36183166503906,-38.406829833984375,-38.45128631591797,-38.49504852294922,-38.537986755371094,-38.58000183105469,-38.62107849121094,-38.66128158569336,-38.70072937011719,-38.739585876464844,-38.77798080444336,-38.81601333618164,-38.85371017456055,-38.89107131958008,-38.92808151245117,-38.96474838256836,-39.00111389160156,-39.037208557128906,-39.07306671142578,-39.108734130859375,-39.144287109375,-39.17983627319336,-39.2154541015625,-39.251121520996094,-39.28676986694336,-39.322418212890625,-39.358177185058594,-39.394142150878906,-39.43033981323242,-39.466880798339844,-39.50397491455078,-39.54167938232422,-39.580047607421875,-39.61933135986328,-39.65964889526367,-39.70116424560547,-39.74420928955078,-39.78890609741211,-39.8355827331543,-39.88437271118164,-39.9355354309082,-39.98912811279297,-40.045345306396484,-40.10417175292969,-40.16573715209961,-40.230072021484375,-40.29712677001953,-40.36698532104492,-40.43981170654297,-40.51576232910156,-40.59507751464844,-40.67869567871094,-40.76844024658203,-40.86164474487305,-40.95920181274414,-41.06333923339844,-41.170448303222656,-41.280513763427734,-41.3948860168457,-41.5098762512207,-41.62530517578125,-41.742279052734375,-41.8576774597168,-41.97105026245117,-42.0835075378418,-42.192771911621094,-42.29787063598633,-42.39987564086914,-42.497535705566406,-42.58945846557617,-42.67647933959961,-42.75870132446289,-42.835113525390625,-42.906131744384766,-42.97282791137695,-43.035240173339844,-43.0935173034668,-43.14885330200195,-43.20225524902344,-43.25398254394531,-43.30447006225586,-43.354576110839844,-43.404781341552734,-43.454986572265625,-43.50516128540039,-43.5555419921875,-43.60627746582031,-43.65727615356445,-43.7083854675293,-43.759586334228516,-43.810943603515625,-43.8624382019043,-43.91392135620117,-43.96517562866211,-44.0159797668457,-44.066139221191406,-44.1154899597168,-44.163875579833984,-44.21112823486328,-44.257076263427734,-44.301536560058594,-44.34437561035156,-44.38549041748047,-44.4248161315918,-44.46222686767578,-44.49760437011719,-44.530906677246094,-44.56221008300781,-44.59164810180664,-44.61936569213867,-44.64548873901367,-44.67009735107422,-44.69320297241211,-44.71479034423828,-44.734867095947266,-44.753509521484375,-44.777976989746094,-44.80390167236328,-44.82980728149414,-44.85471725463867,-44.87821578979492,-44.90004348754883,-44.92006301879883,-44.93830490112305,-44.95487594604492,-44.969974517822266,-44.983726501464844,-44.99613571166992,-45.00720977783203,-45.0169563293457,-45.02542495727539,-45.03271484375,-45.03892135620117,-45.04414749145508,-45.048553466796875,-45.052284240722656,-45.055503845214844,-45.058380126953125,-45.0610237121582,-45.063533782958984,-45.06597137451172,-45.06837844848633,-45.07077407836914,-45.073158264160156,-45.07552719116211,-45.0778694152832,-45.080169677734375,-45.08241653442383,-45.084590911865234,-45.08668899536133,-45.08869171142578,-45.090599060058594,-45.092403411865234,-45.09409713745117,-45.09567642211914,-45.09714126586914,-45.098487854003906,-45.0997200012207,-45.100833892822266,-45.101837158203125,-45.10274887084961,-45.103599548339844,-45.104454040527344,-45.10535430908203,-45.10627746582031,-45.10712432861328,-45.107826232910156,-45.108402252197266,-45.10892868041992,-45.1094856262207,-45.110107421875,-45.110755920410156,-45.11136245727539,-45.11188507080078,-45.11234664916992,-45.11279296875,-45.113258361816406,-45.11375045776367,-45.11423873901367,-45.11468505859375,-45.11507797241211,-45.11543273925781,-45.11577224731445,-45.11611557006836,-45.11646270751953,-45.116798400878906,-45.11711502075195,-45.11740493774414,-45.1176643371582,-45.11791229248047,-45.11814880371094,-45.118385314941406,-45.11861801147461,-45.11884307861328,-45.119056701660156,-45.1192626953125,-45.11945343017578,-45.119632720947266,-45.11980056762695,-45.119964599609375,-45.120121002197266,-45.120269775390625,-45.12041473388672,-45.12055587768555,-45.12069320678711,-45.12082290649414,-45.120948791503906,-45.12106704711914,-45.12118148803711,-45.12128829956055,-45.12138748168945,-45.121482849121094,-45.12157440185547,-45.12166213989258,-45.121742248535156,-45.12181854248047,-45.12188720703125,-45.121952056884766,-45.12200927734375,-45.12205505371094,-45.12208557128906,-45.12209701538086,-45.12207794189453,-45.12202835083008,-45.12195587158203,-45.12189483642578,-45.12192153930664,-45.12208938598633,-45.122352600097656,-45.1225700378418,-45.122623443603516,-45.12255096435547,-45.12247085571289,-45.12248611450195,-45.122615814208984,-45.12276077270508,-45.12282180786133,-45.1227912902832,-45.122745513916016,-45.12276077270508,-45.12283706665039,-45.122920989990234,-45.12295913696289,-45.12294387817383,-45.1229248046875,-45.12294006347656,-45.12298583984375,-45.1230354309082,-45.12306213378906,-45.1230583190918,-45.123050689697266,-45.1230583190918,-45.123085021972656,-45.12311553955078,-45.123138427734375,-45.123146057128906,-45.123146057128906,-45.123146057128906,-45.1231575012207,-45.12317657470703,-45.12319564819336,-45.123207092285156,-45.12321472167969,-45.12321472167969,-45.12321853637695,-45.123226165771484,-45.12323760986328,-45.12324905395508,-45.123260498046875,-45.123268127441406,-45.12327194213867
-32.266788482666016,-32.42158126831055,-32.57002639770508,-32.71173095703125,-32.84664535522461,-32.97482681274414,-33.09641647338867,-33.21169662475586,-33.3211784362793,-33.425575256347656,-33.525787353515625,-33.62282180786133,-33.717620849609375,-33.81094741821289,-33.90339279174805,-33.995384216308594,-34.08723831176758,-34.17918395996094,-34.271427154541016,-34.364131927490234,-34.457435607910156,-34.551414489746094,-34.64606475830078,-34.7413330078125,-34.83710861206055,-34.93324279785156,-35.029571533203125,-35.125911712646484,-35.22209548950195,-35.317955017089844,-35.413352966308594,-35.5081901550293,-35.60240173339844,-35.695960998535156,-35.788841247558594,-35.8809928894043,-35.972320556640625,-36.06267166137695,-36.15186309814453,-36.239681243896484,-36.32592010498047,-36.410404205322266,-36.493011474609375,-36.57368850708008,-36.65248489379883,-36.72957229614258,-36.80524444580078,-36.87993240356445,-36.95417785644531,-37.02861022949219,-37.103912353515625,-37.18077850341797,-37.25981903076172,-37.341529846191406,-37.426239013671875,-37.51407241821289,-37.60496520996094,-37.698631286621094,-37.794559478759766,-37.89202117919922,-37.9901123046875,-38.087799072265625,-38.18400573730469,-38.277626037597656,-38.36756896972656,-38.45292663574219,-38.5333251953125,-38.609291076660156,-38.68185806274414,-38.7522087097168,-38.822017669677734,-38.89323806762695,-38.966487884521484,-39.04212188720703,-39.120296478271484,-39.19965362548828,-39.279685974121094,-39.358741760253906,-39.43600845336914,-39.51034927368164,-39.581451416015625,-39.649024963378906,-39.713809967041016,-39.776031494140625,-39.8369255065918,-39.89659118652344,-39.95549774169922,-40.01375961303711,-40.07088851928711,-40.126949310302734,-40.181915283203125,-40.235660552978516,-40.288578033447266,-40.3413200378418,-40.394474029541016,-40.44841003417969,-40.50343322753906,-40.55966567993164,-40.6169319152832,-40.67519760131836,-40.734066009521484,-40.79335021972656,-40.85331344604492,-40.91459274291992,-40.97819900512695,-41.04481506347656,-41.114585876464844,-41.187217712402344,-41.26252746582031,-41.340415954589844,-41.420677185058594,-41.50286102294922,-41.58664321899414,-41.67251968383789,-41.761260986328125,-41.85331726074219,-41.94812774658203,-42.044246673583984,-42.14082717895508,-42.23765182495117,-42.33495330810547,-42.432586669921875,-42.5294075012207,-42.624691009521484,-42.71816635131836,-42.809532165527344,-42.897850036621094,-42.98179244995117,-43.061214447021484,-43.136741638183594,-43.208587646484375,-43.275875091552734,-43.337677001953125,-43.394371032714844,-43.44696044921875,-43.4958381652832,-43.54047775268555,-43.58066940307617,-43.617069244384766,-43.65038299560547,-43.680694580078125,-43.707847595214844,-43.73217010498047,-43.75423812866211,-43.77996826171875,-43.8065071105957,-43.8329963684082,-43.859291076660156,-43.88435745239258,-43.908267974853516,-43.93109893798828,-43.952327728271484,-43.97224807739258,-43.990970611572266,-44.00822830200195,-44.02426528930664,-44.039093017578125,-44.05259323120117,-44.06501770019531,-44.076351165771484,-44.0865592956543,-44.09586715698242,-44.10426330566406,-44.111820220947266,-44.11876678466797,-44.1251335144043,-44.131004333496094,-44.136531829833984,-44.14171600341797,-44.16256332397461,-44.188499450683594,-44.216976165771484,-44.24679946899414,-44.277000427246094,-44.30684280395508,-44.335880279541016,-44.36375427246094,-44.39019775390625,-44.41499710083008,-44.43804931640625,-44.459346771240234,-44.47886657714844,-44.496639251708984,-44.512752532958984,-44.527313232421875,-44.54045486450195,-44.55229187011719,-44.56296157836914,-44.5726203918457,-44.581398010253906,-44.58942794799805,-44.59682083129883,-44.60368728637695,-44.610137939453125,-44.61624526977539,-44.62207794189453,-44.627708435058594,-44.633182525634766,-44.638553619384766,-44.643856048583984,-44.64911651611328,-44.65437316894531,-44.6596565246582,-44.66498947143555,-44.6703987121582,-44.67591094970703,-44.681556701660156,-44.68736267089844,-44.693363189697266,-44.699588775634766,-44.70607376098633,-44.712852478027344,-44.7199592590332,-44.72743225097656,-44.73530197143555,-44.74360275268555,-44.75236892700195,-44.76163101196289,-44.77141189575195,-44.781734466552734,-44.792625427246094,-44.80409240722656,-44.81614303588867,-44.82878494262695,-44.842002868652344,-44.85579299926758,-44.870121002197266,-44.88496017456055,-44.90026092529297,-44.91596603393555,-44.9320068359375,-44.94830322265625,-44.964752197265625,-44.98125457763672,-44.99768829345703,-45.01393127441406,-45.02984619140625,-45.0452995300293,-45.060150146484375,-45.07426834106445,-45.087520599365234,-45.09980010986328,-45.11101150512695,-45.121070861816406,-45.12993621826172,-45.13758087158203,-45.14400863647461,-45.14925765991211,-45.15339279174805,-45.15650177001953,-45.158695220947266,-45.16010284423828,-45.160858154296875,-45.16110610961914,-45.160980224609375,-45.16061019897461,-45.16011428833008,-45.15958023071289,-45.159095764160156,-45.15870666503906,-45.1584587097168,-45.158363342285156,-45.15842819213867,-45.15864181518555,-45.15898132324219,-45.159423828125,-45.159934997558594,-45.16048049926758,-45.1610221862793,-45.16151809692383,-45.16193389892578,-45.16226577758789,-45.16261672973633,-45.16315841674805,-45.16386413574219,-45.16440963745117,-45.164573669433594,-45.16455078125,-45.16466522216797,-45.16497039794922,-45.165184020996094,-45.1651496887207,-45.16505813598633,-45.16512680053711,-45.1652717590332,-45.16529083251953,-45.16520690917969,-45.16518783569336,-45.165279388427734,-45.165340423583984,-45.16530990600586,-45.165287017822266,-45.16534423828125,-45.1654167175293,-45.16543197631836,-45.16542434692383,-45.16545486450195,-45.1655158996582,-45.16555404663086,-45.16555404663086,-45.165565490722656,-45.16560363769531,-45.16564178466797,-45.165653228759766,-45.16565704345703,-45.16567611694336,-45.16570281982422,-45.16572189331055,-45.16572570800781,-45.16572952270508,-45.16574478149414,-45.165767669677734,-45.165775299072266,-45.1657829284668,-45.16579055786133,-45.16580581665039,-45.16582107543945,-45.165828704833984,-45.165836334228516,-45.16584396362305,-45.16585922241211,-45.165870666503906,-45.16587829589844,-45.16588592529297,-45.1658935546875,-45.1659049987793,-45.165916442871094,-45.165924072265625,-45.165931701660156,-45.16593933105469,-45.16594696044922,-45.16595458984375,-45.16596603393555,-45.16597366333008,-45.16598129272461,-45.165985107421875,-45.165992736816406,-45.1660041809082,-45.166011810302734,-45.166019439697266,-45.1660270690918,-45.16603469848633,-45.16604232788086,-45.16604995727539,-45.16605758666992,-45.16606521606445,-45.166072845458984,-45.166080474853516,-45.16608428955078
-29.747018814086914,-29.898101806640625,-30.053647994995117,-30.21314811706543,-30.37605857849121,-30.541906356811523,-30.710227966308594,-30.880475997924805,-31.05200958251953,-31.224164962768555,-31.396350860595703,-31.568115234375,-31.73908233642578,-31.908870697021484,-32.077117919921875,-32.243507385253906,-32.40776443481445,-32.56966781616211,-32.72908401489258,-32.885986328125,-33.040435791015625,-33.19259262084961,-33.34272766113281,-33.491188049316406,-33.63835144042969,-33.784603118896484,-33.93030548095703,-34.075748443603516,-34.221160888671875,-34.36674499511719,-34.51266098022461,-34.65904998779297,-34.806053161621094,-34.953773498535156,-35.10223388671875,-35.25138473510742,-35.40106964111328,-35.551021575927734,-35.700897216796875,-35.850284576416016,-35.99879455566406,-36.146141052246094,-36.29218292236328,-36.43690872192383,-36.58029556274414,-36.72224807739258,-36.86259078979492,-37.001068115234375,-37.13737869262695,-37.271183013916016,-37.40209197998047,-37.52973175048828,-37.65375518798828,-37.77386474609375,-37.889793395996094,-38.00131607055664,-38.10828399658203,-38.2107048034668,-38.308780670166016,-38.40290832519531,-38.49361801147461,-38.58143997192383,-38.66679000854492,-38.74989318847656,-38.83077621459961,-38.909278869628906,-38.985130310058594,-39.05802536010742,-39.12769317626953,-39.193973541259766,-39.25684356689453,-39.316436767578125,-39.37300491333008,-39.426876068115234,-39.4783821105957,-39.537899017333984,-39.60202407836914,-39.668434143066406,-39.735965728759766,-39.80371856689453,-39.8709831237793,-39.93730545043945,-40.002376556396484,-40.06593322753906,-40.12779998779297,-40.18790817260742,-40.24622344970703,-40.302730560302734,-40.35742950439453,-40.41036605834961,-40.461612701416016,-40.51122283935547,-40.559268951416016,-40.6058349609375,-40.651039123535156,-40.69498062133789,-40.73777770996094,-40.77955627441406,-40.82044219970703,-40.86054229736328,-40.899959564208984,-40.93878936767578,-40.977108001708984,-41.014984130859375,-41.052467346191406,-41.08959197998047,-41.12638473510742,-41.16286849975586,-41.199058532714844,-41.23496627807617,-41.270599365234375,-41.305973052978516,-41.34107208251953,-41.37587356567383,-41.41034698486328,-41.444435119628906,-41.47807693481445,-41.51119613647461,-41.54371643066406,-41.5755615234375,-41.60666275024414,-41.6369514465332,-41.66636276245117,-41.69485092163086,-41.72236251831055,-41.74885940551758,-41.7743034362793,-41.798667907714844,-41.821922302246094,-41.84405517578125,-41.865055084228516,-41.884925842285156,-41.903682708740234,-41.92135238647461,-41.93796157836914,-41.953556060791016,-41.96818161010742,-41.993553161621094,-42.0225715637207,-42.05362319946289,-42.08580780029297,-42.1185417175293,-42.151424407958984,-42.18416213989258,-42.21656036376953,-42.248470306396484,-42.27981185913086,-42.3105354309082,-42.34061813354492,-42.370079040527344,-42.398948669433594,-42.427276611328125,-42.45513916015625,-42.48260498046875,-42.509769439697266,-42.536720275878906,-42.56354522705078,-42.590335845947266,-42.61717224121094,-42.64412307739258,-42.671241760253906,-42.69855880737305,-42.72608947753906,-42.753822326660156,-42.781715393066406,-42.80971145629883,-42.837703704833984,-42.86558151245117,-42.893192291259766,-42.920372009277344,-42.946929931640625,-42.97267532348633,-42.99740982055664,-43.020938873291016,-43.0430908203125,-43.063716888427734,-43.08270263671875,-43.099979400634766,-43.11552047729492,-43.12935256958008,-43.14155578613281,-43.15224075317383,-43.16157531738281,-43.16973876953125,-43.17689514160156,-43.1832389831543,-43.1889533996582,-43.19416809082031,-43.19902038574219,-43.20359802246094,-43.20796585083008,-43.2121696472168,-43.21622085571289,-43.220123291015625,-43.223873138427734,-43.227447509765625,-43.2308235168457,-43.233978271484375,-43.23689651489258,-43.23955535888672,-43.241943359375,-43.24406051635742,-43.24591064453125,-43.247501373291016,-43.24885177612305,-43.24998474121094,-43.25092697143555,-43.25170135498047,-43.25234603881836,-43.25288009643555,-43.253334045410156,-43.253726959228516,-43.25407409667969,-43.254390716552734,-43.25468826293945,-43.25497055053711,-43.25524139404297,-43.2555046081543,-43.25575637817383,-43.25600051879883,-43.256229400634766,-43.25644302368164,-43.25664138793945,-43.2568244934082,-43.256988525390625,-43.25713348388672,-43.257259368896484,-43.25737380981445,-43.257469177246094,-43.25755310058594,-43.257625579833984,-43.257694244384766,-43.25775146484375,-43.257808685302734,-43.25786209106445,-43.257911682128906,-43.25796127319336,-43.25801467895508,-43.25806427001953,-43.25811767578125,-43.2581672668457,-43.258216857910156,-43.25826644897461,-43.25831604003906,-43.258365631103516,-43.2584114074707,-43.25845718383789,-43.25849914550781,-43.25853729248047,-43.258575439453125,-43.258609771728516,-43.25864791870117,-43.2586784362793,-43.25871276855469,-43.25874328613281,-43.25877380371094,-43.2588005065918,-43.25883102416992,-43.25886154174805,-43.258888244628906,-43.25891876220703,-43.25894546508789,-43.258975982666016,-43.25900650024414,-43.259033203125,-43.259063720703125,-43.259090423583984,-43.25912094116211,-43.259151458740234,-43.259178161621094,-43.25920867919922,-43.25923538208008,-43.2592658996582,-43.25929641723633,-43.25932312011719,-43.25935363769531,-43.25938415527344,-43.2594108581543,-43.25944137573242,-43.25947189331055,-43.25950241088867,-43.2595329284668,-43.25956344604492,-43.25959396362305,-43.25962448120117,-43.2596549987793,-43.25968933105469,-43.25971984863281,-43.25975036621094,-43.25978469848633,-43.25981903076172,-43.259849548339844,-43.259883880615234,-43.259918212890625,-43.259952545166016,-43.259986877441406,-43.2600212097168,-43.26005554199219,-43.26008987426758,-43.26012420654297,-43.260162353515625,-43.260196685791016,-43.26023483276367,-43.26026916503906,-43.26030731201172,-43.260345458984375,-43.26038360595703,-43.26042175292969,-43.260459899902344,-43.260498046875,-43.26054000854492,-43.26057815551758,-43.260616302490234,-43.260658264160156,-43.26070022583008,-43.260738372802734,-43.260780334472656,-43.26082229614258,-43.2608642578125,-43.26090621948242,-43.26095199584961,-43.26099395751953,-43.26103973388672,-43.26108169555664,-43.26112747192383,-43.261173248291016,-43.2612190246582,-43.26126480102539,-43.26131057739258,-43.261356353759766,-43.26140213012695,-43.261451721191406,-43.26150131225586,-43.26154708862305,-43.2615966796875,-43.26164627075195,-43.261695861816406,-43.26174545288086,-43.26179885864258,-43.26184844970703,-43.26190185546875,-43.26195526123047,-43.26200485229492,-43.26205825805664,-43.262115478515625,-43.262168884277344,-43.26222229003906,-43.26227951049805,-43.262332916259766,-43.26239013671875,-43.262447357177734,-43.26250457763672,-43.26256561279297,-43.26262283325195,-43.2626838684082,-43.26274108886719,-43.26280212402344,-43.26286315917969,-43.26292419433594,-43.26298522949219,-43.2630500793457,-43.26311111450195,-43.26317596435547,-43.263240814208984,-43.2633056640625,-43.263370513916016,-43.2634391784668,-43.26350402832031,-43.263572692871094,-43.263641357421875,-43.263710021972656,-43.26377868652344,-43.26384735107422,-43.263919830322266,-43.26399230957031,-43.26406478881836,-43.264137268066406,-43.26420974731445,-43.2642822265625,-43.26435852050781,-43.264434814453125,-43.26451110839844,-43.26458740234375,-43.26466369628906,-43.26474380493164,-43.26482009887695,-43.26490020751953,-43.26498031616211,-43.26506042480469,-43.26514434814453,-43.265228271484375,-43.26530838012695,-43.2653923034668,-43.265480041503906,-43.26556396484375,-43.26565170288086,-43.2657356262207,-43.26582336425781,-43.26591110229492,-43.2660026550293,-43.266090393066406,-43.26618194580078,-43.266273498535156,-43.26636505126953,-43.26646041870117,-43.26655197143555,-43.26664733886719,-43.26674270629883,-43.26683807373047,-43.266937255859375,-43.267032623291016,-43.26713180541992,-43.26723098754883,-43.267333984375,-43.267433166503906,-43.26753616333008,-43.26763916015625,-43.26774215698242,-43.267845153808594,-43.26795196533203,-43.2680549621582,-43.26816177368164,-43.268272399902344,-43.26837921142578,-43.268489837646484,-43.26859664916992,-43.268707275390625,-43.268821716308594,-43.2689323425293,-43.269046783447266,-43.269161224365234,-43.2692756652832,-43.26939010620117,-43.269508361816406,-43.269622802734375,-43.26974105834961,-43.26986312866211,-43.269981384277344,-43.270103454589844,-43.27022171020508,-43.27034378051758,-43.270469665527344,-43.270591735839844,-43.27071762084961,-43.270843505859375,-43.27096939086914,-43.271095275878906,-43.27122497558594,-43.2713508605957,-43.271480560302734,-43.271610260009766,-43.27174377441406,-43.271873474121094,-43.27200698852539,-43.27214050292969,-43.272274017333984,-43.27240753173828,-43.27254104614258,-43.27267837524414,-43.2728157043457,-43.272953033447266,-43.27309036254883,-43.273231506347656,-43.27336883544922,-43.27350997924805,-43.273651123046875,-43.2737922668457,-43.27393341064453,-43.274078369140625,-43.27422332763672,-43.27436447143555,-43.27450942993164,-43.274654388427734,-43.274803161621094,-43.27494812011719,-43.27509689331055,-43.27524185180664,-43.275390625,-43.27553939819336,-43.27568817138672,-43.275840759277344,-43.2759895324707,-43.27614212036133,-43.27629089355469,-43.27644348144531,-43.27659606933594,-43.27674865722656,-43.27690124511719,-43.27705764770508,-43.2772102355957,-43.27736282348633,-43.27751922607422,-43.27767562866211,-43.277828216552734,-43.277984619140625,-43.278141021728516,-43.278297424316406,-43.2784538269043,-43.27861022949219,-43.27876663208008,-43.278926849365234,-43.279083251953125,-43.279239654541016,-43.27939987182617,-43.27955627441406,-43.27971649169922,-43.27987289428711,-43.280033111572266,-43.280189514160156,-43.28034973144531,-43.2805061340332,-43.28066635131836,-43.280826568603516,-43.280982971191406,-43.28114318847656,-43.28130340576172,-43.28145980834961,-43.281620025634766,-43.281776428222656,-43.28193664550781,-43.2820930480957,-43.28225326538086,-43.28240966796875,-43.282569885253906,-43.2827262878418,-43.28288269042969,-43.28303909301758,-43.283199310302734,-43.283355712890625,-43.283512115478516,-43.283668518066406,-43.28382110595703,-43.28397750854492,-43.28413391113281,-43.28428649902344,-43.28444290161133,-43.28459548950195,-43.284751892089844,-43.28490447998047,-43.285057067871094,-43.28520965576172,-43.28535842895508,-43.2855110168457,-43.28565979003906,-43.28581237792969,-43.28596115112305,-43.286109924316406,-43.286258697509766,-43.286407470703125,-43.28655242919922,-43.28670120239258,-43.28684616088867,-43.286991119384766,-43.28713607788086,-43.28728103637695,-43.28742218017578,-43.287567138671875,-43.2877082824707,-43.28784942626953,-43.28799057006836,-43.28812789916992,-43.28826904296875,-43.28840637207031,-43.288543701171875,-43.28867721557617,-43.288814544677734,-43.28894805908203,-43.28908157348633,-43.289215087890625,-43.28934860229492,-43.28947830200195,-43.28961181640625,-43.28974151611328,-43.28986740112305,-43.28999710083008,-43.290122985839844,-43.29024887084961,-43.290374755859375,-43.290496826171875,-43.29062271118164,-43.29074478149414,-43.29086685180664,-43.290985107421875,-43.29110336303711,-43.29122543334961,-43.29133987426758,-43.29145812988281,-43.29157257080078,-43.29168701171875,-43.29180145263672,-43.29191207885742,-43.29202651977539,-43.29213333129883,-43.29224395751953,-43.29235076904297,-43.29246139526367,-43.29256820678711,-43.29267501831055,-43.29277801513672,-43.292884826660156,-43.29298400878906,-43.293087005615234,-43.29318618774414,-43.29328918457031,-43.29338836669922,-43.29348373413086,-43.293582916259766,-43.293678283691406,-43.29377365112305,-43.29386520385742,-43.29396057128906,-43.29405212402344,-43.29413986206055,-43.29423141479492,-43.29431915283203,-43.294410705566406,-43.29449462890625,-43.29458236694336,-43.2946662902832,-43.29475021362305,-43.29483413696289,-43.294918060302734,-43.29499816894531,-43.29507827758789,-43.29515838623047,-43.29523849487305,-43.29531478881836,-43.29539108276367,-43.295467376708984,-43.2955436706543,-43.295616149902344,-43.29568862915039,-43.29576110839844,-43.295833587646484,-43.295902252197266,-43.29597473144531,-43.296043395996094,-43.296112060546875,-43.29617691040039,-43.29624557495117,-43.29631042480469,-43.2963752746582,-43.29644012451172,-43.29650115966797,-43.29656219482422,-43.296627044677734,-43.29668426513672,-43.29674530029297,-43.29680633544922,-43.2968635559082,-43.29692077636719,-43.29697799682617,-43.297035217285156,-43.297088623046875,-43.29714584350586,-43.29719924926758,-43.2972526550293,-43.297306060791016,-43.29735565185547,-43.29740905761719,-43.29745864868164,-43.297508239746094,-43.29755783081055,-43.297607421875,-43.29765319824219,-43.297698974609375,-43.29774856567383,-43.297794342041016,-43.2978401184082,-43.297882080078125,-43.29792785644531,-43.297969818115234,-43.29801559448242,-43.298057556152344,-43.298099517822266,-43.29814147949219,-43.298179626464844,-43.298221588134766,-43.29825973510742,-43.29829788208008,-43.298336029052734,-43.29837417602539,-43.29841232299805,-43.2984504699707,-43.29848861694336,-43.29852294921875,-43.29855728149414,-43.29859161376953,-43.29862594604492,-43.29866027832031,-43.2986946105957,-43.298728942871094,-43.298763275146484,-43.29879379272461,-43.298824310302734,-43.298858642578125,-43.29888916015625,-43.298919677734375,-43.2989501953125,-43.29897689819336,-43.299007415771484,-43.29903793334961,-43.29906463623047,-43.299095153808594,-43.29912185668945,-43.29914855957031,-43.29917526245117,-43.29920196533203,-43.29922866821289,-43.29925537109375,-43.29928207397461,-43.2993049621582,-43.29933166503906,-43.299354553222656,-43.299381256103516,-43.29940414428711,-43.2994270324707,-43.2994499206543,-43.29947280883789,-43.299495697021484,-43.29951858520508,-43.29954147338867,-43.299564361572266,-43.29958724975586,-43.29960632324219,-43.29962921142578,-43.29964828491211,-43.2996711730957,-43.29969024658203,-43.29970932006836,-43.29973220825195,-43.29975128173828,-43.29977035522461,-43.29978942871094,-43.299808502197266,-43.299827575683594,-43.29984664916992,-43.299861907958984,-43.29988098144531,-43.29990005493164,-43.29991912841797,-43.29993438720703,-43.29995346069336,-43.29996871948242,-43.29998779296875,-43.30000305175781,-43.300018310546875,-43.3000373840332,-43.300052642822266,-43.30006790161133,-43.30008316040039,-43.30009841918945,-43.300113677978516,-43.30012893676758,-43.30014419555664,-43.3001594543457,-43.300174713134766,-43.30018997192383,-43.30020523071289,-43.30022048950195,-43.30023193359375,-43.30024719238281,-43.300262451171875,-43.30027389526367,-43.300289154052734,-43.30030059814453,-43.300315856933594,-43.30032730102539,-43.30034255981445,-43.30035400390625,-43.30036544799805,-43.300376892089844,-43.300392150878906,-43.30040740966797,-43.300418853759766,-43.30043029785156,-43.30044174194336,-43.300453186035156,-43.30046844482422,-43.300479888916016,-43.30049133300781,-43.30050277709961,-43.300514221191406,-43.3005256652832,-43.300537109375,-43.3005485534668,-43.300559997558594,-43.30057144165039,-43.30058288574219,-43.300594329833984,-43.30060577392578,-43.30061721801758,-43.300628662109375,-43.30064010620117,-43.3006477355957,-43.3006591796875,-43.3006706237793,-43.300682067871094,-43.300689697265625,-43.30070114135742,-43.30071258544922,-43.30072021484375,-43.30073165893555,-43.300743103027344,-43.300750732421875,-43.30076217651367,-43.30077362060547,-43.30078125,-43.3007926940918,-43.30080032348633,-43.300811767578125,-43.300819396972656,-43.30083084106445,-43.300838470458984,-43.30084991455078,-43.30085754394531,-43.30086898803711,-43.30087661743164,-43.30088806152344,-43.30089569091797,-43.3009033203125,-43.3009147644043,-43.30092239379883,-43.300933837890625,-43.300941467285156,-43.30094909667969,-43.300960540771484,-43.300968170166016,-43.30097579956055,-43.300987243652344,-43.300994873046875,-43.301002502441406,-43.3010139465332,-43.301021575927734,-43.301029205322266,-43.3010368347168,-43.301048278808594,-43.301055908203125,-43.301063537597656,-43.30107116699219,-43.30107879638672,-43.301090240478516,-43.30109786987305,-43.30110549926758,-43.30111312866211,-43.30112075805664,-43.30113220214844,-43.30113983154297,-43.3011474609375,-43.30115509033203,-43.30116271972656,-43.301170349121094,-43.301177978515625,-43.30118942260742,-43.30119705200195,-43.301204681396484,-43.301212310791016,-43.30121994018555,-43.30122756958008,-43.30123519897461,-43.30124282836914,-43.30125045776367,-43.3012580871582,-43.301265716552734,-43.301273345947266,-43.3012809753418,-43.301292419433594,-43.301300048828125,-43.301307678222656,-43.30131530761719,-43.30132293701172,-43.30133056640625,-43.30133819580078,-43.30134582519531,-43.301353454589844,-43.301361083984375,-43.301368713378906,-43.30137634277344,-43.30138397216797,-43.3013916015625,-43.30139923095703,-43.30140686035156,-43.301414489746094,-43.301422119140625,-43.301429748535156,-43.30143737792969,-43.30144500732422,-43.301448822021484
-33.616455078125,-33.773502349853516,-33.93081283569336,-34.088260650634766,-34.24541091918945,-34.40205001831055,-34.558353424072266,-34.71474838256836,-34.87157440185547,-35.02886199951172,-35.186397552490234,-35.343868255615234,-35.50094223022461,-35.65732955932617,-35.81281661987305,-35.96726608276367,-36.12058639526367,-36.27273941040039,-36.42372131347656,-36.57353591918945,-36.722206115722656,-36.86970901489258,-37.01598358154297,-37.160850524902344,-37.30400848388672,-37.44501495361328,-37.58329772949219,-37.71821594238281,-37.84910583496094,-37.9753532409668,-38.09646224975586,-38.21210479736328,-38.322139739990234,-38.42662811279297,-38.52581024169922,-38.62004852294922,-38.70979309082031,-38.79549026489258,-38.87755584716797,-38.95630645751953,-39.03194808959961,-39.104576110839844,-39.1741943359375,-39.24074172973633,-39.30413055419922,-39.36428451538086,-39.42115783691406,-39.4747428894043,-39.52507019042969,-39.572208404541016,-39.616233825683594,-39.66728591918945,-39.72149658203125,-39.77674102783203,-39.83198165893555,-39.88654708862305,-39.939998626708984,-39.992095947265625,-40.042720794677734,-40.091796875,-40.13931655883789,-40.18531799316406,-40.22987747192383,-40.27305221557617,-40.31492614746094,-40.355567932128906,-40.395057678222656,-40.433441162109375,-40.47077178955078,-40.5070915222168,-40.54243850708008,-40.57682418823242,-40.610260009765625,-40.642738342285156,-40.67427062988281,-40.70486068725586,-40.73452377319336,-40.7633171081543,-40.79131317138672,-40.81861114501953,-40.84532165527344,-40.87157440185547,-40.897499084472656,-40.9232177734375,-40.9488410949707,-40.97446060180664,-41.00015640258789,-41.02599334716797,-41.05202865600586,-41.078304290771484,-41.104862213134766,-41.131736755371094,-41.15895462036133,-41.1865348815918,-41.21446990966797,-41.24274826049805,-41.271331787109375,-41.3001594543457,-41.32914733886719,-41.358211517333984,-41.38725662231445,-41.41618728637695,-41.44493865966797,-41.47343826293945,-41.50163269042969,-41.529449462890625,-41.55681228637695,-41.58363723754883,-41.60984420776367,-41.6353645324707,-41.66013717651367,-41.68413543701172,-41.70734786987305,-41.72978973388672,-41.75149917602539,-41.772525787353516,-41.79290771484375,-41.81267547607422,-41.831844329833984,-41.85041046142578,-41.86835479736328,-41.88565444946289,-41.902286529541016,-41.9182243347168,-41.9334602355957,-41.94797897338867,-41.9617919921875,-41.97489547729492,-41.9873046875,-41.99903106689453,-42.01008987426758,-42.03819274902344,-42.0721435546875,-42.10956573486328,-42.14914321899414,-42.19000244140625,-42.23151397705078,-42.27320861816406,-42.314735412597656,-42.355804443359375,-42.39619827270508,-42.43574523925781,-42.47430419921875,-42.51177215576172,-42.54807662963867,-42.58315658569336,-42.61698532104492,-42.64954376220703,-42.680824279785156,-42.710838317871094,-42.73960494995117,-42.76713943481445,-42.79347229003906,-42.81863784790039,-42.8426628112793,-42.8655891418457,-42.887451171875,-42.908287048339844,-42.92812728881836,-42.9470100402832,-42.96497344970703,-42.982051849365234,-42.99827575683594,-43.01367950439453,-43.02830123901367,-43.04216766357422,-43.055320739746094,-43.06779479980469,-43.07961654663086,-43.090824127197266,-43.1014518737793,-43.111534118652344,-43.121097564697266,-43.13017272949219,-43.1387939453125,-43.1469841003418,-43.1547737121582,-43.16218185424805,-43.16923141479492,-43.17594909667969,-43.182350158691406,-43.18844985961914,-43.194271087646484,-43.199825286865234,-43.20512390136719,-43.21018600463867,-43.21501159667969,-43.21962356567383,-43.224021911621094,-43.22822189331055,-43.23222351074219,-43.236045837402344,-43.239688873291016,-43.24315643310547,-43.246463775634766,-43.249610900878906,-43.25260925292969,-43.25545883178711,-43.25817108154297,-43.260746002197266,-43.2631950378418,-43.26551818847656,-43.26772689819336,-43.26981735229492,-43.27180099487305,-43.273681640625,-43.27546310424805,-43.27714920043945,-43.278743743896484,-43.28025436401367,-43.281681060791016,-43.28302764892578,-43.2843017578125,-43.28550338745117,-43.28663635253906,-43.2877082824707,-43.288719177246094,-43.289669036865234,-43.290565490722656,-43.29140853881836,-43.292205810546875,-43.29295349121094,-43.29365921020508,-43.2943229675293,-43.29494857788086,-43.2955322265625,-43.296085357666016,-43.29660415649414,-43.29709243774414,-43.297550201416016,-43.29798126220703,-43.29838180541992,-43.298763275146484,-43.29911804199219,-43.2994499206543,-43.29976272583008,-43.30005645751953,-43.300331115722656,-43.30058670043945,-43.30082702636719,-43.30105209350586,-43.301265716552734,-43.30146026611328,-43.30164337158203,-43.30181884765625,-43.301979064941406,-43.302127838134766,-43.302268981933594,-43.302398681640625,-43.302520751953125,-43.302635192871094,-43.30274200439453,-43.30284118652344,-43.30293655395508,-43.30302047729492,-43.3031005859375,-43.30317687988281,-43.303245544433594,-43.30331039428711,-43.30337142944336,-43.303428649902344,-43.30348205566406,-43.303531646728516,-43.30357360839844,-43.30361557006836,-43.30365753173828,-43.30369186401367,-43.30372619628906,-43.30375671386719,-43.30378723144531,-43.30381393432617,-43.30384063720703,-43.303863525390625,-43.30388259887695,-43.30390548706055,-43.303924560546875,-43.30393981933594,-43.303955078125,-43.30397033691406,-43.303985595703125,-43.30399703979492,-43.30400848388672,-43.304019927978516,-43.30403137207031,-43.304039001464844,-43.304046630859375,-43.304054260253906,-43.30406188964844,-43.30406951904297,-43.3040771484375,-43.304080963134766,-43.3040885925293,-43.30409240722656
-32.34721374511719,-32.51841354370117,-32.691410064697266,-32.86619567871094,-33.04277038574219,-33.221153259277344,-33.40135955810547,-33.58320999145508,-33.766170501708984,-33.94944381713867,-34.13216781616211,-34.31364440917969,-34.493492126464844,-34.67163848876953,-34.84808349609375,-35.02256393432617,-35.19439697265625,-35.362548828125,-35.525794982910156,-35.683013916015625,-35.833534240722656,-35.977455139160156,-36.1157112121582,-36.24977493286133,-36.381134033203125,-36.5108528137207,-36.639404296875,-36.76671600341797,-36.89235305786133,-37.01572036743164,-37.1363410949707,-37.254173278808594,-37.369720458984375,-37.483821868896484,-37.59705352783203,-37.70923614501953,-37.819358825683594,-37.925941467285156,-38.0275764465332,-38.123538970947266,-38.214054107666016,-38.300071716308594,-38.38256072998047,-38.46187210083008,-38.53772735595703,-38.60963821411133,-38.67750549316406,-38.74197769165039,-38.804176330566406,-38.865013122558594,-38.92461395263672,-38.98249053955078,-39.03824234008789,-39.09221267700195,-39.154788970947266,-39.22307205200195,-39.294620513916016,-39.367610931396484,-39.44091796875,-39.514225006103516,-39.587608337402344,-39.66082000732422,-39.73320388793945,-39.80426025390625,-39.87409591674805,-39.94306564331055,-40.0111198425293,-40.077816009521484,-40.1429328918457,-40.206722259521484,-40.26937484741211,-40.33061981201172,-40.39014434814453,-40.44807052612305,-40.50466537475586,-40.559844970703125,-40.61341857910156,-40.66556167602539,-40.716548919677734,-40.766326904296875,-40.814781188964844,-40.862091064453125,-40.908409118652344,-40.953617095947266,-40.9976806640625,-41.040802001953125,-41.0830192565918,-41.1242790222168,-41.164756774902344,-41.20464324951172,-41.24395751953125,-41.28285598754883,-41.32157897949219,-41.360198974609375,-41.398826599121094,-41.43767166137695,-41.476783752441406,-41.51624298095703,-41.55619430541992,-41.59663391113281,-41.637603759765625,-41.67914962768555,-41.72120666503906,-41.76376724243164,-41.80675506591797,-41.85002899169922,-41.893497467041016,-41.93693923950195,-41.98019027709961,-42.02301025390625,-42.06515884399414,-42.106414794921875,-42.14653778076172,-42.18535232543945,-42.22267532348633,-42.25841522216797,-42.29248809814453,-42.32489776611328,-42.35566711425781,-42.38490295410156,-42.4127197265625,-42.43928909301758,-42.46477127075195,-42.489349365234375,-42.51318359375,-42.536415100097656,-42.559181213378906,-42.58156967163086,-42.60366439819336,-42.625511169433594,-42.647132873535156,-42.668540954589844,-42.68972396850586,-42.72116470336914,-42.75653839111328,-42.79413986206055,-42.83298110961914,-42.872406005859375,-42.91195297241211,-42.951271057128906,-42.99012756347656,-43.028350830078125,-43.065826416015625,-43.102481842041016,-43.138282775878906,-43.1732177734375,-43.20729446411133,-43.24053192138672,-43.27296447753906,-43.30462646484375,-43.3355598449707,-43.36580276489258,-43.39539337158203,-43.42436218261719,-43.45275115966797,-43.4805908203125,-43.507904052734375,-43.534725189208984,-43.56107711791992,-43.586978912353516,-43.61246109008789,-43.637535095214844,-43.6622200012207,-43.6865348815918,-43.71049499511719,-43.734107971191406,-43.75739288330078,-43.78035354614258,-43.803001403808594,-43.825340270996094,-43.847373962402344,-43.869102478027344,-43.89052200317383,-43.91163635253906,-43.932430267333984,-43.952903747558594,-43.97303771972656,-43.992820739746094,-44.012237548828125,-44.03126907348633,-44.04989242553711,-44.06808853149414,-44.08583068847656,-44.103092193603516,-44.11984634399414,-44.136070251464844,-44.151737213134766,-44.16680908203125,-44.18125534057617,-44.195003509521484,-44.20790481567383,-44.219688415527344,-44.23043441772461,-44.241905212402344,-44.25430679321289,-44.26394271850586,-44.27211380004883,-44.281864166259766,-44.28996276855469,-44.296512603759766,-44.30422592163086,-44.31037521362305,-44.315738677978516,-44.321781158447266,-44.326290130615234,-44.330806732177734,-44.33537673950195,-44.338802337646484,-44.342655181884766,-44.34602737426758,-44.34889221191406,-44.352108001708984,-44.35467529296875,-44.357261657714844,-44.35987854003906,-44.36201858520508,-44.3643798828125,-44.366512298583984,-44.36846160888672,-44.37056350708008,-44.37236785888672,-44.374202728271484,-44.37602615356445,-44.37763977050781,-44.379337310791016,-44.380924224853516,-44.382408142089844,-44.383941650390625,-44.385337829589844,-44.3867073059082,-44.3880729675293,-44.38931655883789,-44.390567779541016,-44.39176940917969,-44.39289093017578,-44.394020080566406,-44.39508056640625,-44.396087646484375,-44.397090911865234,-44.39802551269531,-44.39892578125,-44.399810791015625,-44.400634765625,-44.40143585205078,-44.40221405029297,-44.4029426574707,-44.40365219116211,-44.404335021972656,-44.40497589111328,-44.40560531616211,-44.40620803833008,-44.406776428222656,-44.40733337402344,-44.40786361694336,-44.40837097167969,-44.40886688232422,-44.409339904785156,-44.409793853759766,-44.41023254394531,-44.4106559753418,-44.41106033325195,-44.41145706176758,-44.41183853149414,-44.412200927734375,-44.412559509277344,-44.41290283203125,-44.41323471069336,-44.41355514526367,-44.41386795043945,-44.41416931152344,-44.41446304321289,-44.41475296020508,-44.4150276184082,-44.41530227661133,-44.415565490722656,-44.41582489013672,-44.41607666015625,-44.416324615478516,-44.416568756103516,-44.41680908203125,-44.41704177856445,-44.417274475097656,-44.41750717163086,-44.41773223876953,-44.4179573059082,-44.418182373046875,-44.41840362548828,-44.41862869262695,-44.41884994506836,-44.419071197509766,-44.41929626464844,-44.41952133178711,-44.41975021362305,-44.419979095458984,-44.42020797729492,-44.42044448852539,-44.420684814453125,-44.42092514038086,-44.421173095703125,-44.42142868041992,-44.421688079833984,-44.42195129394531,-44.42222595214844,-44.42250442504883,-44.422794342041016,-44.423091888427734,-44.42340087890625,-44.42372131347656,-44.42405319213867,-44.42439270019531,-44.42475128173828,-44.42512130737305,-44.425506591796875,-44.425907135009766,-44.426326751708984,-44.426761627197266,-44.42721939086914,-44.427696228027344,-44.42819595336914,-44.42871856689453,-44.42926788330078,-44.42984390258789,-44.43044662475586,-44.43108367919922,-44.43174743652344,-44.43244934082031,-44.433189392089844,-44.433963775634766,-44.434783935546875,-44.435646057128906,-44.43655776977539,-44.43751907348633,-44.438533782958984,-44.439605712890625,-44.44073486328125,-44.441932678222656,-44.443199157714844,-44.444541931152344,-44.445960998535156,-44.44746780395508,-44.44906234741211,-44.45075225830078,-44.452545166015625,-44.45445251464844,-44.45647430419922,-44.458621978759766,-44.46090316772461,-44.46333312988281,-44.46591567993164,-44.46866226196289,-44.471588134765625,-44.47470474243164,-44.478023529052734,-44.48155975341797,-44.485328674316406,-44.489349365234375,-44.49363327026367,-44.49820327758789,-44.50307846069336,-44.50828170776367,-44.51382827758789,-44.519744873046875,-44.526058197021484,-44.53278350830078,-44.539955139160156,-44.54758834838867,-44.55571746826172,-44.56436538696289,-44.573551177978516,-44.58329772949219,-44.593631744384766,-44.60456848144531,-44.61611557006836,-44.62828826904297,-44.641090393066406,-44.65451431274414,-44.668548583984375,-44.68317413330078,-44.69834899902344,-44.71403884887695,-44.73017883300781,-44.7466926574707,-44.76350021362305,-44.78049850463867,-44.797569274902344,-44.8145866394043,-44.83140563964844,-44.84788513183594,-44.863868713378906,-44.87920379638672,-44.89374542236328,-44.907352447509766,-44.91990280151367,-44.93128967285156,-44.94144058227539,-44.9503059387207,-44.95786666870117,-44.96414566040039,-44.96918869018555,-44.97307586669922,-44.975914001464844,-44.97783660888672,-44.97897720336914,-44.979488372802734,-44.979515075683594,-44.97919845581055,-44.97866439819336,-44.97802734375,-44.97737121582031,-44.976768493652344,-44.97626876831055,-44.97589874267578,-44.975677490234375,-44.97560119628906,-44.97566223144531,-44.9758415222168,-44.97611618041992,-44.97646713256836,-44.976871490478516,-44.9773063659668,-44.977752685546875,-44.97819519042969,-44.97862243652344,-44.979026794433594,-44.97939682006836,-44.979736328125,-44.980037689208984,-44.98030090332031,-44.980533599853516,-44.98072814941406,-44.98089599609375,-44.98103332519531,-44.98114776611328,-44.98123550415039,-44.98130798339844,-44.981361389160156,-44.98140335083008,-44.9814338684082,-44.9814567565918,-44.98147201538086,-44.981483459472656,-44.98149108886719,-44.98149871826172,-44.981502532958984,-44.981510162353516,-44.98151779174805,-44.981529235839844,-44.98154067993164,-44.9815559387207,-44.981571197509766,-44.98158645629883,-44.981605529785156,-44.98162841796875,-44.98164749145508,-44.98167037963867,-44.981689453125,-44.98170471191406,-44.981719970703125,-44.981727600097656,-44.98171615600586,-44.9816780090332,-44.98158264160156,-44.98138427734375,-44.98103332519531,-44.98056411743164,-44.980255126953125,-44.98058319091797,-44.98143768310547,-44.981903076171875,-44.98155975341797,-44.98111343383789,-44.98131561279297,-44.98184585571289,-44.98188018798828,-44.981529235839844,-44.98151779174805,-44.98187255859375,-44.98196029663086,-44.98173522949219,-44.98170852661133,-44.9819450378418,-44.98200607299805,-44.98185729980469,-44.98185348510742,-44.98201370239258,-44.9820442199707,-44.9819450378418,-44.98196029663086,-44.98207092285156,-44.98208236694336,-44.98202133178711,-44.9820442199707,-44.98211669921875,-44.982120513916016,-44.98208236694336,-44.98210525512695,-44.98215866088867,-44.98215866088867,-44.98213577270508,-44.982154846191406,-44.98219299316406,-44.98219680786133,-44.98218536376953,-44.982200622558594,-44.98222732543945,-44.98223114013672,-44.98222732543945,-44.98223876953125,-44.98225784301758,-44.98226547241211,-44.98226547241211,-44.98227310180664,-44.98229217529297,-44.9822998046875,-44.9822998046875,-44.98230743408203,-44.982322692871094,-44.982330322265625,-44.98233413696289,-44.98234176635742,-44.98235321044922,-44.98236083984375,-44.98236846923828,-44.98237228393555,-44.98237991333008,-44.982391357421875,-44.982398986816406,-44.98240280151367,-44.9824104309082,-44.982421875,-44.98242950439453,-44.9824333190918
-32.52848434448242,-32.74331283569336,-32.95812225341797,-33.17185974121094,-33.38409423828125,-33.594322204589844,-33.80198287963867,-34.00653076171875,-34.20759963989258,-34.4048957824707,-34.597965240478516,-34.786190032958984,-34.96913528442383,-35.14775085449219,-35.324493408203125,-35.50074005126953,-35.676185607910156,-35.849613189697266,-36.01972198486328,-36.18678665161133,-36.352806091308594,-36.51815414428711,-36.68070983886719,-36.837650299072266,-36.98799133300781,-37.13335418701172,-37.27424240112305,-37.40871810913086,-37.5349006652832,-37.6534423828125,-37.76643371582031,-37.874141693115234,-37.97560501098633,-38.0712776184082,-38.16353988647461,-38.253929138183594,-38.34224319458008,-38.4289665222168,-38.516231536865234,-38.60515213012695,-38.69490051269531,-38.78532028198242,-38.87757110595703,-38.97122573852539,-39.06486129760742,-39.158931732177734,-39.253665924072266,-39.34769058227539,-39.4412956237793,-39.534820556640625,-39.626827239990234,-39.71772766113281,-39.807334899902344,-39.89472198486328,-39.98081970214844,-40.06471252441406,-40.14677047729492,-40.22679901123047,-40.30427551269531,-40.37956237792969,-40.451942443847656,-40.522193908691406,-40.589847564697266,-40.65574264526367,-40.719444274902344,-40.7816162109375,-40.841888427734375,-40.900909423828125,-40.95851516723633,-41.015193939208984,-41.07085418701172,-41.12549591064453,-41.18039321899414,-41.23710250854492,-41.29433822631836,-41.350975036621094,-41.406578063964844,-41.46049880981445,-41.512577056884766,-41.56245803833008,-41.6101188659668,-41.655452728271484,-41.69846725463867,-41.73923110961914,-41.77777099609375,-41.814292907714844,-41.848880767822266,-41.881805419921875,-41.913230895996094,-41.943389892578125,-41.97248840332031,-42.000694274902344,-42.028221130371094,-42.055213928222656,-42.081851959228516,-42.1082878112793,-42.134639739990234,-42.161048889160156,-42.187591552734375,-42.2143669128418,-42.241458892822266,-42.268917083740234,-42.29680252075195,-42.32514190673828,-42.35393524169922,-42.38318634033203,-42.41286849975586,-42.44294738769531,-42.47339630126953,-42.5041618347168,-42.53519058227539,-42.56641387939453,-42.59775161743164,-42.629127502441406,-42.660457611083984,-42.691654205322266,-42.72263717651367,-42.75332260131836,-42.78363037109375,-42.81350326538086,-42.842872619628906,-42.8716926574707,-42.89991760253906,-42.92750930786133,-42.954429626464844,-42.980655670166016,-43.00617980957031,-43.030982971191406,-43.055076599121094,-43.07845687866211,-43.10112762451172,-43.123077392578125,-43.14423370361328,-43.164466857910156,-43.183876037597656,-43.20358657836914,-43.223724365234375,-43.24205017089844,-43.25928497314453,-43.277427673339844,-43.29471206665039,-43.310707092285156,-43.327354431152344,-43.3433837890625,-43.35841751098633,-43.373939514160156,-43.38884353637695,-43.40309143066406,-43.417686462402344,-43.431671142578125,-43.445274353027344,-43.45909118652344,-43.47234344482422,-43.48540496826172,-43.50506591796875,-43.52680969238281,-43.55012130737305,-43.57410430908203,-43.59832763671875,-43.622989654541016,-43.64763641357422,-43.672569274902344,-43.69771194458008,-43.72298049926758,-43.7486572265625,-43.77452850341797,-43.80070877075195,-43.827178955078125,-43.85369873046875,-43.880313873291016,-43.906822204589844,-43.933109283447266,-43.95920944213867,-43.9849739074707,-44.01041793823242,-44.03553009033203,-44.0601921081543,-44.084415435791016,-44.108158111572266,-44.131343841552734,-44.15400314331055,-44.17609786987305,-44.19758224487305,-44.21847152709961,-44.23872756958008,-44.25832748413086,-44.277286529541016,-44.29560089111328,-44.313262939453125,-44.330299377441406,-44.346710205078125,-44.36250305175781,-44.37770080566406,-44.392333984375,-44.40641784667969,-44.41998291015625,-44.43306350708008,-44.44568634033203,-44.4578742980957,-44.46965789794922,-44.481075286865234,-44.49214172363281,-44.502891540527344,-44.513343811035156,-44.523521423339844,-44.533451080322266,-44.54314422607422,-44.55263137817383,-44.56193161010742,-44.5710563659668,-44.58002853393555,-44.58885955810547,-44.59756088256836,-44.60615158081055,-44.6146354675293,-44.62302017211914,-44.63131332397461,-44.63951873779297,-44.64763641357422,-44.655670166015625,-44.663612365722656,-44.671470642089844,-44.679237365722656,-44.68690872192383,-44.69448471069336,-44.70195388793945,-44.709320068359375,-44.71657180786133,-44.72370529174805,-44.73072052001953,-44.73760986328125,-44.74436569213867,-44.75099182128906,-44.75748062133789,-44.76382827758789,-44.77003479003906,-44.776100158691406,-44.782020568847656,-44.78779983520508,-44.79343032836914,-44.798919677734375,-44.80426788330078,-44.809478759765625,-44.814544677734375,-44.819480895996094,-44.82427978515625,-44.828948974609375,-44.83348846435547,-44.8379020690918,-44.842193603515625,-44.84636306762695,-44.85041427612305,-44.85435485839844,-44.85818099975586,-44.86189651489258,-44.865501403808594,-44.868995666503906,-44.872371673583984,-44.875606536865234,-44.8786506652832,-44.88142776489258,-44.883934020996094,-44.88652801513672,-44.88987731933594,-44.8935661315918,-44.896297454833984,-44.8983039855957,-44.900909423828125,-44.90400314331055,-44.90635681152344,-44.90829086303711,-44.91080093383789,-44.913333892822266,-44.91522979736328,-44.91720962524414,-44.91953659057617,-44.92150115966797,-44.923213958740234,-44.925209045410156,-44.92714309692383,-44.928749084472656,-44.930450439453125,-44.932247161865234,-44.93380355834961,-44.93528747558594,-44.93689727783203,-44.938392639160156,-44.93973922729492,-44.9411506652832,-44.94255447387695,-44.943817138671875,-44.9450569152832,-44.94633483886719,-44.94752502441406,-44.94864273071289,-44.94977951049805,-44.950889587402344,-44.95191955566406,-44.95293045043945,-44.95394515991211,-44.95490264892578,-44.955814361572266,-44.956722259521484,-44.95760726928711,-44.95844268798828,-44.95925521850586,-44.96006393432617,-44.96083450317383,-44.961570739746094,-44.96229553222656,-44.9630012512207,-44.963680267333984,-44.964332580566406,-44.964969635009766,-44.96559143066406,-44.9661865234375,-44.96676254272461,-44.96732711791992,-44.967872619628906,-44.9683952331543,-44.96890640258789,-44.96940231323242,-44.969879150390625,-44.970340728759766,-44.97079086303711,-44.97122573852539,-44.971649169921875,-44.9720573425293,-44.972450256347656,-44.972835540771484,-44.97320556640625,-44.97356414794922,-44.973915100097656,-44.97425079345703,-44.974578857421875,-44.97489547729492,-44.97520065307617,-44.97549819946289,-44.97578811645508,-44.97606658935547,-44.97633743286133,-44.97659683227539,-44.97685241699219,-44.97710037231445,-44.97733688354492,-44.97756576538086,-44.97779083251953,-44.97800827026367,-44.97821807861328,-44.97842025756836,-44.97861862182617,-44.97880935668945,-44.9789924621582,-44.97917175292969,-44.979347229003906,-44.979515075683594,-44.97967529296875,-44.979835510253906,-44.979984283447266,-44.980133056640625,-44.98027420043945,-44.980411529541016,-44.98054885864258,-44.980682373046875,-44.98080825805664,-44.98093032836914,-44.981048583984375,-44.981163024902344,-44.98127746582031,-44.98138427734375,-44.98148727416992,-44.98158645629883,-44.981685638427734,-44.981781005859375,-44.98187255859375,-44.98196029663086,-44.98204803466797,-44.98213195800781,-44.98221206665039,-44.9822883605957,-44.982364654541016,-44.98243713378906,-44.98250961303711,-44.98257827758789,-44.982643127441406,-44.98270797729492,-44.98276901245117,-44.98283004760742,-44.982887268066406,-44.98294448852539,-44.983001708984375,-44.98305130004883,-44.98310470581055,-44.983154296875,-44.98320007324219,-44.98324966430664,-44.98329162597656,-44.98333740234375,-44.98337936401367,-44.98341751098633,-44.98345947265625,-44.983497619628906,-44.9835319519043,-44.98357009887695,-44.983604431152344,-44.983638763427734,-44.98366928100586,-44.983699798583984,-44.98373031616211,-44.983760833740234,-44.983787536621094,-44.98381423950195,-44.98384094238281,-44.98386764526367,-44.98389434814453,-44.983917236328125,-44.98394012451172,-44.98396301269531,-44.983985900878906,-44.984004974365234,-44.98402786254883,-44.984046936035156,-44.984066009521484,-44.98408508300781,-44.984100341796875,-44.9841194152832,-44.984134674072266,-44.984153747558594,-44.984169006347656,-44.98418426513672,-44.98419952392578,-44.98421096801758,-44.98422622680664,-44.9842414855957,-44.9842529296875,-44.9842643737793,-44.98427963256836,-44.984291076660156,-44.98430252075195,-44.98431396484375,-44.98432159423828,-44.98433303833008,-44.984344482421875,-44.984352111816406,-44.98435974121094,-44.98436737060547,-44.984375,-44.984378814697266,-44.984375
-30.84343910217285,-31.014362335205078,-31.183786392211914,-31.350744247436523,-31.514543533325195,-31.674087524414062,-31.828380584716797,-31.9771728515625,-32.120941162109375,-32.26022720336914,-32.39519119262695,-32.52569580078125,-32.651527404785156,-32.772525787353516,-32.88863754272461,-32.99991226196289,-33.10671615600586,-33.2100944519043,-33.31169509887695,-33.41312026977539,-33.51526641845703,-33.61820602416992,-33.72139358520508,-33.82388687133789,-33.924678802490234,-34.02318572998047,-34.11983108520508,-34.21611022949219,-34.31365966796875,-34.413204193115234,-34.51436996459961,-34.61626434326172,-34.7183837890625,-34.82159423828125,-34.928184509277344,-35.040367126464844,-35.15898132324219,-35.28390884399414,-35.41533279418945,-35.55479049682617,-35.70454788208008,-35.86520004272461,-36.03500747680664,-36.212738037109375,-36.399497985839844,-36.59528350830078,-36.7971305847168,-37.00363540649414,-37.21704864501953,-37.43627166748047,-37.65948486328125,-37.8891487121582,-38.12336349487305,-38.35979461669922,-38.59982681274414,-38.83966827392578,-39.08095169067383,-39.32310485839844,-39.56632614135742,-39.811279296875,-40.05532455444336,-40.29749298095703,-40.534149169921875,-40.76381301879883,-40.9837646484375,-41.191036224365234,-41.383544921875,-41.55687713623047,-41.71101379394531,-41.846065521240234,-41.96381378173828,-42.067264556884766,-42.15742111206055,-42.236358642578125,-42.30729293823242,-42.372230529785156,-42.43257141113281,-42.48914337158203,-42.54173278808594,-42.590492248535156,-42.6363525390625,-42.68756103515625,-42.74111557006836,-42.795166015625,-42.84873962402344,-42.90095901489258,-42.95170211791992,-43.00051498413086,-43.04690170288086,-43.09093475341797,-43.1324577331543,-43.17135238647461,-43.20780563354492,-43.24185562133789,-43.27368927001953,-43.303749084472656,-43.332275390625,-43.35946273803711,-43.385616302490234,-43.410884857177734,-43.4353141784668,-43.4589958190918,-43.481929779052734,-43.50403594970703,-43.52531051635742,-43.5457649230957,-43.56536865234375,-43.58415603637695,-43.602203369140625,-43.619537353515625,-43.63615798950195,-43.652095794677734,-43.66740036010742,-43.68208694458008,-43.69615936279297,-43.709632873535156,-43.7225456237793,-43.734947204589844,-43.74687576293945,-43.764892578125,-43.78504943847656,-43.8062744140625,-43.82817077636719,-43.85038757324219,-43.87264633178711,-43.89476776123047,-43.916629791259766,-43.938114166259766,-43.95914077758789,-43.97968292236328,-43.999732971191406,-44.019283294677734,-44.03831481933594,-44.05684280395508,-44.07487869262695,-44.09245681762695,-44.10961151123047,-44.126380920410156,-44.14278793334961,-44.15884780883789,-44.17458724975586,-44.19004821777344,-44.20526885986328,-44.220272064208984,-44.23506164550781,-44.249664306640625,-44.26409149169922,-44.27836608886719,-44.29249572753906,-44.306480407714844,-44.32032775878906,-44.33403396606445,-44.347599029541016,-44.361026763916016,-44.37430953979492,-44.387447357177734,-44.40042495727539,-44.41324234008789,-44.4258918762207,-44.43836975097656,-44.45066452026367,-44.462772369384766,-44.47468566894531,-44.48640441894531,-44.4979248046875,-44.509239196777344,-44.52035140991211,-44.53125762939453,-44.54195785522461,-44.552452087402344,-44.562740325927734,-44.57282257080078,-44.58269119262695,-44.59233856201172,-44.60173797607422,-44.61085891723633,-44.61973190307617,-44.628543853759766,-44.6375846862793,-44.6467170715332,-44.65534973144531,-44.66339111328125,-44.671363830566406,-44.67960739135742,-44.687740325927734,-44.69537353515625,-44.702789306640625,-44.71036911010742,-44.71792221069336,-44.725120544433594,-44.73211669921875,-44.739200592041016,-44.74626159667969,-44.753074645996094,-44.759727478027344,-44.766422271728516,-44.773101806640625,-44.779605865478516,-44.78599166870117,-44.79238510131836,-44.79877471923828,-44.805049896240234,-44.81122970581055,-44.81739807128906,-44.823570251464844,-44.82967758178711,-44.83570861816406,-44.841712951660156,-44.847721099853516,-44.853702545166016,-44.85962677001953,-44.86551284790039,-44.87139129638672,-44.87725830078125,-44.883094787597656,-44.888893127441406,-44.89466094970703,-44.90041732788086,-44.90615463256836,-44.91185760498047,-44.917518615722656,-44.923152923583984,-44.92875289916992,-44.934326171875,-44.939857482910156,-44.94533920288086,-44.950775146484375,-44.9561653137207,-44.96150588989258,-44.96678924560547,-44.972015380859375,-44.9771728515625,-44.98226547241211,-44.98728561401367,-44.99223327636719,-44.997100830078125,-45.001888275146484,-45.00658416748047,-45.011192321777344,-45.01570510864258,-45.02012252807617,-45.024436950683594,-45.02865219116211,-45.03275680541992,-45.03675079345703,-45.04063415527344,-45.044403076171875,-45.04805374145508,-45.05158615112305,-45.05500030517578,-45.05829620361328,-45.06147003173828,-45.06452178955078,-45.06745529174805,-45.07026672363281,-45.07296371459961,-45.075538635253906,-45.077999114990234,-45.080345153808594,-45.08258056640625,-45.0847053527832,-45.086727142333984,-45.08864212036133,-45.090457916259766,-45.09217834472656,-45.09380340576172,-45.095340728759766,-45.0967903137207,-45.09815979003906,-45.09944534301758,-45.10066223144531,-45.101802825927734,-45.102874755859375,-45.103885650634766,-45.10483169555664,-45.10572052001953,-45.1065559387207,-45.10734176635742,-45.10807418823242,-45.1087646484375,-45.109413146972656,-45.110015869140625,-45.1105842590332,-45.111114501953125,-45.11160659790039,-45.112056732177734,-45.112457275390625,-45.1127815246582,-45.112979888916016,-45.11298751831055,-45.11280822753906,-45.11277389526367,-45.11347961425781,-45.11468505859375,-45.11518859863281,-45.1148681640625,-45.11490249633789,-45.115684509277344,-45.11615753173828,-45.115966796875,-45.11606979370117,-45.11665725708008,-45.11686706542969,-45.11674499511719,-45.117000579833984,-45.117393493652344,-45.11741638183594,-45.117427825927734,-45.117733001708984,-45.117919921875,-45.117897033691406,-45.11803436279297,-45.11826705932617,-45.11832046508789,-45.11835479736328,-45.118534088134766,-45.11865997314453,-45.118682861328125,-45.118778228759766,-45.11892318725586,-45.118980407714844,-45.119022369384766,-45.119136810302734,-45.11922836303711,-45.119266510009766,-45.11933898925781,-45.11943435668945,-45.11949157714844,-45.119537353515625,-45.11961364746094,-45.11968994140625,-45.11973571777344,-45.119789123535156,-45.11985778808594,-45.11991500854492,-45.11996078491211,-45.120018005371094,-45.120079040527344,-45.1201286315918,-45.120174407958984,-45.12023162841797,-45.12028503417969,-45.120330810546875,-45.12037658691406,-45.12042999267578,-45.120479583740234,-45.120521545410156,-45.12057113647461,-45.12062072753906,-45.12066650390625,-45.12070846557617,-45.120758056640625,-45.12080383300781,-45.120849609375,-45.12089157104492,-45.12093734741211,-45.1209831237793,-45.121028900146484,-45.121070861816406,-45.121116638183594,-45.12116241455078,-45.1212043762207,-45.12125015258789,-45.12129211425781,-45.121337890625,-45.12138366699219,-45.12142562866211,-45.1214714050293,-45.12151336669922,-45.121559143066406,-45.12160110473633,-45.121646881103516,-45.1216926574707,-45.121734619140625,-45.12178039550781,-45.121826171875,-45.12187194824219,-45.12191390991211,-45.1219596862793,-45.122005462646484,-45.12205123901367,-45.12209701538086,-45.12214279174805,-45.122188568115234,-45.12223434448242,-45.122283935546875,-45.12232971191406,-45.12237548828125,-45.1224250793457,-45.12247085571289,-45.122520446777344,-45.1225700378418,-45.12261962890625,-45.1226692199707,-45.122718811035156,-45.12276840209961,-45.12281799316406,-45.122867584228516,-45.122920989990234,-45.12297058105469,-45.123023986816406,-45.123077392578125,-45.123130798339844,-45.12318420410156,-45.12323760986328,-45.123294830322266,-45.123348236083984,-45.12340545654297,-45.12346267700195,-45.12351989746094,-45.12357711791992,-45.12363815307617,-45.123695373535156,-45.123756408691406,-45.123817443847656,-45.123878479003906,-45.12394332885742,-45.12400436401367,-45.12406921386719,-45.1241340637207,-45.124202728271484,-45.124267578125,-45.12433624267578,-45.12440490722656,-45.12447738647461,-45.124549865722656,-45.1246223449707,-45.12469482421875,-45.12477111816406,-45.124847412109375,-45.12492370605469,-45.125,-45.12508010864258,-45.12516403198242,-45.125244140625,-45.125328063964844,-45.12541580200195,-45.12550354003906,-45.12559127807617,-45.12568283081055,-45.12577438354492,-45.1258659362793,-45.12596130371094,-45.126060485839844,-45.12615966796875,-45.126258850097656,-45.12636184692383,-45.126468658447266,-45.1265754699707,-45.126686096191406,-45.12679672241211,-45.12691116333008,-45.12702560424805,-45.12714385986328,-45.12726593017578,-45.12738800048828,-45.12751388549805,-45.12764358520508,-45.12777328491211,-45.127906799316406,-45.12804412841797,-45.1281852722168,-45.128326416015625,-45.12847137451172,-45.12862014770508,-45.1287727355957,-45.128929138183594,-45.12908935546875,-45.129249572753906,-45.129417419433594,-45.12958526611328,-45.1297607421875,-45.12993621826172,-45.13011932373047,-45.130306243896484,-45.1304931640625,-45.13068771362305,-45.13088607788086,-45.13108825683594,-45.13129806518555,-45.131507873535156,-45.1317253112793,-45.1319465637207,-45.13217544555664,-45.132408142089844,-45.13264465332031,-45.13288879394531,-45.13313674926758,-45.13338851928711,-45.13365173339844,-45.133914947509766,-45.13418960571289,-45.13446807861328,-45.1347541809082,-45.135047912597656,-45.135345458984375,-45.135650634765625,-45.135963439941406,-45.13628387451172,-45.13661575317383,-45.1369514465332,-45.13729476928711,-45.13764572143555,-45.13800811767578,-45.13837432861328,-45.13875198364258,-45.139137268066406,-45.13953399658203,-45.13993835449219,-45.140350341796875,-45.14077377319336,-45.141204833984375,-45.14164733886719,-45.142093658447266,-45.142555236816406,-45.14302444458008,-45.14350128173828,-45.14398956298828,-45.14448165893555,-45.144989013671875,-45.14550018310547,-45.146018981933594,-45.146549224853516,-45.1470832824707,-45.14762496948242,-45.14817428588867,-45.14872741699219,-45.14928436279297,-45.149845123291016,-45.15040969848633,-45.15097427368164,-45.15154266357422,-45.1521110534668,-45.15267562866211,-45.15324020385742,-45.15380096435547,-45.154354095458984,-45.154903411865234,-45.15544891357422,-45.155982971191406,-45.1565055847168,-45.157020568847656,-45.15752410888672,-45.15801239013672,-45.15848922729492,-45.15895080566406,-45.15939712524414,-45.159828186035156,-45.160240173339844,-45.1606330871582,-45.1610107421875,-45.161373138427734,-45.161712646484375,-45.16203308105469,-45.16233825683594,-45.16262435913086,-45.16289138793945,-45.163143157958984,-45.16337585449219,-45.16358947753906,-45.163787841796875,-45.163970947265625,-45.16413879394531,-45.16429138183594,-45.164432525634766,-45.16455841064453,-45.1646728515625,-45.16477584838867,-45.16486740112305,-45.16495132446289,-45.16502380371094,-45.16508865356445,-45.16514587402344,-45.165199279785156,-45.16524124145508,-45.165279388427734,-45.165313720703125,-45.16534423828125,-45.165367126464844,-45.16539001464844,-45.165409088134766,-45.16542434692383,-45.16543960571289,-45.16545104980469,-45.16545867919922,-45.165470123291016,-45.16547393798828,-45.16548156738281,-45.16548538208008,-45.16549301147461,-45.165496826171875,-45.16550064086914
-31.0476131439209,-31.20656967163086,-31.369430541992188,-31.53814697265625,-31.712228775024414,-31.89055824279785,-32.0720100402832,-32.255619049072266,-32.44050979614258,-32.625762939453125,-32.810508728027344,-32.99406433105469,-33.176055908203125,-33.35641860961914,-33.53526306152344,-33.71272659301758,-33.88888931274414,-34.063777923583984,-34.23735809326172,-34.40956115722656,-34.580291748046875,-34.74942398071289,-34.91682815551758,-35.082332611083984,-35.2457275390625,-35.40678024291992,-35.56523513793945,-35.72084426879883,-35.8734245300293,-36.022884368896484,-36.16923904418945,-36.31260299682617,-36.453147888183594,-36.591026306152344,-36.726341247558594,-36.859130859375,-36.989383697509766,-37.11705017089844,-37.24208450317383,-37.36445999145508,-37.48417282104492,-37.60124206542969,-37.71565628051758,-37.82735061645508,-37.9361572265625,-38.04177474975586,-38.143821716308594,-38.241878509521484,-38.33562088012695,-38.42490768432617,-38.509864807128906,-38.59086608886719,-38.668434143066406,-38.743125915527344,-38.81539535522461,-38.88555908203125,-38.95376205444336,-39.02004623413086,-39.08436965942383,-39.14666748046875,-39.206871032714844,-39.26494216918945,-39.32087326049805,-39.38337707519531,-39.45003890991211,-39.51869583129883,-39.5881462097168,-39.657630920410156,-39.726661682128906,-39.794952392578125,-39.86237335205078,-39.92887878417969,-39.99445724487305,-40.059085845947266,-40.12269592285156,-40.18520736694336,-40.24651336669922,-40.3065185546875,-40.365150451660156,-40.42237091064453,-40.478179931640625,-40.53260040283203,-40.5856819152832,-40.637481689453125,-40.688053131103516,-40.737430572509766,-40.78562545776367,-40.832637786865234,-40.87844467163086,-40.92301559448242,-40.966312408447266,-41.008296966552734,-41.048946380615234,-41.088233947753906,-41.126155853271484,-41.16270446777344,-41.197879791259766,-41.231689453125,-41.264137268066406,-41.29523849487305,-41.325008392333984,-41.35346603393555,-41.380645751953125,-41.406578063964844,-41.431297302246094,-41.45484924316406,-41.47727584838867,-41.49861145019531,-41.518898010253906,-41.538177490234375,-41.556488037109375,-41.57386779785156,-41.60190200805664,-41.63364028930664,-41.667457580566406,-41.70248794555664,-41.73820114135742,-41.77425765991211,-41.81044387817383,-41.846614837646484,-41.88267517089844,-41.918540954589844,-41.95414733886719,-41.98942947387695,-42.024322509765625,-42.05876541137695,-42.092689514160156,-42.12603759765625,-42.15875244140625,-42.19078826904297,-42.22209930419922,-42.252655029296875,-42.28242874145508,-42.31139373779297,-42.339534759521484,-42.366844177246094,-42.393306732177734,-42.41891098022461,-42.443660736083984,-42.4675407409668,-42.49055862426758,-42.51271057128906,-42.53399658203125,-42.554420471191406,-42.573997497558594,-42.592735290527344,-42.61064529418945,-42.62774658203125,-42.64405822753906,-42.65960693359375,-42.67441177368164,-42.688507080078125,-42.7019157409668,-42.71467590332031,-42.7268180847168,-42.738372802734375,-42.74937438964844,-42.759857177734375,-42.76985168457031,-42.77938461303711,-42.78848648071289,-42.797183990478516,-42.805503845214844,-42.81346130371094,-42.82107925415039,-42.82837677001953,-42.835365295410156,-42.84206771850586,-42.84848403930664,-42.854637145996094,-42.86053466796875,-42.86618423461914,-42.87160110473633,-42.87678909301758,-42.88176345825195,-42.886531829833984,-42.8911018371582,-42.89548873901367,-42.899696350097656,-42.90373992919922,-42.90762710571289,-42.911373138427734,-42.914981842041016,-42.91846466064453,-42.921836853027344,-42.92510223388672,-42.92827606201172,-42.93136215209961,-42.93437194824219,-42.93731689453125,-42.94020080566406,-42.943031311035156,-42.94581985473633,-42.948570251464844,-42.951290130615234,-42.95398712158203,-42.956668853759766,-42.9593391418457,-42.962005615234375,-42.96467208862305,-42.96734619140625,-42.97003173828125,-42.972740173339844,-42.97547149658203,-42.978233337402344,-42.98103332519531,-42.98387908935547,-42.98677062988281,-42.989715576171875,-42.99272537231445,-42.99580383300781,-42.99895477294922,-43.0021858215332,-43.00550079345703,-43.008914947509766,-43.012428283691406,-43.016048431396484,-43.01978302001953,-43.023643493652344,-43.02762985229492,-43.03175354003906,-43.0360221862793,-43.04043960571289,-43.045021057128906,-43.04977035522461,-43.05469512939453,-43.0598030090332,-43.065101623535156,-43.07059860229492,-43.0763053894043,-43.08222198486328,-43.08835983276367,-43.094722747802734,-43.101314544677734,-43.10813903808594,-43.115196228027344,-43.12248992919922,-43.1300163269043,-43.13777160644531,-43.145748138427734,-43.15393829345703,-43.162330627441406,-43.17090606689453,-43.17964553833008,-43.188533782958984,-43.19753646850586,-43.206634521484375,-43.21578598022461,-43.2249641418457,-43.234127044677734,-43.24324417114258,-43.25226593017578,-43.26116180419922,-43.26988983154297,-43.278411865234375,-43.28669738769531,-43.29471206665039,-43.302425384521484,-43.30982208251953,-43.31687927246094,-43.323585510253906,-43.32993698120117,-43.3359375,-43.341583251953125,-43.34688949584961,-43.351871490478516,-43.35654067993164,-43.360923767089844,-43.36503601074219,-43.368900299072266,-43.37254333496094,-43.375980377197266,-43.379234313964844,-43.382320404052734,-43.385257720947266,-43.3880615234375,-43.39073944091797,-43.39330291748047,-43.39575958251953,-43.39812088012695,-43.400386810302734,-43.40256118774414,-43.4046516418457,-43.40665817260742,-43.40858840942383,-43.410438537597656,-43.41221237182617,-43.41391372680664,-43.41554641723633,-43.41710662841797,-43.418601989746094,-43.4200325012207,-43.42140197753906,-43.42271041870117,-43.42395782470703,-43.42515182495117,-43.426292419433594,-43.42737579345703,-43.42841339111328,-43.42939758300781,-43.430335998535156,-43.43122863769531,-43.43207931518555,-43.432884216308594,-43.43364715576172,-43.43437194824219,-43.435054779052734,-43.435707092285156,-43.43632125854492,-43.4369010925293,-43.43745040893555,-43.43796920776367,-43.43846130371094,-43.438926696777344,-43.439369201660156,-43.43978500366211,-43.440181732177734,-43.440555572509766,-43.44091033935547,-43.44124984741211,-43.44157028198242,-43.44187545776367,-43.44216537475586,-43.442440032958984,-43.44270324707031,-43.44295120239258,-43.44319152832031,-43.443416595458984,-43.443634033203125,-43.44384002685547,-43.444034576416016,-43.44422149658203,-43.444400787353516,-43.4445686340332,-43.444732666015625,-43.444889068603516,-43.44503402709961,-43.44517517089844,-43.4453125,-43.445438385009766,-43.44556427001953,-43.445682525634766,-43.44579315185547,-43.445899963378906,-43.446006774902344,-43.44610595703125,-43.44620132446289,-43.446292877197266,-43.446380615234375,-43.44646453857422,-43.4465446472168,-43.446624755859375,-43.44670104980469,-43.446773529052734,-43.44684600830078,-43.44691467285156,-43.44697952270508,-43.447044372558594,-43.447105407714844,-43.447166442871094,-43.44722366333008,-43.44728088378906,-43.44733810424805,-43.447391510009766,-43.44744110107422,-43.44749450683594,-43.44754409790039,-43.44758987426758,-43.44763946533203,-43.44768524169922,-43.44772720336914,-43.44777297973633,-43.44781494140625,-43.44785690307617,-43.447898864746094,-43.44793701171875,-43.44797897338867,-43.44801712036133,-43.44805145263672,-43.448089599609375,-43.44812774658203,-43.44816207885742,-43.44819641113281,-43.4482307434082,-43.448265075683594,-43.448299407958984,-43.44832992553711,-43.448360443115234,-43.448394775390625,-43.44842529296875,-43.448455810546875,-43.448486328125,-43.44851303100586,-43.448543548583984,-43.44857406616211,-43.44860076904297,-43.44862747192383,-43.44865798950195,-43.44868469238281,-43.44871139526367,-43.44873809814453,-43.44876480102539,-43.448787689208984,-43.448814392089844,-43.4488410949707,-43.4488639831543,-43.44888687133789,-43.44891357421875,-43.448936462402344,-43.44895935058594,-43.44898223876953,-43.449005126953125,-43.44902801513672,-43.44905090332031,-43.449073791503906,-43.4490966796875,-43.449119567871094,-43.44913864135742,-43.449161529541016,-43.44918441772461,-43.44920349121094,-43.44922637939453,-43.44924545288086,-43.44926452636719,-43.44928741455078,-43.44930648803711,-43.44932556152344,-43.449344635009766,-43.449363708496094,-43.44938278198242,-43.44940185546875,-43.44942092895508,-43.449440002441406,-43.449459075927734,-43.44947814941406,-43.449493408203125,-43.44951248168945,-43.44953155517578,-43.449546813964844,-43.44956588745117,-43.4495849609375,-43.44960021972656,-43.44961929321289,-43.44963455200195,-43.449649810791016,-43.449668884277344,-43.449684143066406,-43.44969940185547,-43.4497184753418,-43.44973373413086,-43.44974899291992,-43.449764251708984,-43.44977951049805,-43.44979476928711,-43.44981002807617,-43.449825286865234,-43.44984436035156,-43.44985580444336,-43.44987106323242,-43.449886322021484,-43.44990158081055,-43.44991683959961,-43.44993209838867,-43.449947357177734,-43.4499626159668,-43.449974060058594,-43.449989318847656,-43.45000457763672,-43.450016021728516,-43.45003128051758,-43.45004653930664,-43.45005798339844,-43.4500732421875,-43.4500846862793,-43.45009994506836,-43.450111389160156,-43.45012664794922,-43.450138092041016,-43.45015335083008,-43.450164794921875,-43.45018005371094,-43.450191497802734,-43.45020294189453,-43.450218200683594,-43.45022964477539,-43.45024108886719,-43.45025634765625,-43.45026779174805,-43.450279235839844,-43.45029067993164,-43.4503059387207,-43.4503173828125,-43.4503288269043,-43.450340270996094,-43.45035171508789,-43.45036315917969,-43.45037841796875,-43.45038986206055,-43.450401306152344,-43.45041275024414,-43.45042419433594,-43.450435638427734,-43.45044708251953,-43.45045852661133,-43.450469970703125,-43.45048141479492,-43.45049285888672,-43.450504302978516,-43.45051193237305,-43.450523376464844,-43.45053482055664,-43.45054626464844,-43.450557708740234,-43.45056915283203,-43.45058059692383,-43.45058822631836,-43.450599670410156,-43.45061111450195,-43.45062255859375,-43.45063018798828,-43.45064163208008,-43.450653076171875,-43.45066452026367,-43.4506721496582,-43.45068359375,-43.4506950378418,-43.45070266723633,-43.450714111328125,-43.45072555541992,-43.45073318481445,-43.45074462890625,-43.45075225830078,-43.45076370239258,-43.450775146484375,-43.450782775878906,-43.4507942199707,-43.450801849365234,-43.45081329345703,-43.45082092285156,-43.45083236694336,-43.45083999633789,-43.45085144042969,-43.45085906982422,-43.450870513916016,-43.45087814331055,-43.450889587402344,-43.450897216796875,-43.450904846191406,-43.4509162902832,-43.450923919677734,-43.45093536376953,-43.45094299316406,-43.450950622558594,-43.45096206665039,-43.45096969604492,-43.45097732543945,-43.45098876953125,-43.45099639892578,-43.45100402832031,-43.45101547241211,-43.45102310180664,-43.45103073120117,-43.4510383605957,-43.4510498046875,-43.45105743408203,-43.45106506347656,-43.451072692871094,-43.451080322265625,-43.45109176635742,-43.45109939575195,-43.451107025146484,-43.451114654541016,-43.45112228393555,-43.45112991333008,-43.451141357421875,-43.451148986816406,-43.45115661621094,-43.45116424560547,-43.451171875,-43.45117950439453,-43.45118713378906,-43.451194763183594,-43.451202392578125,-43.451210021972656,-43.45121765136719,-43.45122528076172,-43.45123291015625,-43.45124053955078,-43.45124816894531,-43.451255798339844,-43.451263427734375,-43.451271057128906,-43.45127868652344,-43.45128631591797,-43.4512939453125,-43.45130157470703,-43.45130920410156,-43.451316833496094,-43.451324462890625,-43.451332092285156,-43.45133972167969,-43.45134735107422,-43.45135498046875,-43.451358795166016
-32.2612419128418,-32.358272552490234,-32.45285415649414,-32.545509338378906,-32.63642501831055,-32.72559356689453,-32.81291198730469,-32.898284912109375,-32.981624603271484,-33.06285858154297,-33.14201736450195,-33.21923828125,-33.294769287109375,-33.36897659301758,-33.44232940673828,-33.515411376953125,-33.588836669921875,-33.6632194519043,-33.739097595214844,-33.816925048828125,-33.897117614746094,-33.98005676269531,-34.06605529785156,-34.15531539916992,-34.24794006347656,-34.34394454956055,-34.44322967529297,-34.54560852050781,-34.65081024169922,-34.7585334777832,-34.86846923828125,-34.98029327392578,-35.09366226196289,-35.208248138427734,-35.323734283447266,-35.43979263305664,-35.55609130859375,-35.6722412109375,-35.787845611572266,-35.90250778198242,-36.01587677001953,-36.1276741027832,-36.23772430419922,-36.345970153808594,-36.45248794555664,-36.557464599609375,-36.66118621826172,-36.76398468017578,-36.8661994934082,-36.96813201904297,-37.07011032104492,-37.172420501708984,-37.275177001953125,-37.37846755981445,-37.482460021972656,-37.587188720703125,-37.69266128540039,-37.798919677734375,-37.90575408935547,-38.01298141479492,-38.120296478271484,-38.227325439453125,-38.33380126953125,-38.43931579589844,-38.54362487792969,-38.64629364013672,-38.74699401855469,-38.8452262878418,-38.94063186645508,-39.03281784057617,-39.12155532836914,-39.20670700073242,-39.2880973815918,-39.365631103515625,-39.439109802246094,-39.508358001708984,-39.57328796386719,-39.63383483886719,-39.69004440307617,-39.74201202392578,-39.78982162475586,-39.83366394042969,-39.873741149902344,-39.91032791137695,-39.94374084472656,-39.97425842285156,-40.002159118652344,-40.04561996459961,-40.094886779785156,-40.14731216430664,-40.20147705078125,-40.25647735595703,-40.311702728271484,-40.36674499511719,-40.42131042480469,-40.47522735595703,-40.528404235839844,-40.580841064453125,-40.63260269165039,-40.68376922607422,-40.734413146972656,-40.78457260131836,-40.83424758911133,-40.88339614868164,-40.93196105957031,-40.97986602783203,-41.02703094482422,-41.073387145996094,-41.11886215209961,-41.16337585449219,-41.20684814453125,-41.24919891357422,-41.290340423583984,-41.33020782470703,-41.36873245239258,-41.40586471557617,-41.44157791137695,-41.475868225097656,-41.50875473022461,-41.540279388427734,-41.57048034667969,-41.599403381347656,-41.62708282470703,-41.653533935546875,-41.67879104614258,-41.7028694152832,-41.72580337524414,-41.74761962890625,-41.76836013793945,-41.78807830810547,-41.80683898925781,-41.82470703125,-41.841766357421875,-41.858070373535156,-41.87367630004883,-41.88861846923828,-41.91679763793945,-41.94977569580078,-41.98573303222656,-42.0236701965332,-42.062923431396484,-42.10301971435547,-42.14360809326172,-42.18440628051758,-42.22520065307617,-42.265811920166016,-42.30608367919922,-42.34587478637695,-42.38506317138672,-42.42353439331055,-42.461185455322266,-42.49793243408203,-42.5337028503418,-42.56843948364258,-42.60210418701172,-42.63467025756836,-42.6661262512207,-42.69647979736328,-42.72574996948242,-42.753971099853516,-42.78118133544922,-42.807430267333984,-42.832763671875,-42.85723114013672,-42.880859375,-42.9036750793457,-42.92569351196289,-42.946937561035156,-42.9674072265625,-42.987117767333984,-43.006080627441406,-43.02431106567383,-43.04182434082031,-43.05863952636719,-43.07478713989258,-43.090293884277344,-43.10518264770508,-43.11949157714844,-43.133235931396484,-43.146446228027344,-43.15913391113281,-43.171321868896484,-43.183013916015625,-43.19422149658203,-43.204952239990234,-43.215213775634766,-43.22501754760742,-43.234378814697266,-43.24330520629883,-43.2518196105957,-43.25993728637695,-43.26767349243164,-43.275047302246094,-43.28207778930664,-43.288780212402344,-43.29515838623047,-43.30123519897461,-43.307010650634766,-43.312496185302734,-43.31770706176758,-43.3226432800293,-43.32732391357422,-43.33175277709961,-43.335941314697266,-43.339900970458984,-43.34364700317383,-43.347190856933594,-43.35053634643555,-43.353694915771484,-43.3566780090332,-43.3594970703125,-43.362152099609375,-43.364654541015625,-43.36701202392578,-43.36922836303711,-43.37131118774414,-43.37327194213867,-43.3751106262207,-43.37683868408203,-43.378456115722656,-43.37997817993164,-43.381404876708984,-43.38274002075195,-43.38399124145508,-43.38516616821289,-43.38626480102539,-43.387290954589844,-43.388248443603516,-43.3891487121582,-43.389984130859375,-43.39076614379883,-43.39149856567383,-43.39217758178711,-43.3928108215332,-43.39340591430664,-43.39395523071289,-43.39447021484375,-43.39494705200195,-43.39539337158203,-43.395809173583984,-43.39619445800781,-43.396549224853516,-43.39688491821289,-43.397193908691406,-43.39748001098633,-43.39774703979492,-43.39799499511719,-43.398223876953125,-43.3984375,-43.39863586425781,-43.39881896972656,-43.39898681640625,-43.399147033691406,-43.3992919921875,-43.3994255065918,-43.39955139160156,-43.39966583251953,-43.399776458740234,-43.39987564086914,-43.399967193603516,-43.40005111694336,-43.40013122558594,-43.400203704833984,-43.400272369384766,-43.40033721923828,-43.400394439697266,-43.400447845458984,-43.40049743652344,-43.400543212890625,-43.40058898925781,-43.40062713623047,-43.400665283203125,-43.400699615478516,-43.40073013305664,-43.400760650634766,-43.400787353515625,-43.400814056396484,-43.400840759277344,-43.40085983276367,-43.400882720947266,-43.400901794433594,-43.40092086791992,-43.40093994140625,-43.40095520019531,-43.400970458984375,-43.40098571777344,-43.4010009765625,-43.4010124206543,-43.40102767944336,-43.401039123535156,-43.40105056762695,-43.40106201171875,-43.40107345581055,-43.40108108520508,-43.401092529296875,-43.40110397338867,-43.4011116027832,-43.401119232177734,-43.40113067626953,-43.40113830566406,-43.401145935058594,-43.40115737915039,-43.40116500854492,-43.40117263793945,-43.401180267333984,-43.401187896728516,-43.40119552612305,-43.401206970214844,-43.401214599609375,-43.401222229003906,-43.40122985839844,-43.40123748779297,-43.4012451171875,-43.40125274658203,-43.40126419067383,-43.40127182006836,-43.40127944946289,-43.40128707885742,-43.40129852294922,-43.40130615234375,-43.40131378173828,-43.40132141113281,-43.40133285522461,-43.40134048461914,-43.40134811401367,-43.40135955810547,-43.4013671875,-43.4013786315918,-43.40138626098633,-43.401397705078125,-43.40140914916992,-43.40141677856445,-43.40142822265625,-43.40143966674805,-43.40144729614258,-43.401458740234375,-43.40147018432617,-43.40148162841797,-43.401493072509766,-43.40150451660156,-43.40151596069336,-43.401527404785156,-43.40153884887695,-43.40155029296875,-43.40156173706055,-43.401573181152344,-43.401588439941406,-43.4015998840332,-43.401615142822266,-43.40162658691406,-43.401641845703125,-43.40165328979492,-43.401668548583984,-43.40167999267578,-43.401695251464844,-43.401710510253906,-43.40172576904297,-43.40174102783203,-43.401756286621094,-43.401771545410156,-43.40178680419922,-43.40180206298828,-43.40182113647461,-43.40183639526367,-43.401851654052734,-43.40187072753906,-43.401885986328125,-43.40190505981445,-43.40192413330078,-43.40194320678711,-43.40195846557617,-43.4019775390625,-43.40199661254883,-43.40201950073242,-43.40203857421875,-43.40205764770508,-43.402076721191406,-43.402099609375,-43.402122497558594,-43.40214157104492,-43.402164459228516,-43.40218734741211,-43.4022102355957,-43.4022331237793,-43.40225601196289,-43.402278900146484,-43.402305603027344,-43.40232849121094,-43.4023551940918,-43.40237808227539,-43.40240478515625,-43.40243148803711,-43.40245819091797,-43.40248489379883,-43.40251159667969,-43.40254211425781,-43.40256881713867,-43.4025993347168,-43.40262985229492,-43.40265655517578,-43.402687072753906,-43.4027214050293,-43.40275192260742,-43.40278244018555,-43.40281677246094,-43.40285110473633,-43.40288162231445,-43.402915954589844,-43.4029541015625,-43.40298843383789,-43.40302276611328,-43.40306091308594,-43.403099060058594,-43.40313720703125,-43.403175354003906,-43.40321350097656,-43.403255462646484,-43.40329360961914,-43.40333557128906,-43.403377532958984,-43.403419494628906,-43.40346145629883,-43.403507232666016,-43.4035530090332,-43.40359878540039,-43.40364456176758,-43.403690338134766,-43.40373611450195,-43.403785705566406,-43.40383529663086,-43.40388488769531,-43.40393829345703,-43.403987884521484,-43.4040412902832,-43.40409469604492,-43.40414810180664,-43.404205322265625,-43.404258728027344,-43.40431594848633,-43.40437698364258,-43.40443420410156,-43.40449523925781,-43.40455627441406,-43.40461730957031,-43.40467834472656,-43.40474319458008,-43.404808044433594,-43.40487289428711,-43.40494155883789,-43.40501022338867,-43.40507888793945,-43.405147552490234,-43.40522003173828,-43.40529251098633,-43.405364990234375,-43.40544128417969,-43.405517578125,-43.40559387207031,-43.405670166015625,-43.4057502746582,-43.40583038330078,-43.405914306640625,-43.40599822998047,-43.40608215332031,-43.406166076660156,-43.406253814697266,-43.406341552734375,-43.40643310546875,-43.406524658203125,-43.4066162109375,-43.406707763671875,-43.406803131103516,-43.40690231323242,-43.40699768066406,-43.40709686279297,-43.40719985961914,-43.40730285644531,-43.407405853271484,-43.407508850097656,-43.407615661621094,-43.4077262878418,-43.407833099365234,-43.4079475402832,-43.408058166503906,-43.408172607421875,-43.40829086303711,-43.40840530395508,-43.40852737426758,-43.40864562988281,-43.40876770019531,-43.40889358520508,-43.409019470214844,-43.40914535522461,-43.40927505493164,-43.40940475463867,-43.40953826904297,-43.409671783447266,-43.40980529785156,-43.409942626953125,-43.41008377075195,-43.41022491455078,-43.41036605834961,-43.4105110168457,-43.4106559753418,-43.410804748535156,-43.410953521728516,-43.411102294921875,-43.4112548828125,-43.41141128540039,-43.41156768798828,-43.41172409057617,-43.41188430786133,-43.412044525146484,-43.412208557128906,-43.41237258911133,-43.412540435791016,-43.4127082824707,-43.41287612915039,-43.413047790527344,-43.41322326660156,-43.41339874267578,-43.41357421875,-43.41374969482422,-43.41393280029297,-43.41411209106445,-43.4142951965332,-43.41447830200195,-43.41466522216797,-43.414852142333984,-43.415042877197266,-43.41523361206055,-43.41542434692383,-43.415618896484375,-43.41581344604492,-43.41600799560547,-43.41620635986328,-43.41640853881836,-43.41660690307617,-43.41680908203125,-43.41701126098633,-43.41721725463867,-43.417423248291016,-43.41762924194336,-43.4178352355957,-43.41804504394531,-43.41825485229492,-43.41846466064453,-43.418678283691406,-43.41889190673828,-43.419105529785156,-43.41931915283203,-43.419532775878906,-43.41975021362305,-43.41996765136719,-43.42018508911133,-43.42040252685547,-43.420623779296875,-43.420841217041016,-43.42106246948242,-43.42128372192383,-43.421504974365234,-43.42172622680664,-43.42194747924805,-43.42216873168945,-43.42238998413086,-43.422611236572266,-43.42283630371094,-43.423057556152344,-43.42327880859375,-43.42350387573242,-43.42372512817383,-43.423946380615234,-43.42416763305664,-43.42438888549805,-43.42461013793945,-43.42483139038086,-43.425052642822266,-43.42527389526367,-43.42549133300781,-43.42571258544922,-43.42593002319336,-43.4261474609375,-43.42636489868164,-43.42658233642578,-43.426795959472656,-43.4270133972168,-43.42722702026367,-43.42743682861328,-43.427650451660156,-43.427860260009766,-43.428070068359375,-43.428279876708984,-43.42848587036133,-43.42869186401367,-43.428897857666016,-43.429100036621094,-43.42930221557617,-43.42950439453125,-43.42970275878906,-43.429901123046875,-43.43009567260742,-43.43029022216797,-43.430484771728516,-43.4306755065918,-43.43086624145508,-43.431053161621094,-43.43124008178711,-43.43142318725586,-43.43160629272461,-43.43178939819336,-43.431968688964844,-43.43214416503906,-43.43231964111328,-43.4324951171875,-43.43266677856445,-43.432838439941406,-43.433006286621094,-43.433170318603516,-43.43333435058594,-43.43349838256836,-43.433658599853516,-43.433815002441406,-43.4339714050293,-43.43412780761719,-43.43428039550781,-43.43442916870117,-43.43457794189453,-43.43472671508789,-43.434871673583984,-43.43501281738281,-43.43515396118164,-43.4352912902832,-43.435428619384766,-43.43556213378906,-43.43569564819336,-43.43582534790039,-43.43595504760742,-43.43608093261719,-43.43620681762695,-43.43632888793945,-43.43644714355469,-43.43656539916992,-43.436683654785156,-43.436798095703125,-43.436912536621094,-43.4370231628418,-43.4371337890625,-43.43724060058594,-43.437347412109375,-43.43745040893555,-43.43755340576172,-43.437652587890625,-43.43775177001953,-43.43784713745117,-43.43794250488281,-43.43803787231445,-43.43812942504883,-43.4382209777832,-43.43830871582031,-43.43839645385742,-43.438480377197266,-43.43856430053711,-43.43864440917969,-43.43872833251953,-43.438804626464844,-43.43888473510742,-43.438961029052734,-43.43903350830078,-43.439109802246094,-43.439178466796875,-43.43925094604492,-43.4393196105957,-43.439388275146484,-43.439453125,-43.43952178955078,-43.43958282470703,-43.43964767456055,-43.4397087097168,-43.43976974487305,-43.4398307800293,-43.43988800048828,-43.439945220947266,-43.439998626708984,-43.44005584716797,-43.44010925292969,-43.440162658691406,-43.44021224975586,-43.44026565551758,-43.44031524658203,-43.44036102294922,-43.44041061401367,-43.44045639038086,-43.44050216674805,-43.440547943115234,-43.44059371948242,-43.440635681152344,-43.440677642822266,-43.44071960449219,-43.44076156616211,-43.44080352783203,-43.44084167480469,-43.440879821777344,-43.44091796875,-43.440956115722656,-43.44099426269531,-43.4410285949707,-43.44106674194336,-43.44110107421875,-43.44113540649414,-43.44116973876953,-43.441200256347656,-43.44123458862305,-43.44126510620117,-43.4412956237793,-43.44132614135742,-43.44135665893555,-43.44138717651367,-43.4414176940918,-43.441444396972656,-43.44147491455078,-43.44150161743164,-43.441532135009766,-43.441558837890625,-43.441585540771484,-43.441612243652344,-43.44163513183594,-43.4416618347168,-43.441688537597656,-43.44171142578125,-43.44173812866211,-43.4417610168457,-43.4417839050293,-43.441810607910156,-43.44183349609375,-43.441856384277344,-43.44187927246094,-43.44190216064453,-43.441925048828125,-43.44194412231445,-43.44196701049805,-43.44198989868164,-43.44200897216797,-43.44203186035156,-43.44205093383789,-43.442073822021484,-43.44209289550781,-43.442115783691406,-43.442134857177734,-43.44215393066406,-43.44217300415039,-43.442195892333984,-43.44221496582031,-43.44223403930664,-43.44225311279297,-43.4422721862793,-43.442291259765625,-43.44231033325195,-43.44232940673828,-43.44234848022461,-43.44236755371094,-43.4423828125,-43.44240188598633,-43.442420959472656,-43.442440032958984,-43.44245910644531,-43.442474365234375,-43.4424934387207,-43.44251251220703,-43.44253158569336,-43.44254684448242,-43.44256591796875,-43.44258499145508,-43.44260025024414,-43.44261932373047,-43.4426383972168,-43.44265365600586,-43.44267272949219,-43.442691802978516,-43.44270706176758,-43.442726135253906,-43.442745208740234,-43.4427604675293,-43.442779541015625,-43.44279861450195,-43.442813873291016,-43.442832946777344,-43.44285202026367,-43.442867279052734,-43.44288635253906,-43.44290542602539,-43.44292068481445,-43.44293975830078,-43.44295883178711,-43.44297409057617,-43.4429931640625,-43.44301223754883,-43.443031311035156,-43.44304656982422,-43.44306564331055,-43.443084716796875,-43.4431037902832,-43.443119049072266,-43.443138122558594,-43.44315719604492,-43.44317626953125,-43.44319534301758,-43.443214416503906,-43.44322967529297,-43.4432487487793,-43.443267822265625,-43.44328689575195,-43.44330596923828,-43.44332504272461,-43.44334411621094,-43.443363189697266,-43.443382263183594,-43.44340133666992,-43.44342041015625,-43.44343948364258,-43.44346237182617,-43.4434814453125,-43.44350051879883,-43.443519592285156,-43.443538665771484,-43.44355773925781,-43.443580627441406,-43.443599700927734,-43.44361877441406,-43.443641662597656,-43.443660736083984,-43.44367980957031,-43.443702697753906,-43.443721771240234,-43.44374465942383,-43.443763732910156,-43.44378662109375,-43.44380569458008,-43.44382858276367,-43.44384765625,-43.443870544433594,-43.44388961791992,-43.443912506103516,-43.44393539428711,-43.44395446777344,-43.44397735595703,-43.444000244140625,-43.44402313232422,-43.44404602050781,-43.44406509399414,-43.444087982177734,-43.44411087036133,-43.44413375854492,-43.444156646728516,-43.44417953491211,-43.4442024230957,-43.4442253112793,-43.44424819946289,-43.444271087646484,-43.44429397583008,-43.44431686401367,-43.44434356689453,-43.444366455078125,-43.44438934326172,-43.44441223144531,-43.444435119628906,-43.444461822509766,-43.44448471069336,-43.44450759887695,-43.44453430175781,-43.444557189941406,-43.444583892822266,-43.44460678100586,-43.44463348388672,-43.44465637207031,-43.44468307495117,-43.444705963134766,-43.444732666015625,-43.444759368896484,-43.44478225708008,-43.44480895996094,-43.4448356628418,-43.44485855102539,-43.44488525390625,-43.44491195678711,-43.44493865966797,-43.44496536254883,-43.44498825073242,-43.44501495361328,-43.44504165649414,-43.445068359375,-43.44509506225586,-43.44512176513672,-43.44514846801758,-43.44517517089844,-43.4452018737793,-43.44523239135742,-43.44525909423828,-43.44528579711914,-43.4453125,-43.44533920288086,-43.44536590576172,-43.445396423339844,-43.4454231262207,-43.44544982910156,-43.44548034667969,-43.44550704956055,-43.445533752441406,-43.44556427001953,-43.44559097290039,-43.44561767578125,-43.445648193359375,-43.445674896240234,-43.44570541381836,-43.44573211669922,-43.445762634277344,-43.4457893371582,-43.44581985473633,-43.44585037231445,-43.44587707519531,-43.44590759277344,-43.4459342956543,-43.44596481323242,-43.44599533081055,-43.446022033691406,-43.44605255126953,-43.446083068847656,-43.44611358642578,-43.44614028930664,-43.446170806884766,-43.44620132446289,-43.446231842041016,-43.44626235961914,-43.4462890625,-43.446319580078125,-43.44635009765625,-43.446380615234375,-43.4464111328125,-43.446441650390625,-43.44647216796875,-43.446502685546875,-43.446533203125,-43.446563720703125,-43.44659423828125,-43.44662094116211,-43.446651458740234,-43.44668197631836,-43.446712493896484,-43.44674301147461,-43.446773529052734,-43.44680404663086,-43.446834564208984,-43.44686508178711,-43.4468994140625,-43.446929931640625,-43.44696044921875,-43.446990966796875,-43.447021484375,-43.447052001953125,-43.44708251953125,-43.447113037109375,-43.4471435546875,-43.447174072265625,-43.44720458984375,-43.447235107421875,-43.447265625,-43.447296142578125,-43.44732666015625,-43.447357177734375,-43.447391510009766,-43.44742202758789,-43.447452545166016,-43.44748306274414,-43.447513580322266,-43.44754409790039,-43.447574615478516,-43.44760513305664,-43.447635650634766,-43.44766616821289,-43.447696685791016,-43.44772720336914,-43.447757720947266,-43.44778823852539,-43.447818756103516,-43.44784927368164,-43.447879791259766,-43.44791030883789,-43.447940826416016,-43.44797134399414,-43.448001861572266,-43.44803237915039,-43.448062896728516,-43.44809341430664,-43.448123931884766,-43.448150634765625,-43.44818115234375,-43.448211669921875,-43.4482421875,-43.448272705078125,-43.44830322265625,-43.44832992553711,-43.448360443115234,-43.44839096069336,-43.448421478271484,-43.44845199584961,-43.44847869873047,-43.448509216308594,-43.44853973388672,-43.44856643676758,-43.4485969543457,-43.44862747192383,-43.44865417480469,-43.44868469238281,-43.44871139526367,-43.4487419128418,-43.448768615722656,-43.44879913330078,-43.44882583618164,-43.448856353759766,-43.448883056640625,-43.44891357421875,-43.44894027709961,-43.44896697998047,-43.448997497558594,-43.44902420043945,-43.44905090332031,-43.44907760620117,-43.4491081237793,-43.449134826660156,-43.449161529541016,-43.449188232421875,-43.449214935302734,-43.449241638183594,-43.44926834106445,-43.44929504394531,-43.44932174682617,-43.44934844970703,-43.44937515258789,-43.44940185546875,-43.44942855834961,-43.44945526123047,-43.44948196411133,-43.44950866699219,-43.44953155517578,-43.44955825805664,-43.4495849609375,-43.44961166381836,-43.44963455200195,-43.44966125488281,-43.449684143066406,-43.449710845947266,-43.44973373413086,-43.44976043701172,-43.44978332519531,-43.44981002807617,-43.449832916259766,-43.44985580444336,-43.44988250732422,-43.44990539550781,-43.449928283691406,-43.449951171875,-43.44997787475586,-43.45000076293945,-43.45002365112305,-43.45004653930664,-43.450069427490234,-43.45009231567383,-43.45011520385742,-43.450138092041016,-43.45016098022461,-43.4501838684082,-43.45020294189453,-43.450225830078125,-43.45024871826172,-43.45027160644531,-43.45029067993164,-43.450313568115234,-43.45033645629883,-43.450355529785156,-43.45037841796875,-43.45039749145508,-43.45042037963867,-43.450439453125,-43.45045852661133,-43.45048141479492,-43.45050048828125,-43.45051956176758,-43.45054244995117,-43.4505615234375,-43.45058059692383,-43.450599670410156,-43.450618743896484,-43.45063781738281,-43.45065689086914,-43.45067596435547,-43.4506950378418,-43.450714111328125,-43.45073318481445,-43.45075225830078,-43.45077133178711,-43.45078659057617,-43.4508056640625,-43.45082473754883,-43.450843811035156,-43.45085906982422,-43.45087814331055,-43.45089340209961,-43.45091247558594,-43.450927734375,-43.45094680786133,-43.45096206665039,-43.45098114013672,-43.45099639892578,-43.451011657714844,-43.451026916503906,-43.451045989990234,-43.4510612487793,-43.45107650756836,-43.45109176635742,-43.451107025146484,-43.45112228393555,-43.45113754272461,-43.45115280151367,-43.451168060302734,-43.4511833190918,-43.45119857788086,-43.45121383666992,-43.451229095458984,-43.45124435424805,-43.451255798339844,-43.451271057128906,-43.45128631591797,-43.451297760009766,-43.45131301879883,-43.45132827758789,-43.45133972167969,-43.45135498046875,-43.45136642456055,-43.45138168334961,-43.451393127441406,-43.4514045715332,-43.451419830322266,-43.45143127441406,-43.45144271850586,-43.45145797729492,-43.45146942138672,-43.451480865478516,-43.45149230957031,-43.451507568359375,-43.45151901245117,-43.45153045654297,-43.451541900634766,-43.45155334472656,-43.45156478881836,-43.451576232910156,-43.45158767700195,-43.45159912109375,-43.45161056518555,-43.45161819458008,-43.451629638671875,-43.45164108276367,-43.45165252685547,-43.451663970947266,-43.4516716003418,-43.451683044433594,-43.45169448852539,-43.45170211791992,-43.45171356201172,-43.451725006103516,-43.45173263549805,-43.451744079589844,-43.451751708984375,-43.45176315307617,-43.4517707824707,-43.451778411865234,-43.45178985595703,-43.45179748535156,-43.45180892944336,-43.45181655883789,-43.45182418823242,-43.45183563232422,-43.45184326171875,-43.45185089111328,-43.45185852050781,-43.451866149902344,-43.45187759399414,-43.45188522338867,-43.4518928527832,-43.451900482177734,-43.451908111572266,-43.4519157409668,-43.45192337036133,-43.45193099975586,-43.45193862915039,-43.45194625854492,-43.45195388793945,-43.451961517333984,-43.451969146728516,-43.45197677612305,-43.45198440551758,-43.451988220214844
-32.783180236816406,-32.918861389160156,-33.051361083984375,-33.180686950683594,-33.30720520019531,-33.431270599365234,-33.55309295654297,-33.67325973510742,-33.792301177978516,-33.91033935546875,-34.027374267578125,-34.14336013793945,-34.25823974609375,-34.37198257446289,-34.4847526550293,-34.596797943115234,-34.70802307128906,-34.81802749633789,-34.9266471862793,-35.0345344543457,-35.141929626464844,-35.2484016418457,-35.35377883911133,-35.458953857421875,-35.56353759765625,-35.66707229614258,-35.77083206176758,-35.87470626831055,-35.97890090942383,-36.08522415161133,-36.19343185424805,-36.30533981323242,-36.42123794555664,-36.54179763793945,-36.66780090332031,-36.799278259277344,-36.93674087524414,-37.07970428466797,-37.22788619995117,-37.38106918334961,-37.53815460205078,-37.699371337890625,-37.863494873046875,-38.0296745300293,-38.19707489013672,-38.36396408081055,-38.52909469604492,-38.6920051574707,-38.8523063659668,-39.00913619995117,-39.1620979309082,-39.31076431274414,-39.454063415527344,-39.59104919433594,-39.72087860107422,-39.84369659423828,-39.960357666015625,-40.07160949707031,-40.17781448364258,-40.27848434448242,-40.373661041259766,-40.464111328125,-40.5506591796875,-40.63381576538086,-40.71349334716797,-40.78984451293945,-40.86338806152344,-40.93452835083008,-41.00322341918945,-41.06890106201172,-41.131256103515625,-41.190513610839844,-41.24705505371094,-41.30107116699219,-41.352474212646484,-41.40106964111328,-41.44698715209961,-41.49055480957031,-41.537166595458984,-41.58640670776367,-41.63649368286133,-41.68674087524414,-41.736900329589844,-41.78643798828125,-41.834754943847656,-41.881675720214844,-41.92725372314453,-41.971405029296875,-42.013946533203125,-42.05488967895508,-42.09451675415039,-42.13312530517578,-42.17085266113281,-42.20771026611328,-42.24373245239258,-42.278987884521484,-42.31345748901367,-42.347007751464844,-42.379486083984375,-42.410797119140625,-42.440895080566406,-42.4697265625,-42.49723815917969,-42.5234260559082,-42.548370361328125,-42.572200775146484,-42.59503173828125,-42.616966247558594,-42.63813018798828,-42.65864944458008,-42.67860794067383,-42.69805145263672,-42.71699142456055,-42.735450744628906,-42.75345993041992,-42.77105712890625,-42.78825759887695,-42.80510330200195,-42.821624755859375,-42.83785629272461,-42.85382080078125,-42.86954116821289,-42.885032653808594,-42.900306701660156,-42.915382385253906,-42.93028259277344,-42.94502258300781,-42.95962142944336,-42.974082946777344,-42.988407135009766,-43.00259017944336,-43.0166130065918,-43.03047180175781,-43.044158935546875,-43.05765914916992,-43.07097625732422,-43.084102630615234,-43.09702682495117,-43.109745025634766,-43.12224578857422,-43.13451385498047,-43.14653778076172,-43.158287048339844,-43.178157806396484,-43.2009162902832,-43.22517776489258,-43.250125885009766,-43.2752799987793,-43.300411224365234,-43.32542419433594,-43.350276947021484,-43.37492370605469,-43.39933776855469,-43.42354202270508,-43.44758605957031,-43.471519470214844,-43.4953727722168,-43.51914596557617,-43.54280471801758,-43.566314697265625,-43.58964538574219,-43.61276626586914,-43.63566589355469,-43.6583251953125,-43.68073654174805,-43.70288848876953,-43.72478485107422,-43.74643325805664,-43.767845153808594,-43.789024353027344,-43.809974670410156,-43.83070373535156,-43.85120391845703,-43.8714714050293,-43.8914909362793,-43.911258697509766,-43.93075942993164,-43.94997787475586,-43.968910217285156,-43.98754119873047,-44.005855560302734,-44.02384567260742,-44.04149627685547,-44.05878448486328,-44.07570266723633,-44.09223175048828,-44.10835266113281,-44.124046325683594,-44.139305114746094,-44.15411376953125,-44.16845703125,-44.182334899902344,-44.195743560791016,-44.20867919921875,-44.22115707397461,-44.23318099975586,-44.24477005004883,-44.255950927734375,-44.266746520996094,-44.27716827392578,-44.28722381591797,-44.29691696166992,-44.30625534057617,-44.31526184082031,-44.3239631652832,-44.33237838745117,-44.34053421020508,-44.348453521728516,-44.35614776611328,-44.36363220214844,-44.37091064453125,-44.377994537353516,-44.384883880615234,-44.3915901184082,-44.39812469482422,-44.404502868652344,-44.410736083984375,-44.41685104370117,-44.422855377197266,-44.42877197265625,-44.43461227416992,-44.44039535522461,-44.44612503051758,-44.451820373535156,-44.45748519897461,-44.463138580322266,-44.46879577636719,-44.4744758605957,-44.48018264770508,-44.48589324951172,-44.491573333740234,-44.49720001220703,-44.502769470214844,-44.50830078125,-44.51380920410156,-44.51931381225586,-44.524818420410156,-44.53031921386719,-44.535797119140625,-44.541229248046875,-44.54660415649414,-44.551902770996094,-44.557132720947266,-44.56229019165039,-44.56737518310547,-44.57238006591797,-44.577308654785156,-44.58214569091797,-44.586891174316406,-44.59153366088867,-44.59606170654297,-44.60047149658203,-44.60475158691406,-44.60890197753906,-44.612918853759766,-44.61679458618164,-44.62052917480469,-44.624122619628906,-44.627567291259766,-44.63086700439453,-44.63401794433594,-44.63701629638672,-44.63986587524414,-44.64255905151367,-44.64509963989258,-44.64750289916992,-44.649776458740234,-44.65194320678711,-44.654022216796875,-44.656002044677734,-44.65785598754883,-44.65955352783203,-44.66109085083008,-44.66248321533203,-44.663761138916016,-44.664955139160156,-44.666080474853516,-44.667137145996094,-44.66811752319336,-44.669002532958984,-44.66979217529297,-44.67049026489258,-44.671119689941406,-44.671688079833984,-44.672210693359375,-44.67269515991211,-44.67314147949219,-44.67353820800781,-44.67388916015625,-44.674198150634766,-44.67446517944336,-44.67470169067383,-44.67490768432617,-44.67509460449219,-44.67526626586914,-44.675418853759766,-44.67555618286133,-44.67567825317383,-44.675785064697266,-44.675880432128906,-44.675960540771484,-44.676029205322266,-44.676090240478516,-44.67613983154297,-44.676185607910156,-44.67622375488281,-44.6762580871582,-44.67628860473633,-44.67631530761719,-44.67633819580078,-44.676353454589844,-44.676368713378906,-44.67638397216797,-44.6763916015625,-44.676395416259766,-44.676395416259766,-44.676395416259766,-44.676387786865234,-44.67637634277344
-33.08611297607422,-33.20096206665039,-33.31312561035156,-33.42093276977539,-33.52425003051758,-33.6243782043457,-33.72370147705078,-33.824466705322266,-33.92763137817383,-34.033023834228516,-34.13982009887695,-34.24686050415039,-34.35312271118164,-34.45872497558594,-34.56563949584961,-34.676265716552734,-34.791526794433594,-34.91096496582031,-35.03336715698242,-35.15724563598633,-35.281455993652344,-35.40610885620117,-35.53285598754883,-35.66311264038086,-35.79625701904297,-35.930572509765625,-36.0659294128418,-36.20474624633789,-36.349143981933594,-36.498695373535156,-36.651241302490234,-36.80495834350586,-36.96018981933594,-37.117862701416016,-37.276554107666016,-37.43458557128906,-37.59345626831055,-37.755760192871094,-37.92171859741211,-38.09089660644531,-38.26520919799805,-38.445838928222656,-38.630226135253906,-38.8165168762207,-39.003562927246094,-39.18691635131836,-39.36317443847656,-39.53208923339844,-39.69130325317383,-39.840999603271484,-39.98326110839844,-40.1180419921875,-40.248374938964844,-40.375396728515625,-40.49980926513672,-40.62306594848633,-40.744049072265625,-40.863704681396484,-40.98036575317383,-41.09387969970703,-41.20252990722656,-41.305694580078125,-41.40223693847656,-41.49173355102539,-41.573673248291016,-41.64830780029297,-41.71590805053711,-41.77732849121094,-41.83294677734375,-41.88375473022461,-41.93008804321289,-41.97293472290039,-42.01249313354492,-42.04964065551758,-42.088523864746094,-42.12952423095703,-42.17158508300781,-42.21424865722656,-42.2569580078125,-42.299476623535156,-42.341392517089844,-42.382545471191406,-42.422760009765625,-42.462039947509766,-42.500335693359375,-42.53769302368164,-42.57414245605469,-42.60972595214844,-42.64445114135742,-42.67829132080078,-42.71124267578125,-42.74322509765625,-42.7741813659668,-42.80398941040039,-42.83259963989258,-42.85990905761719,-42.885887145996094,-42.910518646240234,-42.93383026123047,-42.95587921142578,-42.97673034667969,-42.99648666381836,-43.01524353027344,-43.03311538696289,-43.05021286010742,-43.066650390625,-43.082542419433594,-43.09797286987305,-43.1130256652832,-43.12775802612305,-43.1422233581543,-43.15644836425781,-43.17045974731445,-43.18428039550781,-43.197914123535156,-43.21137619018555,-43.224666595458984,-43.23778533935547,-43.250728607177734,-43.26348876953125,-43.27606201171875,-43.28843307495117,-43.30059814453125,-43.31254577636719,-43.32427215576172,-43.33577346801758,-43.347042083740234,-43.367347717285156,-43.39080810546875,-43.41602325439453,-43.44224166870117,-43.46903610229492,-43.496158599853516,-43.52348327636719,-43.550941467285156,-43.578521728515625,-43.60624694824219,-43.63414001464844,-43.66225051879883,-43.690608978271484,-43.719234466552734,-43.748130798339844,-43.77727508544922,-43.80663299560547,-43.836151123046875,-43.86576843261719,-43.89543151855469,-43.92507553100586,-43.954647064208984,-43.984092712402344,-44.01336669921875,-44.042423248291016,-44.07121276855469,-44.09968566894531,-44.12778854370117,-44.15546417236328,-44.18265914916992,-44.20930862426758,-44.235355377197266,-44.260746002197266,-44.28542709350586,-44.309356689453125,-44.33249282836914,-44.35479736328125,-44.376251220703125,-44.39682388305664,-44.416500091552734,-44.43526840209961,-44.4531135559082,-44.470035552978516,-44.486026763916016,-44.5010986328125,-44.515262603759766,-44.52853012084961,-44.540931701660156,-44.552494049072266,-44.56325149536133,-44.5732421875,-44.58251190185547,-44.59109878540039,-44.59904861450195,-44.60640335083008,-44.61320495605469,-44.61949920654297,-44.62532043457031,-44.63071060180664,-44.635704040527344,-44.64033126831055,-44.644630432128906,-44.64862823486328,-44.6523551940918,-44.65583419799805,-44.659088134765625,-44.66214370727539,-44.665016174316406,-44.66773223876953,-44.6702995300293,-44.67274475097656,-44.67507553100586,-44.677310943603516,-44.67946243286133,-44.681549072265625,-44.68357467651367,-44.6855583190918,-44.68750762939453,-44.68943405151367,-44.69135665893555,-44.69327926635742,-44.695213317871094,-44.69717788696289,-44.699180603027344,-44.701236724853516,-44.70336151123047,-44.705562591552734,-44.70786666870117,-44.71027755737305,-44.71282196044922,-44.71551513671875,-44.71837615966797,-44.7214241027832,-44.72468566894531,-44.72818374633789,-44.731937408447266,-44.73598098754883,-44.74033737182617,-44.745033264160156,-44.75010299682617,-44.75556564331055,-44.761451721191406,-44.767784118652344,-44.77458953857422,-44.78187942504883,-44.789669036865234,-44.7979621887207,-44.80675506591797,-44.8160400390625,-44.8257942199707,-44.835975646972656,-44.84651565551758,-44.85728454589844,-44.86806106567383,-44.87874984741211,-44.8902587890625,-44.903526306152344,-44.916259765625,-44.92730712890625,-44.9393424987793,-44.95219421386719,-44.96339416503906,-44.97458267211914,-44.98648452758789,-44.99699020385742,-45.007205963134766,-45.01778030395508,-45.02711868286133,-45.03618621826172,-45.045310974121094,-45.053367614746094,-45.061241149902344,-45.068973541259766,-45.07583999633789,-45.08259963989258,-45.089111328125,-45.09495544433594,-45.100738525390625,-45.10622024536133,-45.1111946105957,-45.11609649658203,-45.120670318603516,-45.124839782714844,-45.128902435302734,-45.13262939453125,-45.13601303100586,-45.139251708984375,-45.14216232299805,-45.144775390625,-45.14722442626953,-45.14937973022461,-45.151275634765625,-45.15302276611328,-45.15452575683594,-45.155826568603516,-45.15700912475586,-45.15800476074219,-45.15885543823242,-45.15962219238281,-45.1602668762207,-45.16081237792969,-45.16130447387695,-45.161720275878906,-45.16207504272461,-45.16239929199219,-45.16267776489258,-45.16291427612305,-45.16313171386719,-45.163326263427734,-45.163490295410156,-45.16364288330078,-45.16377639770508,-45.16389083862305,-45.163997650146484,-45.16409683227539,-45.164180755615234,-45.16425323486328,-45.16432571411133,-45.16438674926758,-45.16444396972656,-45.16449737548828,-45.16455078125,-45.16459655761719,-45.164642333984375,-45.1646842956543,-45.16472625732422,-45.16476821899414,-45.16481018066406,-45.16484832763672,-45.164886474609375,-45.16492462158203,-45.16496276855469,-45.16499710083008,-45.16503143310547,-45.16506576538086,-45.16510009765625,-45.165130615234375,-45.165164947509766,-45.16519546508789,-45.165225982666016,-45.165252685546875,-45.165283203125,-45.16530990600586,-45.16533660888672,-45.165367126464844,-45.16539001464844,-45.1654167175293,-45.165443420410156,-45.165470123291016,-45.16549301147461,-45.1655158996582,-45.16554260253906,-45.165565490722656,-45.16558837890625,-45.165611267089844,-45.16563415527344,-45.16565704345703,-45.165679931640625,-45.16570281982422,-45.16572570800781,-45.16574478149414,-45.165767669677734,-45.16578674316406,-45.165809631347656,-45.165828704833984,-45.16584777832031,-45.165870666503906,-45.165889739990234,-45.16590881347656,-45.16592788696289,-45.16594696044922,-45.16596603393555,-45.165985107421875,-45.1660041809082,-45.16602325439453,-45.16604232788086,-45.16605758666992,-45.16607666015625,-45.16609573364258,-45.16611099243164,-45.16613006591797,-45.16614532470703,-45.16616439819336,-45.16617965698242,-45.166194915771484,-45.16621398925781,-45.166229248046875,-45.16624450683594,-45.166259765625,-45.16627502441406,-45.166290283203125,-45.16630554199219,-45.16632080078125,-45.16633605957031,-45.166351318359375,-45.16636657714844,-45.1663818359375,-45.1663932800293,-45.16640853881836,-45.16642379760742,-45.16643524169922,-45.16645050048828,-45.16646194458008,-45.16647720336914,-45.16648864746094,-45.16650390625,-45.1665153503418,-45.16653060913086,-45.166542053222656,-45.16655349731445,-45.16656494140625,-45.16658020019531,-45.16659164428711,-45.166603088378906,-45.1666145324707,-45.1666259765625,-45.1666374206543,-45.166648864746094,-45.16666030883789,-45.16667175292969,-45.166683197021484,-45.16669464111328,-45.16670608520508,-45.166717529296875,-45.166725158691406,-45.1667366027832,-45.166748046875,-45.1667594909668,-45.16676712036133,-45.166778564453125,-45.166786193847656,-45.16679763793945,-45.16680908203125,-45.16681671142578,-45.16682815551758,-45.16683578491211,-45.16684341430664,-45.16685485839844,-45.16686248779297,-45.166873931884766,-45.1668815612793,-45.16688919067383,-45.16689682006836,-45.166908264160156,-45.16691589355469,-45.16692352294922,-45.16693115234375,-45.16693878173828,-45.16695022583008,-45.16695785522461,-45.16696548461914,-45.16697311401367,-45.1669807434082,-45.166988372802734,-45.166996002197266,-45.1670036315918,-45.16701126098633,-45.16701889038086,-45.167022705078125
-32.87834930419922,-33.0614013671875,-33.249019622802734,-33.44218063354492,-33.64097595214844,-33.844703674316406,-34.052452087402344,-34.26316833496094,-34.47590637207031,-34.689815521240234,-34.90408706665039,-35.1180305480957,-35.330928802490234,-35.54185485839844,-35.749568939208984,-35.95258331298828,-36.14936828613281,-36.33845901489258,-36.51861572265625,-36.68891525268555,-36.84884262084961,-36.998348236083984,-37.1378173828125,-37.267982482910156,-37.389739990234375,-37.50405502319336,-37.61186599731445,-37.7140998840332,-37.81162643432617,-37.905303955078125,-37.995994567871094,-38.08456039428711,-38.171775817871094,-38.258155822753906,-38.343849182128906,-38.428611755371094,-38.51192092895508,-38.593231201171875,-38.67228698730469,-38.7493896484375,-38.825279235839844,-38.90047836303711,-38.97471618652344,-39.04708480834961,-39.116947174072266,-39.184654235839844,-39.25104522705078,-39.31608963012695,-39.378662109375,-39.43793487548828,-39.49458312988281,-39.54956817626953,-39.60413360595703,-39.65938186645508,-39.714054107666016,-39.76814270019531,-39.82145690917969,-39.873268127441406,-39.92325210571289,-39.97178649902344,-40.019039154052734,-40.0646858215332,-40.1087532043457,-40.15181350708008,-40.19413757324219,-40.23561096191406,-40.27648162841797,-40.317264556884766,-40.35808563232422,-40.39896011352539,-40.44029998779297,-40.482421875,-40.52525329589844,-40.568946838378906,-40.61377716064453,-40.65963363647461,-40.706451416015625,-40.75436782836914,-40.803165435791016,-40.852725982666016,-40.90311050415039,-40.95404052734375,-41.00543975830078,-41.05724334716797,-41.1092414855957,-41.16154098510742,-41.21405792236328,-41.266937255859375,-41.32035827636719,-41.37453842163086,-41.42979049682617,-41.48625564575195,-41.544151306152344,-41.60346603393555,-41.6641960144043,-41.72609329223633,-41.788883209228516,-41.85221481323242,-41.91560363769531,-41.978641510009766,-42.04081726074219,-42.10167694091797,-42.160804748535156,-42.2177848815918,-42.27233123779297,-42.32427215576172,-42.373531341552734,-42.4201545715332,-42.464324951171875,-42.50633239746094,-42.54650115966797,-42.585201263427734,-42.622779846191406,-42.65953063964844,-42.695648193359375,-42.731239318847656,-42.76632308959961,-42.8008918762207,-42.83489990234375,-42.868309020996094,-42.901084899902344,-42.933197021484375,-42.96461868286133,-42.99533462524414,-43.025333404541016,-43.05461883544922,-43.08318328857422,-43.11102294921875,-43.13813400268555,-43.16450881958008,-43.19013977050781,-43.21501541137695,-43.23917007446289,-43.26272201538086,-43.28573989868164,-43.308074951171875,-43.32948684692383,-43.34999084472656,-43.36983108520508,-43.389163970947266,-43.40791702270508,-43.425941467285156,-43.4478874206543,-43.47164535522461,-43.4963493347168,-43.521392822265625,-43.54658126831055,-43.57179641723633,-43.59680938720703,-43.62148666381836,-43.64583969116211,-43.66984939575195,-43.69344711303711,-43.716609954833984,-43.73939514160156,-43.761844635009766,-43.7839469909668,-43.80573654174805,-43.82728576660156,-43.84865951538086,-43.86989212036133,-43.89100646972656,-43.91206741333008,-43.93312454223633,-43.954193115234375,-43.975276947021484,-43.99637985229492,-44.01750946044922,-44.03865432739258,-44.05978775024414,-44.080875396728516,-44.10188293457031,-44.122779846191406,-44.14352798461914,-44.16408920288086,-44.18442916870117,-44.20450973510742,-44.22428512573242,-44.24373245239258,-44.26280975341797,-44.281497955322266,-44.29976272583008,-44.31758499145508,-44.33494186401367,-44.351810455322266,-44.36817932128906,-44.38402557373047,-44.39934158325195,-44.41411209106445,-44.42831802368164,-44.44195556640625,-44.455013275146484,-44.4675407409668,-44.479652404785156,-44.49142837524414,-44.50274658203125,-44.513404846191406,-44.52339172363281,-44.532901763916016,-44.5421142578125,-44.55100631713867,-44.55941390991211,-44.5672721862793,-44.57471466064453,-44.581878662109375,-44.58877182006836,-44.59528350830078,-44.60137939453125,-44.60713577270508,-44.612648010253906,-44.61792755126953,-44.622920989990234,-44.627601623535156,-44.63200378417969,-44.63618850708008,-44.64018249511719,-44.64397048950195,-44.64753341674805,-44.65087127685547,-44.65401840209961,-44.657005310058594,-44.65983963012695,-44.66251754760742,-44.665035247802734,-44.667396545410156,-44.669612884521484,-44.67170715332031,-44.673683166503906,-44.6755485534668,-44.677310943603516,-44.67896270751953,-44.680511474609375,-44.68196487426758,-44.683326721191406,-44.68461227416992,-44.68581771850586,-44.68695831298828,-44.68803024291992,-44.68904113769531,-44.68999099731445,-44.690887451171875,-44.69172668457031,-44.69252014160156,-44.69326400756836,-44.693965911865234,-44.69462585449219,-44.695247650146484,-44.69583511352539,-44.696388244628906,-44.6969108581543,-44.69740295410156,-44.6978645324707,-44.698299407958984,-44.69870376586914,-44.69907760620117,-44.69940948486328,-44.69969177246094,-44.69990921020508,-44.700050354003906,-44.700172424316406,-44.70042419433594,-44.700927734375,-44.70151138305664,-44.70185852050781,-44.70191955566406,-44.70197677612305,-44.7022590637207,-44.70266342163086,-44.70290756225586,-44.702964782714844,-44.70305633544922,-44.703311920166016,-44.70357894897461,-44.703704833984375,-44.703758239746094,-44.703895568847656,-44.704105377197266,-44.70425796508789,-44.70432662963867,-44.704402923583984,-44.70454406738281,-44.704689025878906,-44.70478057861328,-44.704833984375,-44.70492172241211,-44.70503616333008,-44.70513153076172,-44.70519256591797,-44.70524978637695,-44.705326080322266,-44.705413818359375,-44.705482482910156,-44.705528259277344,-44.7055778503418,-44.70564270019531,-44.70570755004883,-44.70576095581055,-44.7057991027832,-44.705841064453125,-44.70589065551758,-44.7059440612793,-44.70598602294922,-44.70602035522461,-44.7060546875,-44.706092834472656,-44.70613098144531,-44.70616912841797,-44.706199645996094,-44.70623016357422,-44.706260681152344,-44.70629119873047,-44.706321716308594,-44.70634841918945,-44.70637512207031,-44.706398010253906,-44.7064208984375,-44.70644760131836,-44.70647048950195,-44.70649337768555,-44.70651626586914,-44.70653533935547,-44.7065544128418,-44.706573486328125,-44.70659255981445,-44.70661163330078,-44.70663070678711,-44.70664978027344,-44.7066650390625,-44.70668029785156,-44.706695556640625,-44.70671463012695,-44.706729888916016,-44.70674514770508,-44.70676040649414,-44.70677185058594,-44.706787109375,-44.70680236816406,-44.70681381225586,-44.70682907104492,-44.70684051513672,-44.706851959228516,-44.70686721801758,-44.706878662109375,-44.70689010620117,-44.70690155029297,-44.706912994384766,-44.70692443847656,-44.70693588256836,-44.706947326660156,-44.70695877075195,-44.706966400146484,-44.70697784423828,-44.70698928833008,-44.707000732421875,-44.707008361816406,-44.7070198059082,-44.707027435302734,-44.70703887939453,-44.70704650878906,-44.70705795288086,-44.70706558227539,-44.70707321166992,-44.70708465576172,-44.707088470458984,-44.707096099853516,-44.70709991455078,-44.70709991455078
-33.20686340332031,-33.34575653076172,-33.48206329345703,-33.61455154418945,-33.74220657348633,-33.86447525024414,-33.98158264160156,-34.09452819824219,-34.204341888427734,-34.311729431152344,-34.417137145996094,-34.52091979980469,-34.62346267700195,-34.72517776489258,-34.82640075683594,-34.927371978759766,-35.028236389160156,-35.12904739379883,-35.22978973388672,-35.330421447753906,-35.4308967590332,-35.53114700317383,-35.63108825683594,-35.73062515258789,-35.8297004699707,-35.9283332824707,-36.02663803100586,-36.124820709228516,-36.22312545776367,-36.32183837890625,-36.42123794555664,-36.52157211303711,-36.62297439575195,-36.7253532409668,-36.828311920166016,-36.931182861328125,-37.03316116333008,-37.133487701416016,-37.231685638427734,-37.32780075073242,-37.42256546020508,-37.517059326171875,-37.612117767333984,-37.70798873901367,-37.804386138916016,-37.90074157714844,-37.996360778808594,-38.090538024902344,-38.18268966674805,-38.272560119628906,-38.36018753051758,-38.44572067260742,-38.52919006347656,-38.61036682128906,-38.68883514404297,-38.76421356201172,-38.836368560791016,-38.90544509887695,-38.97175979614258,-39.035640716552734,-39.09719467163086,-39.156272888183594,-39.2126350402832,-39.26609802246094,-39.316707611083984,-39.36479187011719,-39.410789489746094,-39.45508575439453,-39.49787902832031,-39.539154052734375,-39.578826904296875,-39.6168327331543,-39.65324401855469,-39.70347595214844,-39.75962448120117,-39.819122314453125,-39.88050842285156,-39.94279479980469,-40.0052604675293,-40.06740188598633,-40.12885665893555,-40.18937301635742,-40.248741149902344,-40.30677032470703,-40.3632698059082,-40.418052673339844,-40.47095489501953,-40.5218620300293,-40.570716857910156,-40.617523193359375,-40.662315368652344,-40.70513153076172,-40.74601364135742,-40.78499221801758,-40.822113037109375,-40.85744094848633,-40.89106369018555,-40.92308044433594,-40.953590393066406,-40.98268508911133,-41.01043701171875,-41.03692626953125,-41.062225341796875,-41.08641815185547,-41.10959243774414,-41.1318244934082,-41.15319061279297,-41.17374038696289,-41.19353485107422,-41.21262741088867,-41.23106384277344,-41.24890899658203,-41.266204833984375,-41.28300476074219,-41.30878829956055,-41.33793640136719,-41.36907958984375,-41.4014778137207,-41.43465805053711,-41.46826934814453,-41.5020751953125,-41.535888671875,-41.56956481933594,-41.60298538208008,-41.63603973388672,-41.668643951416016,-41.70072937011719,-41.73223114013672,-41.763099670410156,-41.79330062866211,-41.82279968261719,-41.851585388183594,-41.8796501159668,-41.906982421875,-41.93357849121094,-41.95942306518555,-41.98451232910156,-42.008827209472656,-42.03236389160156,-42.05510711669922,-42.07704162597656,-42.09816360473633,-42.11846923828125,-42.1379508972168,-42.1566162109375,-42.174468994140625,-42.1915168762207,-42.207763671875,-42.22322082519531,-42.23789978027344,-42.251808166503906,-42.26496505737305,-42.27738571166992,-42.289085388183594,-42.30009078979492,-42.310420989990234,-42.320106506347656,-42.32917022705078,-42.337646484375,-42.345558166503906,-42.35293960571289,-42.35981369018555,-42.36621856689453,-42.37217712402344,-42.37771987915039,-42.382877349853516,-42.38767623901367,-42.39214324951172,-42.39630126953125,-42.400177001953125,-42.40378952026367,-42.40716552734375,-42.41031265258789,-42.41325759887695,-42.416011810302734,-42.4185905456543,-42.4210090637207,-42.42327117919922,-42.42539596557617,-42.427391052246094,-42.429264068603516,-42.431026458740234,-42.432682037353516,-42.434242248535156,-42.43571090698242,-42.43709182739258,-42.43839645385742,-42.43962860107422,-42.4407958984375,-42.44189453125,-42.44293975830078,-42.44392776489258,-42.44486618041992,-42.44575881958008,-42.44660949707031,-42.44742202758789,-42.44819641113281,-42.44894027709961,-42.44965362548828,-42.45034408569336,-42.45100402832031,-42.45164489746094,-42.45226287841797,-42.45286178588867,-42.45344161987305,-42.454010009765625,-42.454559326171875,-42.45509719848633,-42.455623626708984,-42.456138610839844,-42.45663833618164,-42.457130432128906,-42.45761489868164,-42.45808792114258,-42.458553314208984,-42.459007263183594,-42.45945739746094,-42.459896087646484,-42.460330963134766,-42.460758209228516,-42.461177825927734,-42.46158981323242,-42.46199417114258,-42.46239471435547,-42.46278762817383,-42.46317672729492,-42.463558197021484,-42.463932037353516,-42.46430206298828,-42.46466827392578,-42.46502685546875,-42.46538162231445,-42.46573257446289,-42.4660758972168,-42.46641540527344,-42.46675109863281,-42.467079162597656,-42.4674072265625,-42.46772766113281,-42.46804428100586,-42.46835708618164,-42.468666076660156,-42.468971252441406,-42.46927261352539,-42.46957015991211,-42.46986389160156,-42.47015380859375,-42.47043991088867,-42.47072219848633,-42.47100067138672,-42.47127914428711,-42.47154998779297,-42.47182083129883,-42.47208786010742,-42.47235107421875,-42.47261047363281,-42.47286605834961,-42.473121643066406,-42.47337341308594,-42.4736213684082,-42.47386932373047,-42.47411346435547,-42.4743537902832,-42.47459411621094,-42.474830627441406,-42.47506332397461,-42.47529602050781,-42.47552490234375,-42.47575378417969,-42.47597885131836,-42.476200103759766,-42.47642135620117,-42.47663879394531,-42.47685623168945,-42.477073669433594,-42.47728729248047,-42.47749710083008,-42.47770690917969,-42.4779167175293,-42.47812271118164,-42.47832489013672,-42.47853088378906,-42.47873306274414,-42.47893142700195,-42.479129791259766,-42.47932815551758,-42.479522705078125,-42.47971725463867,-42.47991180419922,-42.4801025390625,-42.48029708862305,-42.48048400878906,-42.480674743652344,-42.48086166381836,-42.481048583984375,-42.481231689453125,-42.48141860961914,-42.48160171508789,-42.48178482055664,-42.481964111328125,-42.482147216796875,-42.48232650756836,-42.482505798339844,-42.48268508911133,-42.48286056518555,-42.483036041259766,-42.483211517333984,-42.4833869934082,-42.48356246948242,-42.48373794555664,-42.483909606933594,-42.48408126831055,-42.4842529296875,-42.48442459106445,-42.484596252441406,-42.484764099121094,-42.48493576049805,-42.485103607177734,-42.48527145385742,-42.48543930053711,-42.4856071472168,-42.485774993896484,-42.485939025878906,-42.486106872558594,-42.486270904541016,-42.4864387512207,-42.486602783203125,-42.48676681518555,-42.48693084716797,-42.487091064453125,-42.48725509643555,-42.48741912841797,-42.487579345703125,-42.48774337768555,-42.4879035949707,-42.48806381225586,-42.488224029541016,-42.48838424682617,-42.48854446411133,-42.488704681396484,-42.48886489868164,-42.48902130126953,-42.48918151855469,-42.48933792114258,-42.489498138427734,-42.489654541015625,-42.489810943603516,-42.489967346191406,-42.4901237487793,-42.49028015136719,-42.49043655395508,-42.49059295654297,-42.49074935913086,-42.490901947021484,-42.491058349609375,-42.4912109375,-42.49136734008789,-42.491519927978516,-42.49167251586914,-42.491825103759766,-42.49197769165039,-42.492130279541016,-42.49228286743164,-42.492435455322266,-42.49258804321289,-42.49273681640625,-42.492889404296875,-42.493038177490234,-42.49319076538086,-42.49333953857422,-42.49348831176758,-42.49363708496094,-42.4937858581543,-42.493934631347656,-42.494083404541016,-42.49422836303711,-42.4943733215332,-42.49451446533203,-42.494651794433594,-42.49479675292969,-42.49494934082031,-42.49510955810547,-42.49525833129883,-42.49539566040039,-42.49553680419922,-42.495689392089844,-42.4958381652832,-42.49597930908203,-42.49612045288086,-42.49626922607422,-42.49641418457031,-42.496551513671875,-42.4966926574707,-42.49684143066406,-42.49698257446289,-42.49711990356445,-42.49726104736328,-42.497406005859375,-42.49754333496094,-42.4976806640625,-42.49782180786133,-42.497962951660156,-42.49810028076172,-42.49823760986328,-42.49837875366211,-42.49851608276367,-42.498653411865234,-42.4987907409668,-42.49892807006836,-42.499061584472656,-42.49919891357422,-42.499332427978516,-42.49946975708008,-42.499603271484375,-42.49973678588867,-42.49987030029297,-42.500003814697266,-42.50013732910156,-42.500267028808594,-42.50040054321289,-42.50053024291992,-42.50066375732422,-42.50079345703125,-42.50092315673828,-42.50105285644531,-42.501182556152344,-42.501312255859375,-42.50143814086914,-42.50156784057617,-42.5016975402832,-42.50182342529297,-42.501949310302734,-42.5020751953125,-42.502201080322266,-42.50232696533203,-42.5024528503418,-42.5025749206543,-42.50270080566406,-42.50282287597656,-42.50294494628906,-42.50307083129883,-42.50319290161133,-42.50331497192383,-42.50343322753906,-42.50355529785156,-42.5036735534668,-42.5037956237793,-42.50391387939453,-42.504032135009766,-42.504150390625,-42.504268646240234,-42.50438690185547,-42.50450134277344,-42.50461959838867,-42.50473403930664,-42.50484848022461,-42.504966735839844,-42.50507736206055,-42.505191802978516,-42.505306243896484,-42.50542068481445,-42.505531311035156,-42.50564193725586,-42.50575256347656,-42.505863189697266,-42.50597381591797,-42.50608444213867,-42.506195068359375,-42.50630187988281,-42.50640869140625,-42.50651931762695,-42.50662612915039,-42.50673294067383,-42.5068359375,-42.50694274902344,-42.50704574584961,-42.50715255737305,-42.50725555419922,-42.50735855102539,-42.50746154785156,-42.507564544677734,-42.50766372680664,-42.50776672363281,-42.50786590576172,-42.50796890258789,-42.5080680847168,-42.5081672668457,-42.508262634277344,-42.50836181640625,-42.50845718383789,-42.5085563659668,-42.50865173339844,-42.50874710083008,-42.50884246826172,-42.50893783569336,-42.509029388427734,-42.509124755859375,-42.50921630859375,-42.509307861328125,-42.509403228759766,-42.509490966796875,-42.50958251953125,-42.509674072265625,-42.509761810302734,-42.50985336303711,-42.50994110107422,-42.51002883911133,-42.51011657714844,-42.51020050048828,-42.51028823852539,-42.5103759765625,-42.510459899902344,-42.51054382324219,-42.51062774658203,-42.510711669921875,-42.51079559326172,-42.5108757019043,-42.51095962524414,-42.51103973388672,-42.5111198425293,-42.511199951171875,-42.51128005981445,-42.51136016845703,-42.511436462402344,-42.51151657104492,-42.511592864990234,-42.51166915893555,-42.51174545288086,-42.51182174682617,-42.511898040771484,-42.51197052001953,-42.512046813964844,-42.51211929321289,-42.51219177246094,-42.512264251708984,-42.51233673095703,-42.51240921020508,-42.51247787475586,-42.512550354003906,-42.51261901855469,-42.51268768310547,-42.51275634765625,-42.51282501220703,-42.51289367675781,-42.512962341308594,-42.51302719116211,-42.51309585571289,-42.513160705566406,-42.51322555541992,-42.51329040527344,-42.51335525512695,-42.5134162902832,-42.51348114013672,-42.51354217529297,-42.513607025146484,-42.513668060302734,-42.513729095458984,-42.513790130615234,-42.51384735107422,-42.51390838623047,-42.51396942138672,-42.5140266418457,-42.51408386230469,-42.51414108276367,-42.514198303222656,-42.51425552368164,-42.514312744140625,-42.514366149902344,-42.51442337036133,-42.51447677612305,-42.514530181884766,-42.514583587646484,-42.51463317871094,-42.514678955078125,-42.51472473144531,-42.514774322509766,-42.514827728271484,-42.514888763427734,-42.514949798583984,-42.51499938964844,-42.51504135131836,-42.51508712768555,-42.515140533447266,-42.51519775390625,-42.51524353027344,-42.51528549194336,-42.51533126831055,-42.515384674072266,-42.51543045043945,-42.51547622680664,-42.51551818847656,-42.51556396484375,-42.5156135559082,-42.515655517578125,-42.51569747924805,-42.515743255615234,-42.515785217285156,-42.515830993652344,-42.515869140625,-42.51591110229492,-42.515953063964844,-42.515995025634766,-42.51603698730469,-42.516075134277344,-42.51611328125,-42.51615524291992,-42.51619338989258,-42.516231536865234,-42.51626968383789,-42.51630783081055,-42.5163459777832,-42.51638412475586,-42.51641845703125,-42.516456604003906,-42.5164909362793,-42.51652908325195,-42.516563415527344,-42.516597747802734,-42.516632080078125,-42.516666412353516,-42.516700744628906,-42.5167350769043,-42.51676940917969,-42.51679992675781,-42.5168342590332,-42.51686477661133,-42.51689910888672,-42.516929626464844,-42.51696014404297,-42.516990661621094,-42.51702117919922,-42.517051696777344,-42.51708221435547,-42.517112731933594,-42.51714324951172,-42.51716995239258,-42.5172004699707,-42.51722717285156,-42.51725769042969,-42.51728439331055,-42.517311096191406,-42.517337799072266,-42.51736831665039,-42.51739501953125,-42.51742172241211,-42.5174446105957,-42.51747131347656,-42.51749801635742,-42.51752471923828,-42.517547607421875,-42.517574310302734,-42.51759719848633,-42.51762390136719,-42.51764678955078,-42.517669677734375,-42.51769256591797,-42.51771545410156,-42.517738342285156,-42.51776123046875,-42.517784118652344,-42.51780700683594,-42.51782989501953,-42.517852783203125,-42.51787185668945,-42.51789474487305,-42.51791763305664,-42.51793670654297,-42.5179557800293,-42.51797866821289,-42.51799774169922,-42.51801681518555,-42.51803970336914,-42.51805877685547,-42.5180778503418,-42.518096923828125,-42.51811599731445,-42.51813507080078,-42.51815414428711,-42.51816940307617,-42.5181884765625,-42.51820755004883,-42.518226623535156,-42.51824188232422,-42.51826095581055,-42.51827621459961,-42.51829528808594,-42.518310546875,-42.51832580566406,-42.51834487915039,-42.51836013793945,-42.518375396728516,-42.51839065551758,-42.518409729003906,-42.51842498779297,-42.51844024658203,-42.518455505371094,-42.518470764160156,-42.51848220825195,-42.518497467041016,-42.51851272583008,-42.51852798461914,-42.5185432434082,-42.5185546875,-42.51856994628906,-42.518585205078125,-42.51859664916992,-42.518611907958984,-42.51862335205078,-42.518638610839844,-42.51865005493164,-42.5186653137207,-42.5186767578125,-42.5186882019043,-42.518699645996094,-42.518714904785156,-42.51872634887695,-42.51873779296875,-42.51874923706055,-42.518760681152344,-42.51877212524414,-42.51878356933594,-42.518795013427734,-42.51880645751953,-42.51881790161133,-42.518829345703125,-42.51884078979492,-42.51885223388672,-42.518863677978516,-42.51887512207031,-42.518882751464844,-42.51889419555664,-42.51890563964844,-42.51891326904297,-42.518924713134766,-42.51893615722656,-42.518943786621094,-42.51895523071289,-42.51896286010742,-42.51897430419922,-42.51898193359375,-42.51899337768555,-42.51900100708008,-42.519012451171875,-42.519020080566406,-42.51902770996094,-42.519039154052734,-42.519046783447266,-42.5190544128418,-42.51906204223633,-42.519073486328125,-42.519081115722656,-42.51908874511719,-42.51909637451172,-42.51910400390625,-42.51911163330078,-42.51911926269531,-42.51913070678711,-42.51913833618164,-42.51914596557617,-42.5191535949707,-42.519161224365234,-42.519168853759766,-42.5191764831543,-42.51918029785156,-42.519187927246094,-42.519195556640625
-31.98278045654297,-32.19795227050781,-32.400390625,-32.58995056152344,-32.76968002319336,-32.94339370727539,-33.112003326416016,-33.27528381347656,-33.434017181396484,-33.590675354003906,-33.74967575073242,-33.916778564453125,-34.09722900390625,-34.29360580444336,-34.50478744506836,-34.726131439208984,-34.9506950378418,-35.17192840576172,-35.38812255859375,-35.606021881103516,-35.83700942993164,-36.087406158447266,-36.3537712097168,-36.625389099121094,-36.89055252075195,-37.145118713378906,-37.396827697753906,-37.654972076416016,-37.91688919067383,-38.169639587402344,-38.402198791503906,-38.61653518676758,-38.823734283447266,-39.02749252319336,-39.22034454345703,-39.39554214477539,-39.55778884887695,-39.71791458129883,-39.87763214111328,-40.02891540527344,-40.1672248840332,-40.298492431640625,-40.42926025390625,-40.556636810302734,-40.67455291748047,-40.784385681152344,-40.89204025268555,-40.997554779052734,-41.09640121459961,-41.18857192993164,-41.27851486206055,-41.36652374267578,-41.44853973388672,-41.523929595947266,-41.59584426879883,-41.664310455322266,-41.7264289855957,-41.778961181640625,-41.83034896850586,-41.87982177734375,-41.92585754394531,-41.96855545043945,-42.009212493896484,-42.04795455932617,-42.08393859863281,-42.11730194091797,-42.14893341064453,-42.178768157958984,-42.2060661315918,-42.230926513671875,-42.25406265258789,-42.275604248046875,-42.29535675048828,-42.31374740600586,-42.33137893676758,-42.3482666015625,-42.36428451538086,-42.37975311279297,-42.39501190185547,-42.409969329833984,-42.42454528808594,-42.43894958496094,-42.45328903198242,-42.467403411865234,-42.48125457763672,-42.494998931884766,-42.5086555480957,-42.522132873535156,-42.535499572753906,-42.54887771606445,-42.562232971191406,-42.575523376464844,-42.58880615234375,-42.60213851928711,-42.615474700927734,-42.62881851196289,-42.642234802246094,-42.65572738647461,-42.66926193237305,-42.682857513427734,-42.6965446472168,-42.710289001464844,-42.72406005859375,-42.73786544799805,-42.7516975402832,-42.76552200317383,-42.779327392578125,-42.79311752319336,-42.80686950683594,-42.820560455322266,-42.83418655395508,-42.84772872924805,-42.86116027832031,-42.87445831298828,-42.887603759765625,-42.900569915771484,-42.913326263427734,-42.92585372924805,-42.93812561035156,-42.950111389160156,-42.9617919921875,-42.97315216064453,-42.984169006347656,-42.99481964111328,-43.005096435546875,-43.014984130859375,-43.02447509765625,-43.03355407714844,-43.0422248840332,-43.050479888916016,-43.05831527709961,-43.06574249267578,-43.07276153564453,-43.07938003540039,-43.098716735839844,-43.122310638427734,-43.14845275878906,-43.176116943359375,-43.20474624633789,-43.23390579223633,-43.26325607299805,-43.2926139831543,-43.32184600830078,-43.3508186340332,-43.379493713378906,-43.40785217285156,-43.43587875366211,-43.46357345581055,-43.49097442626953,-43.518096923828125,-43.54496765136719,-43.57160568237305,-43.59804916381836,-43.62430191040039,-43.6503791809082,-43.676292419433594,-43.70204544067383,-43.727638244628906,-43.75306701660156,-43.77833938598633,-43.80345153808594,-43.82839584350586,-43.85317611694336,-43.8777961730957,-43.90225601196289,-43.92656326293945,-43.95072555541992,-43.97475051879883,-43.99864196777344,-44.02241516113281,-44.04607391357422,-44.06962966918945,-44.09309005737305,-44.11646270751953,-44.13975143432617,-44.162960052490234,-44.186092376708984,-44.20914840698242,-44.23212814331055,-44.255027770996094,-44.2778434753418,-44.30056381225586,-44.32318878173828,-44.345703125,-44.36809539794922,-44.39035415649414,-44.4124641418457,-44.43440628051758,-44.456172943115234,-44.47773361206055,-44.499080657958984,-44.52018356323242,-44.54102325439453,-44.56158447265625,-44.58183288574219,-44.60175323486328,-44.62132263183594,-44.64051055908203,-44.6593017578125,-44.67766571044922,-44.695587158203125,-44.71303939819336,-44.73000717163086,-44.74646759033203,-44.76240539550781,-44.777809143066406,-44.792659759521484,-44.80695724487305,-44.82068634033203,-44.83384323120117,-44.846431732177734,-44.85845184326172,-44.86990737915039,-44.88080596923828,-44.89115905761719,-44.900978088378906,-44.9102783203125,-44.9190788269043,-44.927398681640625,-44.93526077270508,-44.94268035888672,-44.94969177246094,-44.95630645751953,-44.96255874633789,-44.96846389770508,-44.97404479980469,-44.97932815551758,-44.984336853027344,-44.98908233642578,-44.99359130859375,-44.99787902832031,-45.001956939697266,-45.0058479309082,-45.00956344604492,-45.01311111450195,-45.01650619506836,-45.01975631713867,-45.02287292480469,-45.02586364746094,-45.02873229980469,-45.031490325927734,-45.034141540527344,-45.03668975830078,-45.03914260864258,-45.04150390625,-45.04377746582031,-45.04596710205078,-45.048072814941406,-45.050106048583984,-45.05206298828125,-45.053951263427734,-45.0557746887207,-45.05752944946289,-45.05922317504883,-45.06085968017578,-45.062435150146484,-45.063961029052734,-45.0654296875,-45.06684875488281,-45.06822204589844,-45.06954574584961,-45.07082748413086,-45.07206344604492,-45.07325744628906,-45.07440948486328,-45.07552719116211,-45.076602935791016,-45.0776481628418,-45.07865524291992,-45.079627990722656,-45.08056640625,-45.081478118896484,-45.08235549926758,-45.08320617675781,-45.08403015136719,-45.08482360839844,-45.085594177246094,-45.08633804321289,-45.087059020996094,-45.08775329589844,-45.08842849731445,-45.089080810546875,-45.0897102355957,-45.0903205871582,-45.09091567993164,-45.091487884521484,-45.092041015625,-45.09257888793945,-45.093101501464844,-45.093605041503906,-45.09409713745117,-45.09457015991211,-45.09503173828125,-45.09547805786133,-45.09591293334961,-45.096336364746094,-45.096744537353516,-45.09714126586914,-45.09752655029297,-45.097904205322266,-45.0982666015625,-45.0986213684082,-45.098968505859375,-45.09930419921875,-45.099632263183594,-45.099952697753906,-45.10026168823242,-45.10056686401367,-45.100860595703125,-45.10115051269531,-45.10143280029297,-45.101707458496094,-45.10197448730469,-45.102237701416016,-45.10249710083008,-45.10274887084961,-45.10299301147461,-45.103233337402344,-45.10346984863281,-45.103702545166016,-45.10392761230469,-45.10415267944336,-45.1043701171875,-45.104583740234375,-45.104793548583984,-45.10499954223633,-45.10520553588867,-45.105403900146484,-45.10559844970703,-45.10579299926758,-45.10598373413086,-45.106170654296875,-45.106353759765625,-45.10653305053711,-45.106712341308594,-45.10688781738281,-45.10706329345703,-45.10723114013672,-45.107398986816406,-45.107566833496094,-45.107730865478516,-45.10789108276367,-45.10805130004883,-45.10820770263672,-45.10836410522461,-45.108516693115234,-45.10866928100586,-45.10881805419922,-45.10896682739258,-45.10911178588867,-45.109256744384766,-45.109397888183594,-45.10953903198242,-45.109676361083984,-45.10981369018555,-45.10995101928711,-45.110084533691406,-45.1102180480957,-45.1103515625,-45.11048126220703,-45.1106071472168,-45.11073684692383,-45.110862731933594,-45.110984802246094,-45.11111068725586,-45.11123275756836,-45.111351013183594,-45.111473083496094,-45.11159133911133,-45.1117057800293,-45.11182403564453,-45.1119384765625,-45.1120491027832,-45.11216354370117,-45.112274169921875,-45.11238479614258,-45.112491607666016,-45.11259841918945,-45.11270523071289,-45.11281204223633,-45.1129150390625,-45.11301803588867,-45.113121032714844,-45.113224029541016,-45.11332321166992,-45.11342239379883,-45.113521575927734,-45.113616943359375,-45.113712310791016,-45.113807678222656,-45.1139030456543,-45.11399459838867,-45.11408996582031,-45.11417770385742,-45.1142692565918,-45.11436080932617,-45.11444854736328,-45.11453628540039,-45.1146240234375,-45.114707946777344,-45.11479187011719,-45.11487579345703,-45.114959716796875,-45.11504364013672,-45.1151237487793,-45.115203857421875,-45.11528396606445,-45.11536407470703,-45.115440368652344,-45.115516662597656,-45.11559295654297,-45.11566925048828,-45.115745544433594,-45.11581802368164,-45.11589050292969,-45.115962982177734,-45.11603546142578,-45.11610412597656,-45.11617660522461,-45.11624526977539,-45.11631393432617,-45.11638259887695,-45.11644744873047,-45.116512298583984,-45.116580963134766,-45.11664581298828,-45.11670684814453,-45.11677169799805,-45.1168327331543,-45.11689376831055,-45.1169548034668,-45.11701583862305,-45.1170768737793,-45.11713409423828,-45.11719512939453,-45.117252349853516,-45.1173095703125,-45.11736297607422,-45.1174201965332,-45.11747360229492,-45.117530822753906,-45.117584228515625,-45.117637634277344,-45.1176872253418,-45.117740631103516,-45.11779022216797,-45.11784362792969,-45.11789321899414,-45.117942810058594,-45.11798858642578,-45.118038177490234,-45.11808395385742,-45.118133544921875,-45.11817932128906,-45.11822509765625,-45.11827087402344,-45.11831283569336,-45.11835861206055,-45.11840057373047,-45.118446350097656,-45.11848831176758,-45.1185302734375,-45.11857223510742,-45.11861038208008,-45.11865234375,-45.118690490722656,-45.11873245239258,-45.118770599365234,-45.11880874633789,-45.11884689331055,-45.1188850402832,-45.118919372558594,-45.11895751953125,-45.11899185180664,-45.11902618408203,-45.11906433105469,-45.11909866333008,-45.11913299560547,-45.119163513183594,-45.119197845458984,-45.119232177734375,-45.1192626953125,-45.119293212890625,-45.119327545166016,-45.11935806274414,-45.119388580322266,-45.11941909790039,-45.119449615478516,-45.119476318359375,-45.1195068359375,-45.11953353881836,-45.119564056396484,-45.119590759277344,-45.1196174621582,-45.11964416503906,-45.11967086791992,-45.11969757080078,-45.11972427368164,-45.1197509765625,-45.119773864746094,-45.11980056762695,-45.11982345581055,-45.119850158691406,-45.119873046875,-45.119895935058594,-45.11991882324219,-45.11994171142578,-45.119964599609375,-45.11998748779297,-45.1200065612793,-45.12002944946289,-45.120052337646484,-45.12007141113281,-45.120094299316406,-45.120113372802734,-45.12013244628906,-45.12015151977539,-45.120174407958984,-45.12019348144531,-45.12021255493164,-45.1202278137207,-45.12024688720703,-45.12026596069336,-45.12028503417969,-45.12030029296875,-45.12031936645508,-45.12033462524414,-45.12035369873047,-45.12036895751953,-45.120384216308594,-45.12040328979492,-45.120418548583984,-45.12043380737305,-45.12044906616211,-45.12046432495117,-45.120479583740234,-45.1204948425293,-45.120506286621094,-45.120521545410156,-45.12053680419922,-45.12055206298828,-45.12056350708008,-45.12057876586914,-45.12059020996094,-45.12060546875,-45.1206169128418,-45.120628356933594,-45.120643615722656,-45.12065505981445,-45.12066650390625,-45.12067794799805,-45.120689392089844,-45.12070083618164,-45.12071228027344,-45.120723724365234,-45.12073516845703,-45.12074661254883,-45.120758056640625,-45.120765686035156,-45.12077713012695,-45.12078857421875,-45.12079620361328,-45.12080764770508,-45.120819091796875,-45.120826721191406,-45.1208381652832,-45.120845794677734,-45.120853424072266,-45.12086486816406,-45.120872497558594,-45.120880126953125,-45.12089157104492,-45.12089920043945,-45.120906829833984,-45.120914459228516,-45.12092208862305,-45.12092971801758,-45.12093734741211,-45.12094497680664,-45.12095260620117,-45.1209602355957,-45.120967864990234,-45.120975494384766,-45.1209831237793,-45.12099075317383,-45.12099838256836,-45.121002197265625
-33.13862609863281,-33.28451919555664,-33.43992614746094,-33.60520935058594,-33.778682708740234,-33.95778274536133,-34.140323638916016,-34.32484436035156,-34.509620666503906,-34.69259262084961,-34.87142562866211,-35.043636322021484,-35.206851959228516,-35.35895538330078,-35.49832534790039,-35.624549865722656,-35.739437103271484,-35.846900939941406,-35.951229095458984,-36.055580139160156,-36.16175842285156,-36.27057647705078,-36.38247299194336,-36.4984130859375,-36.619964599609375,-36.74776840209961,-36.88064956665039,-37.01616668701172,-37.15140914916992,-37.2835693359375,-37.41046142578125,-37.531005859375,-37.64545440673828,-37.75489044189453,-37.860252380371094,-37.96196746826172,-38.0602912902832,-38.155818939208984,-38.24969482421875,-38.34358215332031,-38.439414978027344,-38.539363861083984,-38.646175384521484,-38.76354217529297,-38.896095275878906,-39.04882049560547,-39.22597885131836,-39.42976760864258,-39.65889358520508,-39.90732955932617,-40.16379165649414,-40.41257095336914,-40.63642120361328,-40.82128143310547,-40.9613151550293,-41.06117630004883,-41.133544921875,-41.19329071044922,-41.251922607421875,-41.31485366821289,-41.381874084472656,-41.449440002441406,-41.513092041015625,-41.56903839111328,-41.614830017089844,-41.649497985839844,-41.675804138183594,-41.69792175292969,-41.716861724853516,-41.73417663574219,-41.75144577026367,-41.769920349121094,-41.790245056152344,-41.81236267089844,-41.835594177246094,-41.858943939208984,-41.88142395019531,-41.9023323059082,-41.92142105102539,-41.93887710571289,-41.95521545410156,-41.97108459472656,-41.98705291748047,-42.003456115722656,-42.02033996582031,-42.037479400634766,-42.05449676513672,-42.071006774902344,-42.086727142333984,-42.1015625,-42.115577697753906,-42.12897491455078,-42.1419792175293,-42.15476989746094,-42.167449951171875,-42.18003463745117,-42.192481994628906,-42.20472717285156,-42.21671676635742,-42.228416442871094,-42.239810943603516,-42.250885009765625,-42.261627197265625,-42.27204513549805,-42.28218078613281,-42.29210662841797,-42.30190658569336,-42.31168746948242,-42.32151794433594,-42.33143615722656,-42.34144973754883,-42.35152816772461,-42.361656188964844,-42.37181854248047,-42.38203048706055,-42.39231491088867,-42.4027099609375,-42.413246154785156,-42.42393493652344,-42.434791564941406,-42.445804595947266,-42.456974029541016,-42.468292236328125,-42.47975158691406,-42.4913444519043,-42.50307083129883,-42.51492691040039,-42.52690505981445,-42.539005279541016,-42.551231384277344,-42.56357192993164,-42.57602310180664,-42.58857345581055,-42.60120391845703,-42.61390686035156,-42.62665939331055,-42.63944625854492,-42.65225601196289,-42.66507339477539,-42.67788314819336,-42.69066619873047,-42.70339584350586,-42.71605682373047,-42.72861862182617,-42.74106216430664,-42.75335693359375,-42.765480041503906,-42.77741622924805,-42.78914260864258,-42.800636291503906,-42.811885833740234,-42.822872161865234,-42.83357620239258,-42.8439826965332,-42.85408401489258,-42.863868713378906,-42.873329162597656,-42.88245391845703,-42.8912467956543,-42.89970016479492,-42.907814025878906,-42.91558837890625,-42.923030853271484,-42.930137634277344,-42.93691635131836,-42.94337463378906,-42.94951629638672,-42.95535659790039,-42.96089553833008,-42.96615219116211,-42.97113037109375,-42.97584915161133,-43.003231048583984,-43.03822326660156,-43.0777587890625,-43.12010955810547,-43.16411590576172,-43.208919525146484,-43.25388717651367,-43.29851531982422,-43.3424186706543,-43.38529586791992,-43.42691421508789,-43.467098236083984,-43.5057258605957,-43.542701721191406,-43.577980041503906,-43.61153030395508,-43.643348693847656,-43.673458099365234,-43.70188903808594,-43.72868728637695,-43.75389862060547,-43.777584075927734,-43.799808502197266,-43.82063293457031,-43.840118408203125,-43.858333587646484,-43.87533187866211,-43.89118194580078,-43.90593719482422,-43.919654846191406,-43.93239212036133,-43.9442024230957,-43.95513916015625,-43.965248107910156,-43.97458267211914,-43.98318862915039,-43.99111557006836,-43.9984016418457,-44.005096435546875,-44.0112419128418,-44.016876220703125,-44.02203369140625,-44.026756286621094,-44.03107833862305,-44.035030364990234,-44.03864288330078,-44.04194641113281,-44.04496765136719,-44.047725677490234,-44.05025100708008,-44.05255889892578,-44.05466842651367,-44.05659866333008,-44.05836486816406,-44.05997848510742,-44.06145477294922,-44.06280517578125,-44.06404113769531,-44.06516647338867,-44.06619644165039,-44.067134857177734,-44.0679931640625,-44.06877136230469,-44.069480895996094,-44.07012176513672,-44.07070541381836,-44.071231842041016,-44.07170867919922,-44.072139739990234,-44.07252502441406,-44.072872161865234,-44.073184967041016,-44.073463439941406,-44.07371520996094,-44.07394027709961,-44.07413864135742,-44.074317932128906,-44.0744743347168,-44.074615478515625,-44.074745178222656,-44.07485580444336,-44.074954986572266,-44.07504653930664,-44.07512664794922,-44.075199127197266,-44.075260162353516,-44.075321197509766,-44.07537078857422,-44.07542037963867,-44.075462341308594,-44.07550048828125,-44.07553482055664,-44.07556915283203,-44.075599670410156,-44.075626373291016,-44.075653076171875,-44.07567596435547,-44.07569885253906,-44.07571792602539,-44.075740814208984,-44.07575988769531,-44.07577896118164,-44.0757942199707,-44.07581329345703,-44.075828552246094,-44.075843811035156,-44.07585906982422,-44.07587432861328,-44.075889587402344,-44.075904846191406,-44.0759162902832,-44.075931549072266,-44.07594299316406,-44.075958251953125,-44.07596969604492,-44.07598114013672,-44.075992584228516,-44.07600402832031,-44.07601547241211,-44.076026916503906,-44.0760383605957,-44.076045989990234,-44.07605743408203,-44.07606506347656,-44.07607650756836,-44.07608413696289,-44.07609558105469,-44.07610321044922,-44.07611083984375,-44.07611846923828,-44.07612609863281,-44.076133728027344,-44.076141357421875,-44.076148986816406,-44.07615661621094,-44.07616424560547,-44.076168060302734
-32.11632537841797,-32.272708892822266,-32.43087387084961,-32.58964157104492,-32.74877166748047,-32.909576416015625,-33.07183074951172,-33.233558654785156,-33.3927116394043,-33.54816818237305,-33.69987106323242,-33.847801208496094,-33.99110794067383,-34.12864685058594,-34.260005950927734,-34.38579177856445,-34.50687026977539,-34.62377166748047,-34.736915588378906,-34.846946716308594,-34.954872131347656,-35.06206130981445,-35.170223236083984,-35.281349182128906,-35.3975944519043,-35.5208854675293,-35.652137756347656,-35.79054641723633,-35.933692932128906,-36.079490661621094,-36.22904968261719,-36.3845100402832,-36.544715881347656,-36.70628356933594,-36.868072509765625,-37.0335578918457,-37.20482635498047,-37.37897491455078,-37.5523681640625,-37.72660827636719,-37.90393829345703,-38.07960510253906,-38.25087356567383,-38.42144775390625,-38.589935302734375,-38.75231170654297,-38.91200637817383,-39.06831359863281,-39.21687316894531,-39.3604621887207,-39.49715805053711,-39.62517547607422,-39.74810791015625,-39.86383056640625,-39.974876403808594,-40.081748962402344,-40.184165954589844,-40.28374099731445,-40.378875732421875,-40.47209167480469,-40.56150817871094,-40.650306701660156,-40.73713302612305,-40.824256896972656,-40.9106559753418,-40.997589111328125,-41.083740234375,-41.17041778564453,-41.25600814819336,-41.34125518798828,-41.42454147338867,-41.50508499145508,-41.582542419433594,-41.65568542480469,-41.72509002685547,-41.79005813598633,-41.849998474121094,-41.9052734375,-41.9556770324707,-42.00167465209961,-42.04424285888672,-42.08382797241211,-42.12860870361328,-42.176761627197266,-42.226932525634766,-42.27833938598633,-42.330604553222656,-42.38318634033203,-42.43572998046875,-42.488033294677734,-42.53977584838867,-42.59077453613281,-42.6408805847168,-42.68989181518555,-42.73780822753906,-42.784671783447266,-42.83045959472656,-42.875247955322266,-42.9190673828125,-42.96188735961914,-43.00372314453125,-43.04454803466797,-43.08427047729492,-43.12281799316406,-43.16016387939453,-43.19630432128906,-43.23125076293945,-43.265052795410156,-43.29776382446289,-43.32943344116211,-43.3601188659668,-43.3898811340332,-43.41879653930664,-43.44691848754883,-43.47430419921875,-43.501007080078125,-43.52706527709961,-43.55252456665039,-43.577415466308594,-43.60176086425781,-43.62559509277344,-43.648948669433594,-43.671844482421875,-43.694305419921875,-43.71633529663086,-43.73793029785156,-43.75908660888672,-43.7797737121582,-43.79996871948242,-43.819644927978516,-43.838768005371094,-43.857295989990234,-43.87517547607422,-43.89228820800781,-43.908416748046875,-43.9234733581543,-43.93853759765625,-43.95489501953125,-43.970008850097656,-43.98244857788086,-43.995426177978516,-44.02009963989258,-44.04642868041992,-44.075809478759766,-44.10658264160156,-44.136627197265625,-44.16808319091797,-44.19837951660156,-44.228214263916016,-44.258033752441406,-44.286067962646484,-44.31393814086914,-44.3406867980957,-44.366172790527344,-44.39128112792969,-44.41490936279297,-44.4378662109375,-44.46004104614258,-44.480960845947266,-44.501399993896484,-44.52083206176758,-44.53942108154297,-44.55750274658203,-44.574649810791016,-44.591285705566406,-44.60741424560547,-44.62285614013672,-44.63798141479492,-44.65266036987305,-44.66688537597656,-44.680908203125,-44.69456100463867,-44.70793151855469,-44.721153259277344,-44.734107971191406,-44.74689483642578,-44.759586334228516,-44.77210235595703,-44.78452682495117,-44.79690170288086,-44.809165954589844,-44.821380615234375,-44.83356475830078,-44.845672607421875,-44.857730865478516,-44.8697624206543,-44.881717681884766,-44.893611907958984,-44.905460357666016,-44.91722869873047,-44.92890548706055,-44.94050598144531,-44.952003479003906,-44.96337890625,-44.974632263183594,-44.985748291015625,-44.996700286865234,-45.007484436035156,-45.018089294433594,-45.02849578857422,-45.0386848449707,-45.04866027832031,-45.05839920043945,-45.06788635253906,-45.077117919921875,-45.086082458496094,-45.09476852416992,-45.10316848754883,-45.11127853393555,-45.11909103393555,-45.1265983581543,-45.13379669189453,-45.14068603515625,-45.14726638793945,-45.153533935546875,-45.159488677978516,-45.165138244628906,-45.17048645019531,-45.17552947998047,-45.18027877807617,-45.18473815917969,-45.18891906738281,-45.19282150268555,-45.19646072387695,-45.19984436035156,-45.202980041503906,-45.20588302612305,-45.20855712890625,-45.21101760864258,-45.213279724121094,-45.21534729003906,-45.21723175048828,-45.21895217895508,-45.22051239013672,-45.221923828125,-45.223201751708984,-45.2243537902832,-45.22539138793945,-45.226322174072266,-45.22715759277344,-45.227901458740234,-45.22856903076172,-45.229164123535156,-45.22969436645508,-45.230167388916016,-45.230587005615234,-45.23096466064453,-45.231300354003906,-45.231597900390625,-45.23186492919922,-45.23210525512695,-45.232322692871094,-45.23251724243164,-45.232696533203125,-45.23285675048828,-45.23300552368164,-45.23313903808594,-45.23326873779297,-45.23338317871094,-45.23349380493164,-45.23359680175781,-45.23369598388672,-45.233787536621094,-45.2338752746582,-45.23395919799805,-45.234039306640625,-45.23411560058594,-45.23419189453125,-45.23426055908203,-45.23432922363281,-45.234397888183594,-45.234458923339844,-45.234519958496094,-45.234580993652344,-45.23463821411133,-45.23469161987305,-45.234745025634766,-45.23479461669922,-45.23484420776367,-45.23488998413086,-45.23493576049805,-45.23497772216797,-45.23501968383789,-45.23505783081055,-45.2350959777832,-45.235130310058594,-45.235164642333984,-45.235198974609375,-45.2352294921875,-45.23525619506836,-45.235286712646484,-45.23530960083008,-45.23533248901367,-45.235347747802734,-45.23535919189453,-45.235355377197266,-45.235328674316406,-45.235252380371094,-45.23509979248047,-45.23481750488281,-45.234413146972656,-45.234046936035156,-45.2341194152832,-45.234798431396484,-45.23548126220703,-45.235469818115234,-45.23500061035156,-45.234840393066406,-45.235252380371094,-45.235618591308594,-45.23546600341797,-45.23518753051758,-45.23529815673828,-45.23561096191406,-45.23563003540039,-45.23542404174805,-45.235416412353516,-45.23562240600586,-45.235694885253906,-45.235572814941406,-45.23552703857422,-45.23564910888672,-45.2357292175293,-45.23566436767578,-45.23561096191406,-45.23567581176758,-45.23574447631836,-45.235721588134766,-45.23567581176758,-45.23570251464844,-45.235755920410156,-45.23575973510742,-45.23572540283203,-45.2357292175293,-45.23576354980469,-45.235782623291016,-45.23576354980469,-45.23575210571289,-45.23577117919922,-45.23579406738281,-45.23579025268555,-45.23577880859375,-45.235782623291016
-31.48644256591797,-31.62324333190918,-31.755807876586914,-31.879608154296875,-31.992271423339844,-32.09680938720703,-32.19997024536133,-32.305213928222656,-32.411922454833984,-32.51787567138672,-32.62065505981445,-32.71907043457031,-32.81486511230469,-32.91236114501953,-33.01486587524414,-33.12200927734375,-33.23073196411133,-33.338226318359375,-33.4448356628418,-33.553951263427734,-33.66820526123047,-33.787506103515625,-33.910728454589844,-34.037986755371094,-34.17151641845703,-34.314517974853516,-34.46854019165039,-34.632659912109375,-34.806060791015625,-34.990360260009766,-35.18741989135742,-35.395904541015625,-35.61208724975586,-35.83389663696289,-36.06085205078125,-36.287960052490234,-36.50834655761719,-36.720420837402344,-36.9233283996582,-37.114933013916016,-37.29982376098633,-37.483428955078125,-37.66721725463867,-37.855628967285156,-38.04947280883789,-38.24512481689453,-38.44147491455078,-38.63380813598633,-38.81962203979492,-38.99901580810547,-39.17085647583008,-39.33822250366211,-39.5010986328125,-39.6611442565918,-39.81779098510742,-39.97050857543945,-40.118743896484375,-40.26145935058594,-40.39871597290039,-40.52976608276367,-40.655086517333984,-40.774497985839844,-40.88893127441406,-40.99871826171875,-41.10446548461914,-41.206268310546875,-41.3037109375,-41.396358489990234,-41.48318862915039,-41.56428146362305,-41.63960647583008,-41.71022415161133,-41.776676177978516,-41.83924865722656,-41.897979736328125,-41.952449798583984,-42.00276184082031,-42.0489616394043,-42.09577178955078,-42.14382553100586,-42.19197082519531,-42.23971939086914,-42.28652572631836,-42.33211898803711,-42.37621307373047,-42.41874694824219,-42.45981216430664,-42.49956512451172,-42.538330078125,-42.57631301879883,-42.61369705200195,-42.6505241394043,-42.686744689941406,-42.72233963012695,-42.757266998291016,-42.79153823852539,-42.825191497802734,-42.85825729370117,-42.89080810546875,-42.9228401184082,-42.95436096191406,-42.98533248901367,-43.015708923339844,-43.04546356201172,-43.0745735168457,-43.103023529052734,-43.13081741333008,-43.157936096191406,-43.18434524536133,-43.210018157958984,-43.234928131103516,-43.259071350097656,-43.2824592590332,-43.305091857910156,-43.32697677612305,-43.34811782836914,-43.36851119995117,-43.38816833496094,-43.407100677490234,-43.42532730102539,-43.44286346435547,-43.45972442626953,-43.47591781616211,-43.491455078125,-43.506351470947266,-43.52060317993164,-43.53422927856445,-43.54723358154297,-43.559635162353516,-43.571441650390625,-43.58267593383789,-43.60250473022461,-43.625221252441406,-43.649444580078125,-43.674556732177734,-43.69997024536133,-43.72523880004883,-43.750125885009766,-43.77449417114258,-43.79815673828125,-43.82095718383789,-43.842803955078125,-43.86367416381836,-43.88353729248047,-43.90235900878906,-43.920127868652344,-43.93685531616211,-43.95257568359375,-43.967315673828125,-43.98111343383789,-43.99400329589844,-44.00602722167969,-44.017234802246094,-44.02767562866211,-44.03739547729492,-44.046443939208984,-44.05485534667969,-44.06267166137695,-44.06993865966797,-44.07669448852539,-44.082969665527344,-44.08878707885742,-44.09418487548828,-44.09918975830078,-44.10382843017578,-44.108123779296875,-44.112091064453125,-44.115760803222656,-44.11914825439453,-44.122276306152344,-44.125160217285156,-44.1278190612793,-44.13026809692383,-44.132530212402344,-44.134613037109375,-44.13653564453125,-44.138309478759766,-44.139949798583984,-44.1414680480957,-44.142879486083984,-44.14419174194336,-44.145416259765625,-44.14656066894531,-44.14763641357422,-44.14864730834961,-44.149600982666016,-44.15050506591797,-44.151363372802734,-44.15217971801758,-44.15296173095703,-44.153709411621094,-44.15442657470703,-44.15511703491211,-44.15578079223633,-44.15641784667969,-44.15703582763672,-44.15762710571289,-44.158203125,-44.158756256103516,-44.1592903137207,-44.15980529785156,-44.160301208496094,-44.16078186035156,-44.16124725341797,-44.16169357299805,-44.16212463378906,-44.162540435791016,-44.162940979003906,-44.163326263427734,-44.163700103759766,-44.164058685302734,-44.164405822753906,-44.164737701416016,-44.165061950683594,-44.16537094116211,-44.165672302246094,-44.16596221923828,-44.16624069213867,-44.16651153564453,-44.166770935058594,-44.167022705078125,-44.167266845703125,-44.167503356933594,-44.16773223876953,-44.16794967651367,-44.16815185546875,-44.168338775634766,-44.168487548828125,-44.1685676574707,-44.16850280761719,-44.16819763183594,-44.167694091796875,-44.16758728027344,-44.168582916259766,-44.16976547241211,-44.1696891784668,-44.16912078857422,-44.16957092285156,-44.1704216003418,-44.17030334472656,-44.17002868652344,-44.17058563232422,-44.17099380493164,-44.17074966430664,-44.17086410522461,-44.17135238647461,-44.17136764526367,-44.17127990722656,-44.17161560058594,-44.17182540893555,-44.17173767089844,-44.17189025878906,-44.17215347290039,-44.17216110229492,-44.17219543457031,-44.17241668701172,-44.17251968383789,-44.172515869140625,-44.17265701293945,-44.17280578613281,-44.17283248901367,-44.17289733886719,-44.17304229736328,-44.17311477661133,-44.17314910888672,-44.17325210571289,-44.17335510253906,-44.173397064208984,-44.17345428466797,-44.173553466796875,-44.173622131347656,-44.17366027832031,-44.17373275756836,-44.17381286621094,-44.17386245727539,-44.173912048339844,-44.173980712890625,-44.174041748046875,-44.17408752441406,-44.174137115478516,-44.174198150634766,-44.174251556396484,-44.174293518066406,-44.174339294433594,-44.17439270019531,-44.174442291259766,-44.17448043823242,-44.17452621459961,-44.1745719909668,-44.17461395263672,-44.174652099609375,-44.17469024658203,-44.17473220825195,-44.174774169921875,-44.174808502197266,-44.174842834472656,-44.17488098144531,-44.1749153137207,-44.174949645996094,-44.174983978271484,-44.17501449584961,-44.175048828125,-44.175079345703125,-44.17510986328125,-44.175140380859375,-44.1751708984375,-44.17519760131836,-44.17522430419922,-44.175254821777344,-44.1752815246582,-44.17530822753906,-44.17533493041992,-44.175357818603516,-44.175384521484375,-44.17540740966797,-44.17543029785156,-44.175453186035156,-44.17547607421875,-44.175498962402344,-44.17552185058594,-44.17554473876953,-44.17556381225586,-44.17558670043945,-44.17560577392578,-44.17562484741211,-44.17564392089844,-44.175662994384766,-44.175682067871094,-44.17570114135742,-44.17572021484375,-44.17573928833008,-44.17575454711914,-44.17577362060547,-44.17578887939453,-44.175804138183594,-44.17582321166992,-44.175838470458984,-44.17585372924805,-44.17586898803711,-44.17588424682617,-44.175899505615234,-44.1759147644043,-44.17593002319336,-44.175941467285156,-44.17595672607422,-44.17597198486328,-44.17598342895508,-44.17599868774414,-44.17601013183594,-44.176025390625,-44.1760368347168,-44.176048278808594,-44.17605972290039,-44.17607498168945,-44.17608642578125,-44.17609786987305,-44.176109313964844,-44.17612075805664,-44.17613220214844,-44.176143646240234,-44.17615509033203,-44.17616653442383,-44.17617416381836,-44.176185607910156,-44.17619705200195,-44.17620849609375,-44.17621612548828,-44.17622756958008,-44.17623519897461,-44.176246643066406,-44.17625427246094,-44.176265716552734,-44.176273345947266,-44.17628479003906,-44.176292419433594,-44.17630386352539,-44.17631149291992,-44.17631912231445,-44.17633056640625,-44.17633819580078,-44.17634582519531,-44.176353454589844,-44.176361083984375,-44.176368713378906,-44.1763801574707,-44.176387786865234,-44.1763916015625,-44.17639923095703,-44.1764030456543
-33.25545883178711,-33.36215591430664,-33.46925735473633,-33.57658004760742,-33.684783935546875,-33.795467376708984,-33.91028594970703,-34.02944564819336,-34.15187072753906,-34.27614212036133,-34.40200424194336,-34.53156661987305,-34.66661071777344,-34.80704116821289,-34.95167541503906,-35.100013732910156,-35.2537956237793,-35.412994384765625,-35.57506561279297,-35.73991775512695,-35.90998840332031,-36.084266662597656,-36.260616302490234,-36.440731048583984,-36.623905181884766,-36.80659484863281,-36.99043273925781,-37.174556732177734,-37.35726547241211,-37.54192352294922,-37.72662353515625,-37.91238021850586,-38.099491119384766,-38.28622817993164,-38.4749641418457,-38.663455963134766,-38.85373306274414,-39.042999267578125,-39.23219299316406,-39.418548583984375,-39.602500915527344,-39.78052520751953,-39.952125549316406,-40.113914489746094,-40.266658782958984,-40.40981674194336,-40.544960021972656,-40.67317581176758,-40.79448699951172,-40.91001892089844,-41.0184326171875,-41.119102478027344,-41.211814880371094,-41.296043395996094,-41.37278747558594,-41.44287109375,-41.506622314453125,-41.56513214111328,-41.61935043334961,-41.669612884521484,-41.71657943725586,-41.76112365722656,-41.810203552246094,-41.86234664916992,-41.916259765625,-41.97124099731445,-42.026668548583984,-42.082401275634766,-42.13821029663086,-42.19367980957031,-42.24863052368164,-42.30291748046875,-42.356361389160156,-42.40901184082031,-42.46110153198242,-42.512733459472656,-42.56389236450195,-42.6146125793457,-42.664920806884766,-42.714759826660156,-42.76408767700195,-42.81291198730469,-42.861270904541016,-42.909156799316406,-42.95651626586914,-43.003299713134766,-43.0494499206543,-43.09490966796875,-43.13960647583008,-43.183475494384766,-43.226470947265625,-43.2685661315918,-43.30976486206055,-43.35008239746094,-43.38951873779297,-43.42805862426758,-43.46567916870117,-43.50237274169922,-43.53813171386719,-43.57297134399414,-43.60689926147461,-43.639930725097656,-43.67225646972656,-43.70430374145508,-43.736080169677734,-43.766807556152344,-43.79633712768555,-43.825416564941406,-43.8543586730957,-43.88249969482422,-43.9095344543457,-43.936038970947266,-43.962215423583984,-43.98752212524414,-44.01180648803711,-44.03549575805664,-44.058658599853516,-44.080909729003906,-44.10221862792969,-44.122894287109375,-44.14295196533203,-44.16215515136719,-44.18049240112305,-44.19816589355469,-44.21522521972656,-44.23152160644531,-44.247013092041016,-44.277381896972656,-44.3128547668457,-44.351078033447266,-44.390899658203125,-44.43149948120117,-44.4721565246582,-44.512420654296875,-44.55201721191406,-44.59063720703125,-44.62800979614258,-44.664005279541016,-44.698551177978516,-44.731544494628906,-44.76289367675781,-44.79258346557617,-44.820640563964844,-44.847068786621094,-44.87187194824219,-44.89508819580078,-44.916778564453125,-44.93701934814453,-44.95586395263672,-44.973365783691406,-44.98960494995117,-45.004669189453125,-45.018638610839844,-45.031578063964844,-45.04355239868164,-45.05463790893555,-45.064910888671875,-45.074432373046875,-45.0832633972168,-45.09145736694336,-45.09906768798828,-45.106136322021484,-45.11271286010742,-45.118839263916016,-45.124549865722656,-45.1298828125,-45.13486862182617,-45.13953399658203,-45.14390182495117,-45.14799880981445,-45.1518440246582,-45.15545654296875,-45.15885543823242,-45.16205596923828,-45.165069580078125,-45.167911529541016,-45.17058563232422,-45.173095703125,-45.17543411254883,-45.17757034301758,-45.17943572998047,-45.1810188293457,-45.18257522583008,-45.18471908569336,-45.187339782714844,-45.18926239013672,-45.19031524658203,-45.191646575927734,-45.19364929199219,-45.19526672363281,-45.196205139160156,-45.19742202758789,-45.19904708862305,-45.20024490356445,-45.20109558105469,-45.2022819519043,-45.203575134277344,-45.204471588134766,-45.20530319213867,-45.206398010253906,-45.20740509033203,-45.208152770996094,-45.20896530151367,-45.20991516113281,-45.210723876953125,-45.211395263671875,-45.21215057373047,-45.21295928955078,-45.213645935058594,-45.21426010131836,-45.21493911743164,-45.215633392333984,-45.21623611450195,-45.216793060302734,-45.21739196777344,-45.217994689941406,-45.21854019165039,-45.21904373168945,-45.21956253051758,-45.2200927734375,-45.22058868408203,-45.221046447753906,-45.22149658203125,-45.22195816040039,-45.222408294677734,-45.22282791137695,-45.223228454589844,-45.223628997802734,-45.22402572631836,-45.22441101074219,-45.22477722167969,-45.225128173828125,-45.22547149658203,-45.22581481933594,-45.22615051269531,-45.22646713256836,-45.226776123046875,-45.227073669433594,-45.22736740112305,-45.22765350341797,-45.22793197631836,-45.22820281982422,-45.22846221923828,-45.22871398925781,-45.22895812988281,-45.22919845581055,-45.22943115234375,-45.22966003417969,-45.22987747192383,-45.2300910949707,-45.23029708862305,-45.23049545288086,-45.23068618774414,-45.230873107910156,-45.231056213378906,-45.231231689453125,-45.23140335083008,-45.231571197509766,-45.23173141479492,-45.23188781738281,-45.23203659057617,-45.232181549072266,-45.232322692871094,-45.232460021972656,-45.23258972167969,-45.23271560668945,-45.23283767700195,-45.23295211791992,-45.233062744140625,-45.233158111572266,-45.23324203491211,-45.233299255371094,-45.233306884765625,-45.233238220214844,-45.23305130004883,-45.232757568359375,-45.2325325012207,-45.23273849487305,-45.233455657958984,-45.23407745361328,-45.23406219482422,-45.233699798583984,-45.233665466308594,-45.23411560058594,-45.234474182128906,-45.234371185302734,-45.23418045043945,-45.23434066772461,-45.23466873168945,-45.2347412109375,-45.23460388183594,-45.23462677001953,-45.23484802246094,-45.23497772216797,-45.234920501708984,-45.234893798828125,-45.23501968383789,-45.23515319824219,-45.23515701293945,-45.23512649536133,-45.23518371582031,-45.235294342041016,-45.2353401184082,-45.235321044921875,-45.2353401184082,-45.23541259765625,-45.2354736328125,-45.2354850769043,-45.2354850769043,-45.23551940917969,-45.23557662963867,-45.23561096191406,-45.235618591308594,-45.23563003540039,-45.23566436767578,-45.23570251464844,-45.23572540283203,-45.23573303222656,-45.235748291015625,-45.235774993896484,-45.23580551147461,-45.23582458496094,-45.23583221435547,-45.23584747314453,-45.23586654663086,-45.23588943481445,-45.235904693603516,-45.23591613769531,-45.23592758178711,-45.23594284057617,-45.235958099365234,-45.2359733581543,-45.23598861694336,-45.23599624633789,-45.23600769042969,-45.236019134521484,-45.23603057861328,-45.23604202270508,-45.236053466796875,-45.23606491088867,-45.2360725402832,-45.236080169677734,-45.23609161376953,-45.23609924316406,-45.23611068725586,-45.23611831665039,-45.23612594604492,-45.23613357543945,-45.236141204833984,-45.236148834228516,-45.23615646362305,-45.23616027832031,-45.236167907714844,-45.236175537109375
-33.03582763671875,-33.161582946777344,-33.29052734375,-33.42197799682617,-33.555301666259766,-33.689937591552734,-33.825401306152344,-33.96125030517578,-34.097076416015625,-34.23250961303711,-34.367210388183594,-34.50087356567383,-34.63321304321289,-34.76398849487305,-34.89307403564453,-35.02050018310547,-35.14649963378906,-35.27141189575195,-35.39558792114258,-35.51922607421875,-35.64231491088867,-35.764652252197266,-35.885963439941406,-36.00602340698242,-36.124755859375,-36.242279052734375,-36.35890579223633,-36.47505569458008,-36.59115219116211,-36.707489013671875,-36.824153900146484,-36.941001892089844,-37.057701110839844,-37.17382049560547,-37.28892135620117,-37.40266036987305,-37.51486587524414,-37.625545501708984,-37.73484802246094,-37.842979431152344,-37.9500846862793,-38.056121826171875,-38.16084289550781,-38.2637825012207,-38.3643798828125,-38.462100982666016,-38.55656433105469,-38.64760971069336,-38.735267639160156,-38.819732666015625,-38.90127182006836,-38.98015213012695,-39.05660629272461,-39.130802154541016,-39.20283508300781,-39.272708892822266,-39.340362548828125,-39.40568161010742,-39.468544006347656,-39.52885055541992,-39.586551666259766,-39.64163589477539,-39.69414138793945,-39.74412536621094,-39.79166793823242,-39.83684158325195,-39.87972640991211,-39.920372009277344,-39.95883560180664,-40.007083892822266,-40.05974578857422,-40.11465072631836,-40.17060089111328,-40.22682189941406,-40.282772064208984,-40.338077545166016,-40.392486572265625,-40.44581604003906,-40.497955322265625,-40.54883575439453,-40.598426818847656,-40.64672088623047,-40.69374465942383,-40.73953628540039,-40.784149169921875,-40.82765579223633,-40.87013244628906,-40.91166305541992,-40.952327728271484,-40.99219512939453,-41.03133773803711,-41.069801330566406,-41.107627868652344,-41.14485168457031,-41.181480407714844,-41.2175178527832,-41.252952575683594,-41.28776550292969,-41.32192611694336,-41.35539245605469,-41.388126373291016,-41.420074462890625,-41.451171875,-41.48135757446289,-41.51056671142578,-41.538734436035156,-41.56580352783203,-41.59171676635742,-41.616432189941406,-41.63991928100586,-41.66216278076172,-41.68315505981445,-41.70291519165039,-41.72146224975586,-41.73884201049805,-41.755104064941406,-41.77030944824219,-41.78451919555664,-41.79780197143555,-41.81022644042969,-41.83198928833008,-41.856834411621094,-41.883277893066406,-41.91047286987305,-41.937870025634766,-41.9650764465332,-41.9918098449707,-42.01786422729492,-42.043094635009766,-42.06740188598633,-42.09073257446289,-42.11305236816406,-42.134368896484375,-42.15470504760742,-42.17410659790039,-42.19263458251953,-42.21036148071289,-42.22736358642578,-42.243736267089844,-42.25956344604492,-42.274932861328125,-42.2899284362793,-42.30462646484375,-42.319095611572266,-42.3333854675293,-42.3475456237793,-42.36160659790039,-42.37559127807617,-42.389495849609375,-42.403324127197266,-42.417049407958984,-42.43065643310547,-42.44409942626953,-42.45734405517578,-42.4703369140625,-42.4830322265625,-42.49537658691406,-42.5073127746582,-42.518795013427734,-42.5297737121582,-42.540199279785156,-42.55004119873047,-42.559261322021484,-42.567840576171875,-42.57575988769531,-42.58301544189453,-42.589603424072266,-42.59553527832031,-42.600826263427734,-42.605506896972656,-42.60960006713867,-42.61315155029297,-42.61619567871094,-42.6187744140625,-42.62093734741211,-42.62273025512695,-42.624202728271484,-42.625389099121094,-42.6263427734375,-42.627098083496094,-42.62769317626953,-42.62815856933594,-42.62852478027344,-42.628814697265625,-42.629051208496094,-42.62925338745117,-42.629432678222656,-42.62959671020508,-42.629756927490234,-42.629920959472656,-42.630088806152344,-42.63026428222656,-42.63044738769531,-42.630638122558594,-42.630836486816406,-42.631038665771484,-42.631248474121094,-42.63145446777344,-42.63166427612305,-42.631874084472656,-42.632080078125,-42.63228225708008,-42.632476806640625,-42.632667541503906,-42.63285446166992,-42.63302993774414,-42.633201599121094,-42.633365631103516,-42.633522033691406,-42.63367462158203,-42.63381576538086,-42.63395309448242,-42.63408660888672,-42.634212493896484,-42.63433074951172,-42.63444900512695,-42.634559631347656,-42.634666442871094,-42.634765625,-42.634864807128906,-42.63496017456055,-42.63505172729492,-42.63513946533203,-42.63522720336914,-42.635311126708984,-42.63539123535156,-42.635467529296875,-42.63554382324219,-42.635616302490234,-42.63568878173828,-42.63576126098633,-42.635826110839844,-42.635894775390625,-42.63595962524414,-42.636024475097656,-42.636085510253906,-42.636146545410156,-42.636207580566406,-42.63626480102539,-42.636322021484375,-42.63637924194336,-42.636436462402344,-42.63648986816406,-42.63654327392578,-42.6365966796875,-42.63665008544922,-42.63669967651367,-42.63675308227539,-42.636802673339844,-42.63684844970703,-42.636898040771484,-42.63694763183594,-42.636993408203125,-42.63703918457031,-42.6370849609375,-42.63713073730469,-42.63717269897461,-42.6372184753418,-42.63726043701172,-42.63730239868164,-42.63734436035156,-42.637386322021484,-42.63742446899414,-42.63746643066406,-42.63750457763672,-42.637542724609375,-42.63758087158203,-42.63761901855469,-42.637657165527344,-42.6376953125,-42.63772964477539,-42.63776779174805,-42.63780212402344,-42.63783645629883,-42.63787078857422,-42.63790512084961,-42.637939453125,-42.63797378540039,-42.638004302978516,-42.638038635253906,-42.63806915283203,-42.638099670410156,-42.63813400268555,-42.63816452026367,-42.6381950378418,-42.63822555541992,-42.63825225830078,-42.638282775878906,-42.63831329345703,-42.63833999633789,-42.638370513916016,-42.638397216796875,-42.638427734375,-42.63845443725586,-42.63848114013672,-42.63850784301758,-42.63853454589844,-42.6385612487793,-42.638587951660156,-42.638614654541016,-42.638641357421875,-42.638668060302734,-42.63869094848633,-42.63871765136719,-42.63874053955078,-42.63876724243164,-42.638790130615234,-42.63881301879883,-42.63883972167969,-42.63886260986328,-42.638885498046875,-42.63890838623047,-42.63893127441406,-42.638954162597656,-42.63897705078125,-42.638999938964844,-42.63902282714844,-42.63904571533203,-42.63906478881836,-42.63908767700195,-42.63911056518555,-42.639129638671875,-42.63915252685547,-42.6391716003418,-42.63919448852539,-42.63921356201172,-42.63923645019531,-42.63925552368164,-42.63927459716797,-42.63929748535156,-42.63931655883789,-42.63933563232422,-42.63935470581055,-42.639373779296875,-42.6393928527832,-42.63941192626953,-42.63943099975586,-42.63945007324219,-42.639469146728516,-42.639488220214844,-42.63950729370117,-42.6395263671875,-42.63954544067383,-42.63956069946289,-42.63957977294922,-42.63959884643555,-42.63961410522461,-42.63963317871094,-42.639652252197266,-42.63966751098633,-42.639686584472656,-42.63970184326172,-42.63972091674805,-42.63973617553711,-42.63975143432617,-42.6397705078125,-42.63978576660156,-42.639801025390625,-42.63982009887695,-42.639835357666016,-42.63985061645508,-42.63986587524414,-42.63988494873047,-42.63990020751953,-42.639915466308594,-42.639930725097656,-42.63994598388672,-42.63996124267578,-42.639976501464844,-42.639991760253906,-42.64000701904297,-42.64002227783203,-42.640037536621094,-42.640052795410156,-42.64006805419922,-42.64008331298828,-42.64009475708008,-42.64011001586914,-42.6401252746582,-42.640140533447266,-42.64015579223633,-42.640167236328125,-42.64018249511719,-42.64019775390625,-42.64020919799805,-42.64022445678711,-42.64023971557617,-42.64025115966797,-42.64026641845703,-42.64027786254883,-42.64029312133789,-42.64030456542969,-42.64031982421875,-42.64033126831055,-42.64034652709961,-42.640357971191406,-42.6403694152832,-42.640384674072266,-42.64039611816406,-42.640411376953125,-42.64042282104492,-42.64043426513672,-42.64044952392578,-42.64046096801758,-42.640472412109375,-42.64048385620117,-42.64049530029297,-42.64051055908203,-42.64052200317383,-42.640533447265625,-42.64054489135742,-42.64055633544922,-42.640567779541016,-42.64057922363281,-42.640594482421875,-42.64060592651367,-42.64061737060547,-42.640628814697266,-42.64064025878906,-42.64065170288086,-42.640663146972656,-42.64067459106445,-42.640682220458984,-42.64069366455078,-42.64070510864258,-42.640716552734375,-42.64072799682617,-42.64073944091797,-42.640750885009766,-42.64076232910156,-42.640769958496094,-42.64078140258789,-42.64079284667969,-42.640804290771484,-42.64081573486328,-42.64082336425781,-42.64083480834961,-42.640846252441406,-42.64085388183594,-42.640865325927734,-42.64087677001953,-42.64088439941406,-42.64089584350586,-42.640907287597656,-42.64091491699219,-42.640926361083984,-42.640933990478516,-42.64094543457031,-42.64095687866211,-42.64096450805664,-42.64097595214844,-42.64098358154297,-42.640995025634766,-42.6410026550293,-42.641014099121094,-42.641021728515625,-42.641029357910156,-42.64104080200195,-42.641048431396484,-42.64105987548828,-42.64106750488281,-42.64107894897461,-42.64108657836914,-42.64109420776367,-42.64110565185547,-42.64111328125,-42.64112091064453,-42.64113235473633,-42.64113998413086,-42.64114761352539,-42.64115905761719,-42.64116668701172,-42.64117431640625,-42.64118194580078,-42.64119338989258,-42.64120101928711,-42.64120864868164,-42.64121627807617,-42.6412239074707,-42.6412353515625,-42.64124298095703,-42.64125061035156,-42.641258239746094,-42.641265869140625,-42.641273498535156,-42.64128112792969,-42.641292572021484,-42.641300201416016,-42.64130783081055,-42.64131546020508,-42.64132308959961,-42.64133071899414,-42.64133834838867,-42.6413459777832,-42.641353607177734,-42.641361236572266,-42.6413688659668,-42.64137649536133,-42.64138412475586,-42.64139175415039,-42.64139938354492,-42.64140701293945,-42.641414642333984,-42.641422271728516,-42.64142990112305,-42.64143753051758,-42.64144515991211,-42.64145278930664,-42.64146041870117,-42.6414680480957,-42.641475677490234,-42.641483306884766,-42.6414909362793,-42.64149475097656
-32.89892578125,-33.030853271484375,-33.160614013671875,-33.28764343261719,-33.41148376464844,-33.53178024291992,-33.64837646484375,-33.76158905029297,-33.87260818481445,-33.98273468017578,-34.093170166015625,-34.2049674987793,-34.318904876708984,-34.43549728393555,-34.5550651550293,-34.677642822265625,-34.802974700927734,-34.930789947509766,-35.060943603515625,-35.193302154541016,-35.32760238647461,-35.46357727050781,-35.60109329223633,-35.74000930786133,-35.87997817993164,-36.02058410644531,-36.16144943237305,-36.30216598510742,-36.442264556884766,-36.581268310546875,-36.71875762939453,-36.85437774658203,-36.98779296875,-37.11872100830078,-37.2469367980957,-37.372276306152344,-37.494590759277344,-37.613704681396484,-37.72935485839844,-37.84123229980469,-37.949092864990234,-38.052894592285156,-38.15284729003906,-38.2493782043457,-38.34305953979492,-38.43455123901367,-38.5245475769043,-38.61371994018555,-38.70264434814453,-38.79172897338867,-38.8811149597168,-38.970619201660156,-39.0596809387207,-39.1473503112793,-39.23239517211914,-39.31364059448242,-39.39070129394531,-39.464263916015625,-39.53517532348633,-39.60354995727539,-39.66883087158203,-39.73011016845703,-39.78647994995117,-39.83760070800781,-39.88426208496094,-39.9280891418457,-39.970088958740234,-40.00995635986328,-40.04669189453125,-40.08908462524414,-40.13338851928711,-40.178314208984375,-40.223148345947266,-40.2669563293457,-40.30876922607422,-40.34803771972656,-40.38492202758789,-40.420082092285156,-40.45399475097656,-40.486671447753906,-40.51792907714844,-40.54790115356445,-40.57712173461914,-40.60614776611328,-40.635135650634766,-40.663917541503906,-40.692386627197266,-40.7207145690918,-40.74918746948242,-40.77783966064453,-40.80643081665039,-40.8347282409668,-40.86271667480469,-40.89043045043945,-40.917762756347656,-40.94444274902344,-40.97026062011719,-40.99520492553711,-41.019309997558594,-41.04252624511719,-41.06475830078125,-41.08600997924805,-41.10641098022461,-41.12611389160156,-41.14521789550781,-41.1638069152832,-41.18202209472656,-41.20003890991211,-41.21800231933594,-41.235992431640625,-41.25404357910156,-41.272193908691406,-41.290489196777344,-41.30891036987305,-41.327423095703125,-41.34595489501953,-41.36447525024414,-41.382938385009766,-41.40129470825195,-41.419490814208984,-41.437477111816406,-41.45521926879883,-41.47270584106445,-41.48991012573242,-41.506797790527344,-41.52336502075195,-41.53959655761719,-41.55550003051758,-41.57105255126953,-41.58625411987305,-41.60108947753906,-41.615562438964844,-41.6296501159668,-41.643341064453125,-41.6566162109375,-41.669464111328125,-41.68186950683594,-41.693809509277344,-41.70527648925781,-41.71624755859375,-41.72672653198242,-41.73670196533203,-41.74618148803711,-41.755157470703125,-41.77927017211914,-41.80857467651367,-41.84098434448242,-41.87534713745117,-41.910926818847656,-41.94721984863281,-41.98385238647461,-42.02057647705078,-42.057193756103516,-42.09357452392578,-42.1296272277832,-42.1652946472168,-42.20054626464844,-42.23536682128906,-42.269771575927734,-42.303768157958984,-42.337379455566406,-42.37063980102539,-42.403560638427734,-42.43616485595703,-42.468467712402344,-42.50047302246094,-42.53217315673828,-42.56356430053711,-42.59462356567383,-42.625328063964844,-42.655643463134766,-42.6855354309082,-42.7149543762207,-42.74385070800781,-42.77217102050781,-42.79985809326172,-42.82685470581055,-42.853092193603516,-42.87852096557617,-42.90308380126953,-42.92673110961914,-42.94941711425781,-42.97110366821289,-42.991764068603516,-43.01136779785156,-43.029911041259766,-43.04738235473633,-43.063785552978516,-43.079132080078125,-43.093441009521484,-43.10673522949219,-43.119041442871094,-43.130401611328125,-43.140846252441406,-43.15042495727539,-43.1591796875,-43.16716003417969,-43.174407958984375,-43.18097686767578,-43.18691635131836,-43.19226837158203,-43.19708251953125,-43.20140838623047,-43.20528030395508,-43.20874786376953,-43.21184539794922,-43.21460723876953,-43.21707534790039,-43.219276428222656,-43.22124099731445,-43.22299575805664,-43.224571228027344,-43.225982666015625,-43.22725296020508,-43.2284049987793,-43.22945022583008,-43.230403900146484,-43.23128128051758,-43.232093811035156,-43.23284912109375,-43.23355484008789,-43.234222412109375,-43.234859466552734,-43.2354621887207,-43.236045837402344,-43.23660659790039,-43.23714828491211,-43.23767852783203,-43.23819351196289,-43.23869705200195,-43.23918914794922,-43.23967361450195,-43.24014663696289,-43.24060821533203,-43.241065979003906,-43.241512298583984,-43.24195098876953,-43.24238204956055,-43.24280548095703,-43.243221282958984,-43.24362564086914,-43.244022369384766,-43.24441146850586,-43.244789123535156,-43.24516296386719,-43.24552536010742,-43.24587631225586,-43.24622344970703,-43.246559143066406,-43.24688720703125,-43.24720764160156,-43.247520446777344,-43.247825622558594,-43.24811935424805,-43.248409271240234,-43.24869155883789,-43.248966217041016,-43.24923324584961,-43.24949264526367,-43.24974822998047,-43.249996185302734,-43.25023651123047,-43.25047302246094,-43.25070571899414,-43.25093078613281,-43.25115203857422,-43.25136947631836,-43.25157928466797,-43.25178527832031,-43.251991271972656,-43.25218963623047,-43.252384185791016,-43.25257873535156,-43.252769470214844,-43.25295639038086,-43.25313949584961,-43.25332260131836,-43.253501892089844,-43.25367736816406,-43.25385284423828,-43.2540283203125,-43.25419998168945,-43.254371643066406,-43.25454330444336,-43.25471496582031,-43.2548828125,-43.25505065917969,-43.255218505859375,-43.25538635253906,-43.25555419921875,-43.25572204589844,-43.255889892578125,-43.25605773925781,-43.256229400634766,-43.25639724731445,-43.256568908691406,-43.25674057006836,-43.25691223144531,-43.257083892822266,-43.257259368896484,-43.2574348449707,-43.25761413574219,-43.25779342651367,-43.257972717285156,-43.258155822753906,-43.258338928222656,-43.25852584838867,-43.25871276855469,-43.25890350341797,-43.25909423828125,-43.2592887878418,-43.25948715209961,-43.25968551635742,-43.2598876953125,-43.260093688964844,-43.26029968261719,-43.2605094909668,-43.26072311401367,-43.26093673706055,-43.26115417480469,-43.261375427246094,-43.261600494384766,-43.26182556152344,-43.262054443359375,-43.26228713989258,-43.26252365112305,-43.262760162353516,-43.26300048828125,-43.263248443603516,-43.263492584228516,-43.26374435424805,-43.26399612426758,-43.264251708984375,-43.26451110839844,-43.264774322509766,-43.26504135131836,-43.26530838012695,-43.26557922363281,-43.26585388183594,-43.26612854003906,-43.26640701293945,-43.26668930053711,-43.26697540283203,-43.26726150512695,-43.26755142211914,-43.26784133911133,-43.26813507080078,-43.2684326171875,-43.26873016357422,-43.2690315246582,-43.26933288574219,-43.26963806152344,-43.26994705200195,-43.2702522277832,-43.27056121826172,-43.2708740234375,-43.27118682861328,-43.27149963378906,-43.27181625366211,-43.27212905883789,-43.27244567871094,-43.272762298583984,-43.2730827331543,-43.273399353027344,-43.27371597290039,-43.2740364074707,-43.27435302734375,-43.27467346191406,-43.27499008178711,-43.275306701660156,-43.2756233215332,-43.27593994140625,-43.2762565612793,-43.27656936645508,-43.27688217163086,-43.27719497680664,-43.277503967285156,-43.27781295776367,-43.27811813354492,-43.27842330932617,-43.278724670410156,-43.27902603149414,-43.27932357788086,-43.27962112426758,-43.27991485595703,-43.28020477294922,-43.28049087524414,-43.28077697753906,-43.28105926513672,-43.28133773803711,-43.281612396240234,-43.28188705444336,-43.28215408325195,-43.28242111206055,-43.282684326171875,-43.28293991088867,-43.28319549560547,-43.283447265625,-43.283695220947266,-43.283935546875,-43.284175872802734,-43.2844123840332,-43.28464126586914,-43.28487014770508,-43.285091400146484,-43.28531265258789,-43.285526275634766,-43.28573989868164,-43.285945892333984,-43.28614807128906,-43.286346435546875,-43.28654098510742,-43.2867317199707,-43.28691864013672,-43.2870979309082,-43.28727722167969,-43.287452697753906,-43.287620544433594,-43.28778839111328,-43.28794860839844,-43.288108825683594,-43.28826141357422,-43.288414001464844,-43.28855895996094,-43.28870391845703,-43.288841247558594,-43.288978576660156,-43.28910827636719,-43.28923797607422,-43.289363861083984,-43.289485931396484,-43.28960418701172,-43.28971862792969,-43.289833068847656,-43.289939880371094,-43.29004669189453,-43.2901496887207,-43.29024887084961,-43.29034423828125,-43.29043960571289,-43.290531158447266,-43.290618896484375,-43.29070281982422,-43.29078674316406,-43.290870666503906,-43.29094696044922,-43.29102325439453,-43.29109573364258,-43.291168212890625,-43.291236877441406,-43.29130554199219,-43.2913703918457,-43.29143142700195,-43.2914924621582,-43.29155349731445,-43.29161071777344,-43.29166793823242,-43.29172134399414,-43.291770935058594,-43.29182434082031,-43.2918701171875,-43.29191970825195,-43.29196548461914,-43.29201126098633,-43.29205322265625,-43.29209518432617,-43.292137145996094,-43.29217529296875,-43.292213439941406,-43.29225158691406,-43.29228591918945,-43.292320251464844,-43.292354583740234,-43.292388916015625,-43.29241943359375,-43.29245376586914,-43.29248046875,-43.292510986328125,-43.29254150390625,-43.29256820678711,-43.29259490966797,-43.29262161254883,-43.29264831542969,-43.29267120361328,-43.29269790649414,-43.292720794677734,-43.29274368286133,-43.29276657104492,-43.292789459228516,-43.292808532714844,-43.29283142089844,-43.292850494384766,-43.29287338256836,-43.29289245605469,-43.292911529541016,-43.292930603027344,-43.29294967651367,-43.29296875,-43.29298400878906,-43.29300308227539,-43.29302215576172,-43.29303741455078,-43.29305648803711,-43.29307174682617,-43.293087005615234,-43.2931022644043,-43.293121337890625,-43.29313659667969,-43.29315185546875,-43.29316711425781,-43.293182373046875,-43.29319763183594,-43.293212890625,-43.29322814941406,-43.293243408203125,-43.29325866699219,-43.293270111083984,-43.29328536987305,-43.29330062866211,-43.29331588745117,-43.29332733154297,-43.29334259033203,-43.293357849121094,-43.293373107910156,-43.29338455200195,-43.293399810791016,-43.29341506958008,-43.293426513671875,-43.29344177246094,-43.29345703125,-43.2934684753418,-43.29348373413086,-43.29349899291992,-43.29351043701172,-43.29352569580078,-43.293540954589844,-43.29355239868164,-43.2935676574707,-43.293582916259766,-43.29359436035156,-43.293609619140625,-43.29362487792969,-43.29364013671875,-43.29365158081055,-43.29366683959961,-43.29368209838867,-43.293697357177734,-43.2937126159668,-43.29372787475586,-43.293739318847656,-43.29375457763672,-43.29376983642578,-43.293785095214844,-43.293800354003906,-43.29381561279297,-43.29383087158203,-43.293846130371094,-43.293861389160156,-43.29387664794922,-43.29389190673828,-43.29391098022461,-43.29392623901367,-43.293941497802734,-43.2939567565918,-43.29397201538086,-43.29399108886719,-43.29400634765625,-43.29402160644531,-43.29404067993164,-43.2940559387207,-43.294071197509766,-43.294090270996094,-43.294105529785156,-43.294124603271484,-43.29413986206055,-43.294158935546875,-43.29417419433594,-43.294193267822266,-43.294212341308594,-43.294227600097656,-43.294246673583984,-43.29426574707031,-43.29428482055664,-43.29430389404297,-43.2943229675293,-43.29433822631836,-43.29435729980469,-43.294376373291016,-43.294395446777344,-43.29441452026367,-43.294437408447266,-43.294456481933594,-43.29447555541992,-43.29449462890625,-43.29451370239258,-43.29453659057617,-43.2945556640625,-43.29457473754883,-43.29459762573242,-43.29461669921875,-43.294639587402344,-43.29465866088867,-43.294681549072266,-43.294700622558594,-43.29472351074219,-43.294742584228516,-43.29476547241211,-43.2947883605957,-43.2948112487793,-43.29483413696289,-43.29485321044922,-43.29487609863281,-43.294898986816406,-43.294921875,-43.294944763183594,-43.29496765136719,-43.29499053955078,-43.29501724243164,-43.295040130615234,-43.29506301879883,-43.29508590698242,-43.29511260986328,-43.295135498046875,-43.29515838623047,-43.29518508911133,-43.29520797729492,-43.29523468017578,-43.295257568359375,-43.295284271240234,-43.295310974121094,-43.29533386230469,-43.29536056518555,-43.295387268066406,-43.295413970947266,-43.295440673828125,-43.29546356201172,-43.29549026489258,-43.29551696777344,-43.2955436706543,-43.295570373535156,-43.29560089111328,-43.29562759399414,-43.295654296875,-43.29568099975586,-43.29570770263672,-43.295738220214844,-43.2957649230957,-43.29579162597656,-43.29582214355469,-43.29584884643555,-43.29587936401367,-43.29590606689453,-43.295936584472656,-43.295963287353516,-43.29599380493164,-43.296024322509766,-43.29605484008789,-43.29608154296875,-43.296112060546875,-43.296142578125,-43.296173095703125,-43.29620361328125,-43.296234130859375,-43.2962646484375,-43.296295166015625,-43.29632568359375,-43.296356201171875,-43.29638671875,-43.296417236328125,-43.296451568603516,-43.29648208618164,-43.296512603759766,-43.29654312133789,-43.29657745361328,-43.296607971191406,-43.2966423034668,-43.29667282104492,-43.29670715332031,-43.29673767089844,-43.29677200317383,-43.29680252075195,-43.296836853027344,-43.29686737060547,-43.29690170288086,-43.29693603515625,-43.29697036743164,-43.297000885009766,-43.297035217285156,-43.29706954956055,-43.29710388183594,-43.29713821411133,-43.29717254638672,-43.29720687866211,-43.297237396240234,-43.297271728515625,-43.297306060791016,-43.297340393066406,-43.2973747253418,-43.29741287231445,-43.297447204589844,-43.297481536865234,-43.297515869140625,-43.297550201416016,-43.297584533691406,-43.2976188659668,-43.29765701293945,-43.297691345214844,-43.297725677490234,-43.297760009765625,-43.29779815673828,-43.29783248901367,-43.29786682128906,-43.29790115356445,-43.29793930053711,-43.2979736328125,-43.29800796508789,-43.29804611206055,-43.29808044433594,-43.298118591308594,-43.298152923583984,-43.298187255859375,-43.29822540283203,-43.29825973510742,-43.29829788208008,-43.29833221435547,-43.29836654663086,-43.298404693603516,-43.298439025878906,-43.29847717285156,-43.29851150512695,-43.29854965209961,-43.298583984375,-43.298622131347656,-43.29865646362305,-43.29869079589844,-43.298728942871094,-43.298763275146484,-43.29880142211914,-43.29883575439453,-43.29887008666992,-43.29890823364258,-43.29894256591797,-43.298980712890625,-43.299015045166016,-43.299049377441406,-43.29908752441406,-43.29912185668945,-43.299156188964844,-43.2991943359375,-43.29922866821289,-43.29926300048828,-43.29930114746094,-43.29933547973633,-43.29936981201172,-43.29940414428711,-43.299442291259766,-43.299476623535156,-43.29951095581055,-43.29954528808594,-43.29957962036133,-43.29961395263672,-43.29964828491211,-43.299686431884766,-43.299720764160156,-43.29975509643555,-43.29978942871094,-43.29982376098633,-43.29985427856445,-43.299888610839844,-43.299922943115234,-43.299957275390625,-43.299991607666016,-43.300025939941406,-43.3000602722168,-43.30009078979492,-43.30012512207031,-43.3001594543457,-43.30018997192383,-43.30022430419922,-43.300254821777344,-43.300289154052734,-43.300323486328125,-43.30035400390625,-43.300384521484375,-43.300418853759766,-43.30044937133789,-43.300479888916016,-43.300514221191406,-43.30054473876953,-43.300575256347656,-43.30060577392578,-43.30064010620117,-43.3006706237793,-43.30070114135742,-43.30073165893555,-43.30076217651367,-43.3007926940918,-43.300819396972656,-43.30084991455078,-43.300880432128906,-43.30091094970703,-43.30093765258789,-43.300968170166016,-43.30099868774414,-43.301025390625,-43.301055908203125,-43.301082611083984,-43.30111312866211,-43.30113983154297,-43.30116653442383,-43.30119705200195,-43.30122375488281,-43.30125045776367,-43.30127716064453,-43.30130386352539,-43.30133056640625,-43.30135726928711,-43.30138397216797,-43.30141067504883,-43.30143737792969,-43.30146408081055,-43.301490783691406,-43.301513671875,-43.30154037475586,-43.30156707763672,-43.30158996582031,-43.30161666870117,-43.301639556884766,-43.301666259765625,-43.30168914794922,-43.30171203613281,-43.301734924316406,-43.301761627197266,-43.30178451538086,-43.30180740356445,-43.30183029174805,-43.30185317993164,-43.301876068115234,-43.30189895629883,-43.30192184448242,-43.30194091796875,-43.301963806152344,-43.30198669433594,-43.30200958251953,-43.30202865600586,-43.30205154418945,-43.30207061767578,-43.302093505859375,-43.3021125793457,-43.30213165283203,-43.302154541015625,-43.30217361450195,-43.30219268798828,-43.30221176147461,-43.30223083496094,-43.302249908447266,-43.302268981933594,-43.30228805541992,-43.30230712890625,-43.30232620239258,-43.302345275878906,-43.302364349365234,-43.3023796081543,-43.302398681640625,-43.30241775512695,-43.302433013916016,-43.302452087402344,-43.302467346191406,-43.302486419677734,-43.3025016784668,-43.30251693725586,-43.30253601074219,-43.30255126953125,-43.30256652832031,-43.302581787109375,-43.30259704589844,-43.302616119384766,-43.30263137817383,-43.30264663696289,-43.30265808105469,-43.30267333984375,-43.30268859863281,-43.302703857421875,-43.30271911621094,-43.302734375,-43.3027458190918,-43.30276107788086,-43.302772521972656,-43.30278778076172,-43.302799224853516,-43.30281448364258,-43.302825927734375,-43.30284118652344,-43.302852630615234,-43.30286407470703,-43.302879333496094,-43.30289077758789,-43.30290222167969,-43.302913665771484,-43.30292510986328,-43.30293655395508,-43.30295181274414,-43.30296325683594,-43.302974700927734,-43.302982330322266,-43.30299377441406,-43.30300521850586,-43.303016662597656,-43.30302810668945,-43.30303955078125,-43.30304718017578,-43.30305862426758,-43.303070068359375,-43.303077697753906,-43.3030891418457,-43.303096771240234,-43.30310821533203,-43.30311584472656,-43.30312728881836,-43.30313491821289,-43.30314636230469,-43.30315399169922,-43.30316162109375,-43.30317306518555,-43.30318069458008,-43.30318832397461,-43.30319595336914,-43.30320739746094,-43.30321502685547,-43.30322265625,-43.30323028564453,-43.30323791503906,-43.303245544433594,-43.303253173828125,-43.303260803222656,-43.30326843261719,-43.30327606201172,-43.30328369140625,-43.30329132080078,-43.30329895019531,-43.30330276489258
-35.144073486328125,-35.37571334838867,-35.59650421142578,-35.80843734741211,-36.01314926147461,-36.211849212646484,-36.40522384643555,-36.59331512451172,-36.77604675292969,-36.95343017578125,-37.1256103515625,-37.29290771484375,-37.45561981201172,-37.61393356323242,-37.76792526245117,-37.91754150390625,-38.06267166137695,-38.20321273803711,-38.33906936645508,-38.47018814086914,-38.59657669067383,-38.718231201171875,-38.835140228271484,-38.947235107421875,-39.05439376831055,-39.15647506713867,-39.253360748291016,-39.345001220703125,-39.43148422241211,-39.51304244995117,-39.5900764465332,-39.663143157958984,-39.73288345336914,-39.79999923706055,-39.86517333984375,-39.92901611328125,-39.99204635620117,-40.05461120605469,-40.11689376831055,-40.17887878417969,-40.240386962890625,-40.30109405517578,-40.360595703125,-40.41847610473633,-40.474334716796875,-40.52783966064453,-40.57871627807617,-40.632694244384766,-40.68893814086914,-40.74578094482422,-40.8023567199707,-40.858177185058594,-40.91299819946289,-40.96670913696289,-41.01929473876953,-41.0707893371582,-41.121253967285156,-41.17076873779297,-41.219417572021484,-41.26726531982422,-41.31435012817383,-41.36069107055664,-41.40627670288086,-41.45109939575195,-41.495140075683594,-41.538394927978516,-41.58085632324219,-41.622528076171875,-41.663414001464844,-41.70353317260742,-41.74290466308594,-41.78156280517578,-41.819522857666016,-41.85680389404297,-41.89341735839844,-41.92937088012695,-41.964664459228516,-41.99930953979492,-42.03329849243164,-42.06663513183594,-42.09931564331055,-42.13133239746094,-42.16269302368164,-42.19338607788086,-42.223419189453125,-42.25278854370117,-42.281497955322266,-42.30956268310547,-42.33699417114258,-42.36381912231445,-42.39006042480469,-42.415748596191406,-42.440914154052734,-42.46558380126953,-42.48979187011719,-42.5135612487793,-42.53691101074219,-42.559852600097656,-42.5823974609375,-42.60455322265625,-42.62632369995117,-42.647708892822266,-42.6687126159668,-42.6893310546875,-42.709571838378906,-42.72943115234375,-42.74892044067383,-42.768043518066406,-42.78680419921875,-42.80521011352539,-42.823272705078125,-42.840999603271484,-42.858394622802734,-42.87546157836914,-42.892208099365234,-42.90863800048828,-42.92474365234375,-42.94052505493164,-42.95597457885742,-42.97108840942383,-42.98585510253906,-43.000267028808594,-43.02164077758789,-43.04536819458008,-43.07015609741211,-43.0952262878418,-43.120052337646484,-43.14424514770508,-43.167518615722656,-43.189659118652344,-43.21051025390625,-43.22997283935547,-43.24798583984375,-43.264522552490234,-43.27958297729492,-43.29320526123047,-43.30543518066406,-43.31635284423828,-43.3260383605957,-43.3345947265625,-43.342124938964844,-43.34873962402344,-43.354549407958984,-43.35966110229492,-43.36417770385742,-43.368202209472656,-43.3718147277832,-43.375099182128906,-43.37812042236328,-43.38093185424805,-43.383583068847656,-43.3861083984375,-43.38853073120117,-43.390869140625,-43.39313888549805,-43.39533996582031,-43.39748001098633,-43.39955139160156,-43.401554107666016,-43.403480529785156,-43.40532684326172,-43.40708923339844,-43.40876007080078,-43.41033935546875,-43.411827087402344,-43.41321563720703,-43.414512634277344,-43.41571807861328,-43.41683578491211,-43.417869567871094,-43.418827056884766,-43.419708251953125,-43.4205207824707,-43.4212760925293,-43.42197799682617,-43.422630310058594,-43.423240661621094,-43.4238166809082,-43.42435836791992,-43.42487716674805,-43.42536926269531,-43.42584228515625,-43.42629623413086,-43.426734924316406,-43.427162170410156,-43.42757797241211,-43.427978515625,-43.42837142944336,-43.428749084472656,-43.42911911010742,-43.429481506347656,-43.42982864379883,-43.43016815185547,-43.43049621582031,-43.43081283569336,-43.43111801147461,-43.43141555786133,-43.43170166015625,-43.43198013305664,-43.43224334716797,-43.43250274658203,-43.4327507019043,-43.432987213134766,-43.43321990966797,-43.433441162109375,-43.43365478515625,-43.43386459350586,-43.43406295776367,-43.43425750732422,-43.4344482421875,-43.434635162353516,-43.434814453125,-43.43498611450195,-43.435157775878906,-43.435325622558594,-43.435482025146484,-43.435638427734375,-43.435794830322266,-43.435943603515625,-43.43608474731445,-43.43622970581055,-43.43636703491211,-43.436500549316406,-43.4366340637207,-43.436763763427734,-43.436885833740234,-43.43701171875,-43.437129974365234,-43.43724822998047,-43.43736267089844,-43.43747329711914,-43.43758010864258,-43.43769073486328,-43.43779373168945,-43.437896728515625,-43.43799591064453,-43.43809509277344,-43.43819046020508,-43.43828582763672,-43.438377380371094,-43.43846893310547,-43.43855667114258,-43.43864440917969,-43.43872833251953,-43.438812255859375,-43.43889617919922,-43.4389762878418,-43.43905258178711,-43.43913269042969,-43.439208984375,-43.43928146362305,-43.43935775756836,-43.43942642211914,-43.43949890136719,-43.43956756591797,-43.43963623046875,-43.43970489501953,-43.43976974487305,-43.43983459472656,-43.43989562988281,-43.43996047973633,-43.44002151489258,-43.44008255004883,-43.44013977050781,-43.4401969909668,-43.44025421142578,-43.440311431884766,-43.440364837646484,-43.44042205810547,-43.44047546386719,-43.44052505493164,-43.44057846069336,-43.44062805175781,-43.440677642822266,-43.44072723388672,-43.44077682495117,-43.44082260131836,-43.44086837768555,-43.440914154052734,-43.44095993041992,-43.44100570678711,-43.44104766845703,-43.44108963012695,-43.441131591796875,-43.4411735534668,-43.44121551513672,-43.441253662109375,-43.44129180908203,-43.44133377075195,-43.44137191772461,-43.44140625,-43.441444396972656,-43.44148254394531,-43.4415168762207,-43.441551208496094,-43.441585540771484,-43.441619873046875,-43.441654205322266,-43.44168472290039,-43.44171905517578,-43.441749572753906,-43.44178009033203,-43.441810607910156,-43.44184112548828,-43.441871643066406,-43.44190216064453,-43.44192886352539,-43.441959381103516,-43.441986083984375,-43.442012786865234,-43.442039489746094,-43.44206619262695,-43.44209289550781,-43.44211959838867,-43.442142486572266,-43.442169189453125,-43.44219207763672,-43.44221878051758,-43.44224166870117,-43.442264556884766,-43.44228744506836,-43.44231033325195,-43.44233322143555,-43.442352294921875,-43.44237518310547,-43.4423942565918,-43.44241714477539,-43.44243621826172,-43.44245529174805,-43.442474365234375,-43.44249725341797,-43.4425163269043,-43.44253158569336,-43.44255065917969,-43.442569732666016,-43.442588806152344,-43.442604064941406,-43.442623138427734,-43.4426383972168,-43.442657470703125,-43.44267272949219,-43.44268798828125,-43.44270324707031,-43.442718505859375,-43.44273376464844,-43.4427490234375,-43.44276428222656,-43.442779541015625,-43.44279479980469,-43.44281005859375,-43.44282150268555,-43.44283676147461,-43.442848205566406,-43.44286346435547,-43.442874908447266,-43.44289016723633,-43.442901611328125,-43.44291305541992,-43.44292449951172,-43.442935943603516,-43.44294738769531,-43.44295883178711,-43.442970275878906,-43.4429817199707,-43.4429931640625,-43.4430046081543,-43.443016052246094,-43.44302749633789,-43.44303512573242,-43.44304656982422,-43.44305419921875,-43.44306564331055,-43.44307327270508,-43.443084716796875,-43.443092346191406,-43.4431037902832,-43.443111419677734,-43.443119049072266,-43.4431266784668,-43.44313430786133,-43.44314193725586,-43.44314956665039,-43.44315719604492,-43.44316864013672,-43.44317626953125,-43.44318389892578,-43.44319152832031,-43.443199157714844,-43.443206787109375,-43.443214416503906,-43.44322204589844,-43.4432258605957,-43.443233489990234
-32.93416976928711,-33.1296272277832,-33.350303649902344,-33.57994842529297,-33.814205169677734,-34.06463623046875,-34.32630920410156,-34.59130859375,-34.86507797241211,-35.14812469482422,-35.43238830566406,-35.71696853637695,-36.005558013916016,-36.29075241088867,-36.569236755371094,-36.84475326538086,-37.1122932434082,-37.369930267333984,-37.62184143066406,-37.86358642578125,-38.094970703125,-38.31849670410156,-38.52919006347656,-38.72849655151367,-38.9156494140625,-39.08821487426758,-39.24972915649414,-39.39851379394531,-39.53706359863281,-39.66789627075195,-39.79184341430664,-39.91328048706055,-40.032135009765625,-40.15129089355469,-40.27101135253906,-40.391395568847656,-40.51250457763672,-40.63260269165039,-40.75189208984375,-40.868167877197266,-40.98160171508789,-41.090675354003906,-41.195892333984375,-41.2962760925293,-41.39231872558594,-41.48353576660156,-41.57038497924805,-41.65239715576172,-41.730098724365234,-41.80327224731445,-41.87253952026367,-41.93788146972656,-41.99723815917969,-42.05656433105469,-42.11567306518555,-42.17408752441406,-42.23190689086914,-42.288726806640625,-42.34459686279297,-42.399192810058594,-42.45259094238281,-42.50457000732422,-42.55529022216797,-42.60465621948242,-42.652870178222656,-42.699928283691406,-42.74601745605469,-42.79115676879883,-42.8354606628418,-42.87895584106445,-42.92167282104492,-42.9636344909668,-43.004825592041016,-43.045284271240234,-43.084964752197266,-43.12392044067383,-43.16211700439453,-43.19956588745117,-43.23625564575195,-43.27216720581055,-43.307308197021484,-43.341670989990234,-43.37528610229492,-43.40818405151367,-43.44039535522461,-43.471961975097656,-43.50288391113281,-43.533172607421875,-43.562828063964844,-43.591819763183594,-43.62014389038086,-43.647789001464844,-43.67474365234375,-43.70100784301758,-43.72658157348633,-43.75147247314453,-43.77568817138672,-43.79924392700195,-43.822147369384766,-43.844417572021484,-43.86606979370117,-43.887107849121094,-43.90755844116211,-43.927433013916016,-43.946739196777344,-43.965492248535156,-43.983707427978516,-44.00138854980469,-44.01854705810547,-44.035194396972656,-44.05133819580078,-44.066986083984375,-44.082149505615234,-44.099403381347656,-44.117496490478516,-44.13571548461914,-44.15386962890625,-44.17167282104492,-44.18891906738281,-44.20558547973633,-44.22167205810547,-44.23711013793945,-44.25188064575195,-44.26606369018555,-44.27973937988281,-44.292945861816406,-44.30571746826172,-44.31813430786133,-44.33028030395508,-44.34218215942383,-44.353851318359375,-44.36531066894531,-44.37657928466797,-44.387657165527344,-44.39852523803711,-44.4091682434082,-44.419578552246094,-44.42974853515625,-44.439659118652344,-44.44929504394531,-44.458656311035156,-44.46773910522461,-44.47654342651367,-44.48506546020508,-44.493309020996094,-44.501285552978516,-44.50899887084961,-44.516456604003906,-44.5236701965332,-44.530643463134766,-44.537384033203125,-44.54390335083008,-44.550201416015625,-44.5562858581543,-44.562156677246094,-44.56782531738281,-44.57328414916992,-44.57854461669922,-44.58360290527344,-44.58846664428711,-44.5931396484375,-44.59762191772461,-44.60192108154297,-44.60604476928711,-44.60999298095703,-44.613773345947266,-44.617393493652344,-44.620853424072266,-44.624149322509766,-44.627254486083984,-44.63009262084961,-44.632511138916016,-44.63442611694336,-44.6365852355957,-44.64031219482422,-44.644107818603516,-44.645851135253906,-44.647579193115234,-44.65089797973633,-44.65334701538086,-44.65475082397461,-44.6573600769043,-44.65986633300781,-44.66132736206055,-44.663570404052734,-44.66594314575195,-44.6674919128418,-44.66958236694336,-44.67183303833008,-44.67347717285156,-44.67552947998047,-44.6777229309082,-44.67948532104492,-44.68157196044922,-44.683780670166016,-44.68570327758789,-44.68788528442383,-44.690189361572266,-44.69231033325195,-44.69464874267578,-44.697120666503906,-44.699493408203125,-44.70205307006836,-44.70476531982422,-44.70744705200195,-44.71030044555664,-44.71332550048828,-44.71638488769531,-44.7196044921875,-44.723026275634766,-44.72653579711914,-44.7302131652832,-44.73411560058594,-44.7381591796875,-44.74238586425781,-44.746856689453125,-44.75152587890625,-44.75639724731445,-44.761531829833984,-44.766910552978516,-44.772518157958984,-44.77840042114258,-44.78456115722656,-44.790977478027344,-44.797672271728516,-44.804664611816406,-44.81193161010742,-44.81947326660156,-44.827301025390625,-44.835411071777344,-44.84377670288086,-44.85240173339844,-44.86127853393555,-44.870384216308594,-44.87969970703125,-44.88920593261719,-44.89888000488281,-44.908687591552734,-44.918601989746094,-44.9285888671875,-44.9386100769043,-44.94862747192383,-44.95859909057617,-44.96848678588867,-44.978240966796875,-44.98782730102539,-44.9972038269043,-45.00633239746094,-45.01517105102539,-45.0236930847168,-45.0318717956543,-45.03968048095703,-45.047096252441406,-45.05411148071289,-45.06071472167969,-45.06690979003906,-45.072696685791016,-45.07808303833008,-45.083091735839844,-45.08773422241211,-45.092037200927734,-45.09602355957031,-45.0997200012207,-45.103153228759766,-45.10634994506836,-45.109336853027344,-45.11213302612305,-45.11476516723633,-45.117244720458984,-45.119590759277344,-45.1218147277832,-45.123924255371094,-45.12592697143555,-45.127830505371094,-45.12963104248047,-45.13133239746094,-45.13294219970703,-45.13445281982422,-45.135868072509766,-45.13719177246094,-45.13842010498047,-45.139556884765625,-45.14060592651367,-45.14157485961914,-45.142459869384766,-45.14326477050781,-45.144004821777344,-45.14467239379883,-45.14528274536133,-45.14583206176758,-45.146331787109375,-45.146785736083984,-45.147193908691406,-45.14756393432617,-45.14789962768555,-45.14820098876953,-45.14847183227539,-45.148719787597656,-45.14894104003906,-45.149139404296875,-45.14931869506836,-45.14948272705078,-45.14962387084961,-45.14975357055664,-45.149871826171875,-45.14997482299805,-45.15006637573242,-45.150150299072266,-45.15022277832031,-45.150291442871094,-45.150352478027344,-45.15040588378906,-45.15045166015625,-45.15049362182617,-45.15053176879883,-45.15056610107422,-45.150596618652344,-45.1506233215332,-45.1506462097168,-45.150665283203125,-45.15068435668945,-45.150699615478516,-45.15071105957031,-45.15072250366211,-45.150733947753906,-45.15074157714844,-45.1507453918457,-45.150753021240234,-45.1507568359375,-45.150760650634766,-45.150760650634766
-32.64187240600586,-32.773616790771484,-32.90213394165039,-33.025718688964844,-33.143524169921875,-33.25537872314453,-33.36152267456055,-33.462520599365234,-33.55915069580078,-33.652278900146484,-33.74273681640625,-33.831241607666016,-33.91836929321289,-34.00455093383789,-34.09012222290039,-34.17533874511719,-34.26041793823242,-34.34556198120117,-34.43095397949219,-34.51676940917969,-34.60319137573242,-34.690433502197266,-34.77876663208008,-34.868560791015625,-34.96025848388672,-35.05434036254883,-35.1512565612793,-35.251346588134766,-35.354801177978516,-35.46160888671875,-35.57158660888672,-35.68437957763672,-35.79954528808594,-35.91655349731445,-36.03480529785156,-36.15359878540039,-36.27211380004883,-36.38937759399414,-36.504356384277344,-36.616111755371094,-36.72404098510742,-36.828094482421875,-36.92885971069336,-37.02739334106445,-37.124916076660156,-37.222503662109375,-37.32085418701172,-37.42015838623047,-37.52004623413086,-37.619632720947266,-37.7179069519043,-37.8144645690918,-37.91020584106445,-38.0069465637207,-38.10602951049805,-38.20734786987305,-38.30957794189453,-38.411006927490234,-38.51078796386719,-38.61006164550781,-38.71126174926758,-38.81539535522461,-38.92054748535156,-39.02341842651367,-39.12211990356445,-39.21765899658203,-39.311805725097656,-39.404075622558594,-39.49238967895508,-39.575984954833984,-39.656654357910156,-39.73627853393555,-39.814064025878906,-39.88785934448242,-39.95738220214844,-40.024532318115234,-40.09034729003906,-40.153926849365234,-40.214881896972656,-40.274864196777344,-40.33519744873047,-40.39506149291992,-40.45392990112305,-40.51322937011719,-40.57363510131836,-40.63398361206055,-40.694366455078125,-40.756134033203125,-40.818519592285156,-40.880855560302734,-40.94456100463867,-41.00924301147461,-41.07426452636719,-41.14070510864258,-41.20726013183594,-41.27354049682617,-41.33977127075195,-41.40446090698242,-41.46831512451172,-41.5301399230957,-41.589908599853516,-41.64714050292969,-41.70135498046875,-41.75285339355469,-41.801204681396484,-41.84708023071289,-41.890113830566406,-41.93106460571289,-41.969703674316406,-42.00666427612305,-42.04163360595703,-42.07491683959961,-42.10619354248047,-42.13939666748047,-42.173091888427734,-42.20619201660156,-42.23793411254883,-42.26847457885742,-42.29793167114258,-42.32685089111328,-42.35528564453125,-42.38347244262695,-42.41131591796875,-42.43896484375,-42.466365814208984,-42.49367141723633,-42.52090072631836,-42.548221588134766,-42.57568359375,-42.603431701660156,-42.63147735595703,-42.65988540649414,-42.688621520996094,-42.71771240234375,-42.747108459472656,-42.77683639526367,-42.80683135986328,-42.83708572387695,-42.86750793457031,-42.89802551269531,-42.92851257324219,-42.95884704589844,-42.9888801574707,-43.018489837646484,-43.04755783081055,-43.07597351074219,-43.10365295410156,-43.1304931640625,-43.156429290771484,-43.1813850402832,-43.20530700683594,-43.228145599365234,-43.249874114990234,-43.270477294921875,-43.289947509765625,-43.30830001831055,-43.32554626464844,-43.34170913696289,-43.356815338134766,-43.37089538574219,-43.38399124145508,-43.39615249633789,-43.40742874145508,-43.417877197265625,-43.42755126953125,-43.4365119934082,-43.44481658935547,-43.46588897705078,-43.491302490234375,-43.51913070678711,-43.54848861694336,-43.57876205444336,-43.609493255615234,-43.64043045043945,-43.671424865722656,-43.70233154296875,-43.733036041259766,-43.76348114013672,-43.79364013671875,-43.82345962524414,-43.85289001464844,-43.881900787353516,-43.91047668457031,-43.9385871887207,-43.96620178222656,-43.993309020996094,-44.019901275634766,-44.04597091674805,-44.071510314941406,-44.09651184082031,-44.120975494384766,-44.14488983154297,-44.16825485229492,-44.19105529785156,-44.213279724121094,-44.234920501708984,-44.25596618652344,-44.27641296386719,-44.2962532043457,-44.315486907958984,-44.33411407470703,-44.352149963378906,-44.36960220336914,-44.38648986816406,-44.40283203125,-44.41865539550781,-44.43397521972656,-44.44881057739258,-44.46318817138672,-44.47711944580078,-44.49061965942383,-44.503692626953125,-44.51634979248047,-44.528594970703125,-44.540428161621094,-44.551849365234375,-44.56285858154297,-44.57345962524414,-44.58365249633789,-44.59343338012695,-44.60280990600586,-44.61178207397461,-44.620357513427734,-44.628543853759766,-44.636348724365234,-44.64377975463867,-44.650848388671875,-44.657562255859375,-44.663936614990234,-44.669979095458984,-44.67570114135742,-44.68111038208008,-44.686222076416016,-44.691043853759766,-44.69558334350586,-44.699851989746094,-44.703861236572266,-44.70761489868164,-44.71112823486328,-44.71440887451172,-44.71746826171875,-44.72031021118164,-44.72295379638672,-44.725399017333984,-44.72766876220703,-44.72976303100586,-44.731693267822266,-44.73347091674805,-44.735107421875,-44.736610412597656,-44.73799133300781,-44.739253997802734,-44.74040603637695,-44.741458892822266,-44.7424201965332,-44.7432975769043,-44.74409103393555,-44.744815826416016,-44.74546813964844,-44.74605941772461,-44.7465934753418,-44.74707794189453,-44.74751281738281,-44.747901916503906,-44.748252868652344,-44.748565673828125,-44.74884796142578,-44.74909973144531,-44.749324798583984,-44.7495231628418,-44.74970245361328,-44.74986267089844,-44.750003814697266,-44.75012969970703,-44.750240325927734,-44.75033950805664,-44.750431060791016,-44.75050735473633,-44.750579833984375,-44.750640869140625,-44.75069808959961,-44.75074768066406,-44.75079345703125,-44.75083541870117,-44.75087356567383,-44.75090789794922,-44.750938415527344,-44.7509651184082,-44.75099182128906,-44.75101852416992,-44.751041412353516,-44.75106430053711,-44.75108337402344,-44.751102447509766,-44.751121520996094,-44.75114059448242,-44.75115966796875,-44.75117874145508,-44.75119400024414,-44.75121307373047,-44.75122833251953,-44.751243591308594,-44.751258850097656,-44.751277923583984,-44.75129318237305,-44.75130844116211,-44.75132369995117,-44.75133514404297,-44.75135040283203,-44.751365661621094,-44.751380920410156,-44.75139617919922,-44.751407623291016,-44.75142288208008,-44.75143814086914,-44.75144958496094,-44.75146484375,-44.7514762878418,-44.75149154663086,-44.751502990722656,-44.75151443481445,-44.751529693603516,-44.75154113769531,-44.75155258178711,-44.75156784057617,-44.75157928466797,-44.751590728759766,-44.75160217285156,-44.75161361694336,-44.751625061035156,-44.75163650512695,-44.75164794921875,-44.75165939331055,-44.75166702270508,-44.751678466796875,-44.751686096191406,-44.75168991088867,-44.751686096191406,-44.75166320800781
-33.18699264526367,-33.331905364990234,-33.4732551574707,-33.6096076965332,-33.739627838134766,-33.86257553100586,-33.97855758666992,-34.08818817138672,-34.1925048828125,-34.29273986816406,-34.39005661010742,-34.48537063598633,-34.57931900024414,-34.67228698730469,-34.76445007324219,-34.85587692260742,-34.94656753540039,-35.036521911621094,-35.12574005126953,-35.214195251464844,-35.30184555053711,-35.388607025146484,-35.47434997558594,-35.558921813964844,-35.642154693603516,-35.723915100097656,-35.80413055419922,-35.882835388183594,-35.960147857666016,-36.036224365234375,-36.111228942871094,-36.185272216796875,-36.258445739746094,-36.33087921142578,-36.40280532836914,-36.47462463378906,-36.546932220458984,-36.62043380737305,-36.69584655761719,-36.773658752441406,-36.854000091552734,-36.93662643432617,-37.0211296081543,-37.107364654541016,-37.19588088989258,-37.28775405883789,-37.3837776184082,-37.48384094238281,-37.58712387084961,-37.69298553466797,-37.802101135253906,-37.91605758666992,-38.03512954711914,-38.15808868408203,-38.28517532348633,-38.41866683959961,-38.55890655517578,-38.70416259765625,-38.85508346557617,-39.012699127197266,-39.1737060546875,-39.33649444580078,-39.500732421875,-39.66194152832031,-39.81845474243164,-39.96931076049805,-40.111148834228516,-40.24512481689453,-40.370201110839844,-40.486934661865234,-40.59722900390625,-40.700748443603516,-40.799861907958984,-40.893733978271484,-40.983489990234375,-41.06829071044922,-41.14833450317383,-41.223411560058594,-41.29363250732422,-41.35934829711914,-41.42079544067383,-41.478424072265625,-41.53251266479492,-41.5831184387207,-41.63043212890625,-41.67411422729492,-41.714576721191406,-41.75151062011719,-41.78563690185547,-41.81700897216797,-41.8513298034668,-41.887813568115234,-41.92567443847656,-41.96440887451172,-42.00367736816406,-42.04326629638672,-42.08282470703125,-42.122257232666016,-42.1612434387207,-42.19981384277344,-42.237789154052734,-42.27528762817383,-42.3122673034668,-42.34880065917969,-42.3848876953125,-42.42047882080078,-42.455562591552734,-42.49000549316406,-42.52377700805664,-42.55674362182617,-42.58882141113281,-42.61989974975586,-42.649818420410156,-42.67845153808594,-42.705623626708984,-42.731197357177734,-42.75507354736328,-42.77716827392578,-42.797462463378906,-42.815982818603516,-42.832759857177734,-42.84787368774414,-42.861419677734375,-42.87347412109375,-42.884151458740234,-42.89356231689453,-42.901824951171875,-42.90908432006836,-42.924217224121094,-42.94157409667969,-42.9600715637207,-42.97932434082031,-42.99903869628906,-43.01899337768555,-43.03900909423828,-43.058982849121094,-43.07888412475586,-43.09872055053711,-43.11851119995117,-43.138240814208984,-43.15788269042969,-43.177406311035156,-43.196800231933594,-43.216064453125,-43.23521041870117,-43.25423812866211,-43.273128509521484,-43.291873931884766,-43.310447692871094,-43.32884216308594,-43.3470458984375,-43.36504364013672,-43.382816314697266,-43.40034484863281,-43.4175910949707,-43.434539794921875,-43.451171875,-43.46746826171875,-43.483421325683594,-43.499019622802734,-43.514244079589844,-43.52908706665039,-43.543521881103516,-43.55753707885742,-43.57111358642578,-43.5842399597168,-43.596900939941406,-43.60908126831055,-43.620765686035156,-43.6319465637207,-43.64262390136719,-43.65279769897461,-43.6624755859375,-43.671669006347656,-43.680389404296875,-43.688663482666016,-43.696510314941406,-43.70396423339844,-43.711055755615234,-43.71782302856445,-43.72431182861328,-43.73056411743164,-43.73662185668945,-43.7425422668457,-43.748374938964844,-43.75416564941406,-43.75997543334961,-43.76585388183594,-43.7718505859375,-43.77802276611328,-43.784423828125,-43.79110336303711,-43.7981071472168,-43.80549240112305,-43.813297271728516,-43.82157516479492,-43.83036422729492,-43.83970260620117,-43.84962844848633,-43.86016845703125,-43.87134552001953,-43.88316345214844,-43.89558029174805,-43.90850830078125,-43.92197036743164,-43.93657302856445,-43.9528923034668,-43.96961975097656,-43.98597717285156,-44.003482818603516,-44.0224609375,-44.041343688964844,-44.060569763183594,-44.08115005493164,-44.101966857910156,-44.12281036376953,-44.14463424682617,-44.16673278808594,-44.18869400024414,-44.21123504638672,-44.23393630981445,-44.2563362121582,-44.278934478759766,-44.30149459838867,-44.323577880859375,-44.34550857543945,-44.367191314697266,-44.38823699951172,-44.4088249206543,-44.4289665222168,-44.4483528137207,-44.467044830322266,-44.48512649536133,-44.502376556396484,-44.51877975463867,-44.53444290161133,-44.549259185791016,-44.563167572021484,-44.576271057128906,-44.58856201171875,-44.599971771240234,-44.61058044433594,-44.620445251464844,-44.62953186035156,-44.63787841796875,-44.64556884765625,-44.65261459350586,-44.65903091430664,-44.664886474609375,-44.670230865478516,-44.67508316040039,-44.67947769165039,-44.68347930908203,-44.68711471557617,-44.69040298461914,-44.69339370727539,-44.69611740112305,-44.69858932495117,-44.700843811035156,-44.702903747558594,-44.70479202270508,-44.70652389526367,-44.7081184387207,-44.709590911865234,-44.71095657348633,-44.712223052978516,-44.71340560913086,-44.71451187133789,-44.715545654296875,-44.71651840209961,-44.717437744140625,-44.71830749511719,-44.71913146972656,-44.71990966796875,-44.72065734863281,-44.721370697021484,-44.722049713134766,-44.72270584106445,-44.723331451416016,-44.72393798828125,-44.72452163696289,-44.72509002685547,-44.72563934326172,-44.726173400878906,-44.72669219970703,-44.727203369140625,-44.727699279785156,-44.728187561035156,-44.728668212890625,-44.72914123535156,-44.729610443115234,-44.73006820678711,-44.730525970458984,-44.730979919433594,-44.73143005371094,-44.731876373291016,-44.732322692871094,-44.732765197753906,-44.73320770263672,-44.73365020751953,-44.73408889770508,-44.734527587890625,-44.73496627807617,-44.73540496826172,-44.735843658447266,-44.73627853393555,-44.73671340942383,-44.73714828491211,-44.73758316040039,-44.738014221191406,-44.73844528198242,-44.73887252807617,-44.73929977416992,-44.739723205566406,-44.740142822265625,-44.740562438964844,-44.74097442626953,-44.74138259887695,-44.74178695678711,-44.7421875,-44.74258041381836,-44.74296951293945,-44.743350982666016,-44.74372863769531,-44.74409484863281,-44.74445724487305,-44.744808197021484,-44.745155334472656,-44.74549102783203,-44.745819091796875,-44.74613571166992,-44.74644470214844,-44.74674606323242,-44.74703598022461,-44.747318267822266,-44.747589111328125,-44.74784851074219,-44.74810028076172,-44.74834060668945,-44.74856948852539,-44.7487907409668,-44.74900436401367,-44.749202728271484,-44.74939727783203,-44.749576568603516,-44.749752044677734,-44.749916076660156,-44.75007247924805,-44.75021743774414,-44.75035858154297,-44.75048828125,-44.750614166259766,-44.750728607177734,-44.75083923339844,-44.75094223022461,-44.75103759765625,-44.751129150390625,-44.75121307373047,-44.75129318237305,-44.75136947631836,-44.75143814086914,-44.751502990722656,-44.75156784057617,-44.751625061035156,-44.751678466796875,-44.75172805786133,-44.75177764892578,-44.7518196105957,-44.751861572265625,-44.75190353393555,-44.75193786621094,-44.75197219848633,-44.75200653076172,-44.752037048339844,-44.75206756591797,-44.75209426879883,-44.75212097167969,-44.75214385986328,-44.752166748046875,-44.75218963623047,-44.7522087097168,-44.752227783203125,-44.75224685668945,-44.75226593017578,-44.752281188964844,-44.75230026245117,-44.752315521240234,-44.75232696533203,-44.752342224121094,-44.75235366821289,-44.75236892700195,-44.75238037109375,-44.75239181518555,-44.752403259277344,-44.752410888671875,-44.75242233276367,-44.75243377685547,-44.75244140625,-44.75244903564453,-44.75246047973633,-44.75246810913086,-44.75247573852539,-44.75248336791992,-44.75249099731445,-44.752498626708984,-44.75250244140625,-44.75251007080078,-44.75251770019531,-44.75252151489258
-33.51271438598633,-33.59516906738281,-33.678157806396484,-33.761199951171875,-33.84404754638672,-33.92654800415039,-34.0085563659668,-34.09009552001953,-34.171382904052734,-34.252620697021484,-34.333953857421875,-34.41550064086914,-34.49742126464844,-34.579925537109375,-34.66315841674805,-34.74720764160156,-34.83211135864258,-34.91792297363281,-35.0047607421875,-35.092891693115234,-35.182884216308594,-35.275699615478516,-35.372314453125,-35.47301483154297,-35.57719802856445,-35.68368911743164,-35.79173278808594,-35.90228271484375,-36.0168571472168,-36.13486099243164,-36.25360107421875,-36.37022018432617,-36.484954833984375,-36.60146713256836,-36.72194290161133,-36.84577560424805,-36.97100067138672,-37.09601974487305,-37.22197723388672,-37.3520622253418,-37.4861946105957,-37.621212005615234,-37.75638961791992,-37.89527893066406,-38.0395393371582,-38.18735885620117,-38.339637756347656,-38.501834869384766,-38.6738166809082,-38.852298736572266,-39.03987121582031,-39.23537826538086,-39.432830810546875,-39.633201599121094,-39.83372116088867,-40.02974319458008,-40.224124908447266,-40.41282272338867,-40.597618103027344,-40.77766036987305,-40.9498291015625,-41.11384963989258,-41.264068603515625,-41.40128707885742,-41.52169418334961,-41.62864685058594,-41.72157669067383,-41.804954528808594,-41.87849807739258,-41.94501495361328,-42.003116607666016,-42.05450439453125,-42.09809112548828,-42.13595962524414,-42.16785430908203,-42.19587326049805,-42.219703674316406,-42.248897552490234,-42.27963638305664,-42.311283111572266,-42.342613220214844,-42.37399673461914,-42.404808044433594,-42.43534469604492,-42.465335845947266,-42.49497985839844,-42.52412414550781,-42.552825927734375,-42.58103942871094,-42.60871887207031,-42.635799407958984,-42.66209411621094,-42.68750762939453,-42.71187210083008,-42.73518371582031,-42.75737380981445,-42.77851486206055,-42.798580169677734,-42.817665100097656,-42.83575439453125,-42.8529167175293,-42.86917495727539,-42.884639739990234,-42.8994026184082,-42.91356658935547,-42.927215576171875,-42.940399169921875,-42.953163146972656,-42.965518951416016,-42.97750473022461,-42.989139556884766,-43.000484466552734,-43.01155471801758,-43.02241516113281,-43.03307342529297,-43.0435791015625,-43.05394744873047,-43.06423568725586,-43.07448959350586,-43.08475875854492,-43.0951042175293,-43.10557556152344,-43.11623001098633,-43.127113342285156,-43.138267517089844,-43.14973831176758,-43.161556243896484,-43.17375946044922,-43.18636703491211,-43.19940948486328,-43.2129020690918,-43.22685623168945,-43.24127960205078,-43.256168365478516,-43.271514892578125,-43.28730773925781,-43.30352020263672,-43.320125579833984,-43.33708572387695,-43.35436248779297,-43.37189865112305,-43.3896369934082,-43.40752029418945,-43.425479888916016,-43.443450927734375,-43.46136474609375,-43.47916030883789,-43.49676513671875,-43.514122009277344,-43.53117370605469,-43.54787063598633,-43.564170837402344,-43.58003616333008,-43.59543228149414,-43.61034393310547,-43.62474822998047,-43.638641357421875,-43.652015686035156,-43.66487503051758,-43.67722702026367,-43.689083099365234,-43.7004508972168,-43.71135330200195,-43.721797943115234,-43.7318000793457,-43.74137878417969,-43.75053787231445,-43.75929641723633,-43.767662048339844,-43.775638580322266,-43.78322982788086,-43.79044723510742,-43.79729080200195,-43.80376434326172,-43.809871673583984,-43.824119567871094,-43.84086990356445,-43.858863830566406,-43.8775749206543,-43.89662170410156,-43.91592025756836,-43.93537521362305,-43.954952239990234,-43.974666595458984,-43.99452590942383,-44.01456069946289,-44.03484344482422,-44.05545425415039,-44.07646942138672,-44.09794616699219,-44.119937896728516,-44.14249038696289,-44.165653228759766,-44.18947982788086,-44.21400451660156,-44.239261627197266,-44.2652587890625,-44.2919921875,-44.319435119628906,-44.34754180908203,-44.37624740600586,-44.405460357666016,-44.43508529663086,-44.46501541137695,-44.49513626098633,-44.52535629272461,-44.55561065673828,-44.58583068847656,-44.61587905883789,-44.64550018310547,-44.674896240234375,-44.70574188232422,-44.73759841918945,-44.766761779785156,-44.794551849365234,-44.82358932495117,-44.8506965637207,-44.875431060791016,-44.90058898925781,-44.92391586303711,-44.945098876953125,-44.96626281738281,-44.98543930053711,-45.002838134765625,-45.01970291137695,-45.03435516357422,-45.04754638671875,-45.059776306152344,-45.06992721557617,-45.07902145385742,-45.087005615234375,-45.09336853027344,-45.09901428222656,-45.10356521606445,-45.10697937011719,-45.10986328125,-45.11181640625,-45.113094329833984,-45.114044189453125,-45.114376068115234,-45.114471435546875,-45.11442565917969,-45.11408996582031,-45.11378479003906,-45.113441467285156,-45.11302185058594,-45.112728118896484,-45.112449645996094,-45.11220169067383,-45.11210632324219,-45.11204528808594,-45.112064361572266,-45.112205505371094,-45.11236572265625,-45.11259078979492,-45.112884521484375,-45.113162994384766,-45.11347579956055,-45.11380386352539,-45.114105224609375,-45.11441421508789,-45.11471176147461,-45.1149787902832,-45.115234375,-45.1154670715332,-45.115665435791016,-45.1158447265625,-45.11600112915039,-45.116127014160156,-45.11623764038086,-45.116329193115234,-45.116397857666016,-45.11646270751953,-45.116512298583984,-45.11655044555664,-45.116580963134766,-45.116607666015625,-45.11662673950195,-45.116641998291016,-45.11665725708008,-45.116668701171875,-45.11668014526367,-45.11669158935547,-45.116703033447266,-45.11671447753906,-45.116729736328125,-45.11674499511719,-45.116756439208984,-45.11677169799805,-45.11678695678711,-45.11680603027344,-45.1168212890625,-45.11683654785156,-45.11685562133789,-45.11687088012695,-45.116886138916016,-45.11690139770508,-45.11691665649414,-45.1169319152832,-45.116947174072266,-45.11695861816406,-45.116973876953125,-45.11698532104492,-45.11699676513672,-45.117008209228516,-45.11701965332031,-45.11703109741211,-45.117042541503906,-45.1170539855957,-45.117061614990234,-45.11707305908203,-45.11708068847656,-45.11709213256836,-45.11709976196289,-45.11711120605469,-45.117122650146484,-45.117130279541016,-45.11714172363281,-45.117149353027344,-45.11716079711914,-45.11716842651367,-45.11717987060547,-45.1171875,-45.1171989440918,-45.11720657348633,-45.117218017578125,-45.117225646972656,-45.11723709106445,-45.117244720458984,-45.11725616455078,-45.11726379394531,-45.11727523803711,-45.11728286743164,-45.11729431152344,-45.11730194091797,-45.117313385009766,-45.1173210144043,-45.117332458496094,-45.117340087890625,-45.11735153198242,-45.11735916137695,-45.11737060546875,-45.11737823486328,-45.11738967895508,-45.11739730834961,-45.117408752441406,-45.11741638183594,-45.117427825927734,-45.117435455322266,-45.11744689941406,-45.117454528808594,-45.11746597290039,-45.11747360229492,-45.11748504638672,-45.11749267578125,-45.11750030517578,-45.11751174926758,-45.11751937866211,-45.117530822753906,-45.11753845214844,-45.117549896240234,-45.117557525634766,-45.11756896972656,-45.117576599121094,-45.11758804321289,-45.11759567260742,-45.11760711669922,-45.11761474609375,-45.11762237548828,-45.11763381958008,-45.11764144897461,-45.117652893066406,-45.11766052246094,-45.117671966552734,-45.117679595947266,-45.11769104003906,-45.117698669433594,-45.11771011352539,-45.11771774291992,-45.11772537231445,-45.11773681640625,-45.11774444580078,-45.11775588989258,-45.11776351928711,-45.117774963378906,-45.11778259277344,-45.11779022216797,-45.117801666259766,-45.1178092956543,-45.117820739746094,-45.117828369140625,-45.11783981323242,-45.11784744262695,-45.117855072021484,-45.11786651611328,-45.11787414550781,-45.11788558959961,-45.11789321899414,-45.11790466308594,-45.11791229248047,-45.117919921875,-45.1179313659668,-45.11793899536133,-45.117950439453125,-45.117958068847656,-45.11796569824219,-45.117977142333984,-45.117984771728516,-45.11799621582031,-45.118003845214844,-45.118011474609375,-45.11802291870117,-45.1180305480957,-45.118038177490234,-45.11804962158203,-45.11805725097656,-45.11806869506836,-45.11807632446289,-45.11808395385742,-45.11809539794922,-45.11810302734375,-45.11811065673828,-45.11812210083008,-45.11812973022461,-45.118141174316406,-45.11814880371094,-45.11815643310547,-45.118167877197266,-45.1181755065918,-45.11818313598633,-45.118194580078125,-45.118202209472656,-45.11820983886719,-45.118221282958984,-45.118228912353516,-45.11823654174805,-45.118247985839844,-45.118255615234375,-45.118263244628906,-45.1182746887207,-45.118282318115234,-45.118289947509766,-45.11830139160156,-45.118309020996094,-45.118316650390625,-45.118324279785156,-45.11833572387695,-45.118343353271484,-45.118350982666016,-45.11836242675781,-45.118370056152344,-45.118377685546875,-45.11838912963867,-45.1183967590332,-45.118404388427734,-45.118412017822266,-45.11842346191406,-45.118431091308594,-45.118438720703125,-45.118446350097656,-45.11845779418945,-45.118465423583984,-45.118473052978516,-45.11848068237305,-45.118492126464844,-45.118499755859375,-45.118507385253906,-45.11851501464844,-45.118526458740234,-45.118534088134766,-45.1185417175293,-45.11854934692383,-45.118560791015625,-45.118568420410156,-45.11857604980469,-45.11858367919922,-45.11859130859375,-45.11860275268555,-45.11861038208008,-45.11861801147461,-45.118621826171875,-45.118629455566406,-45.11862564086914
-32.303627014160156,-32.39681625366211,-32.4909553527832,-32.58666229248047,-32.68400192260742,-32.78289031982422,-32.8831787109375,-32.98466873168945,-33.08713912963867,-33.19033432006836,-33.29409408569336,-33.398555755615234,-33.50408172607422,-33.61093521118164,-33.71927261352539,-33.82919692993164,-33.940860748291016,-34.05463790893555,-34.171058654785156,-34.290252685546875,-34.41189193725586,-34.535491943359375,-34.660865783691406,-34.78840255737305,-34.91822814941406,-35.04985809326172,-35.18352508544922,-35.32014846801758,-35.45996856689453,-35.60285568237305,-35.749549865722656,-35.901100158691406,-36.05730056762695,-36.21916961669922,-36.387001037597656,-36.56026840209961,-36.739967346191406,-36.925071716308594,-37.11650848388672,-37.313072204589844,-37.51559829711914,-37.72263717651367,-37.93385696411133,-38.148460388183594,-38.36539840698242,-38.584381103515625,-38.80406951904297,-39.023170471191406,-39.24089431762695,-39.45578384399414,-39.666622161865234,-39.87200927734375,-40.07004165649414,-40.25912857055664,-40.43812942504883,-40.60675048828125,-40.76487731933594,-40.912086486816406,-41.04949188232422,-41.17926788330078,-41.3032341003418,-41.42243194580078,-41.53730773925781,-41.6488037109375,-41.757110595703125,-41.86091613769531,-41.958900451660156,-42.050498962402344,-42.135066986083984,-42.2116584777832,-42.27964782714844,-42.3391227722168,-42.39085388183594,-42.43538284301758,-42.47331237792969,-42.50575637817383,-42.53941345214844,-42.57419967651367,-42.609310150146484,-42.64487838745117,-42.68072509765625,-42.7164192199707,-42.75198745727539,-42.7872428894043,-42.821807861328125,-42.855690002441406,-42.88884353637695,-42.921043395996094,-42.95229721069336,-42.982749938964844,-43.01235580444336,-43.041229248046875,-43.06962585449219,-43.09764862060547,-43.1253547668457,-43.15289306640625,-43.18031311035156,-43.20755386352539,-43.23457336425781,-43.26134490966797,-43.287784576416016,-43.31379699707031,-43.33935546875,-43.364444732666016,-43.38903045654297,-43.413082122802734,-43.436622619628906,-43.45966339111328,-43.482200622558594,-43.504215240478516,-43.52571487426758,-43.54667663574219,-43.567073822021484,-43.586856842041016,-43.60597610473633,-43.6244010925293,-43.64208221435547,-43.65898132324219,-43.6750602722168,-43.69029998779297,-43.70469284057617,-43.71824264526367,-43.73094940185547,-43.74283981323242,-43.753929138183594,-43.76425552368164,-43.77384567260742,-43.782745361328125,-43.79098129272461,-43.80490493774414,-43.820552825927734,-43.83688735961914,-43.853458404541016,-43.86994934082031,-43.88618850708008,-43.9021110534668,-43.917728424072266,-43.93306350708008,-43.948177337646484,-43.96314239501953,-43.97804641723633,-43.99294662475586,-44.00787353515625,-44.02285385131836,-44.03790283203125,-44.05300521850586,-44.06812286376953,-44.08323669433594,-44.098323822021484,-44.113365173339844,-44.12833786010742,-44.14323043823242,-44.15805435180664,-44.17282485961914,-44.187538146972656,-44.202213287353516,-44.21687316894531,-44.23152160644531,-44.24617385864258,-44.260833740234375,-44.2755012512207,-44.290184020996094,-44.304874420166016,-44.31956100463867,-44.33424377441406,-44.34890365600586,-44.363525390625,-44.378089904785156,-44.392574310302734,-44.406951904296875,-44.42119598388672,-44.43527603149414,-44.44915008544922,-44.46278762817383,-44.47613525390625,-44.48914337158203,-44.501731872558594,-44.51380157470703,-44.52529525756836,-44.53645324707031,-44.54778289794922,-44.55891799926758,-44.56880569458008,-44.577728271484375,-44.586727142333984,-44.59550094604492,-44.6031379699707,-44.610164642333984,-44.61722946166992,-44.62367630004883,-44.6292839050293,-44.6347541809082,-44.63998794555664,-44.64450454711914,-44.64870071411133,-44.65281295776367,-44.65643310546875,-44.65965270996094,-44.66279983520508,-44.66565704345703,-44.66812515258789,-44.670475006103516,-44.67267608642578,-44.674564361572266,-44.676300048828125,-44.67795944213867,-44.67940902709961,-44.680694580078125,-44.68193435668945,-44.68306350708008,-44.684051513671875,-44.68499755859375,-44.6859016418457,-44.68670654296875,-44.687461853027344,-44.688209533691406,-44.68890380859375,-44.689544677734375,-44.69017791748047,-44.690792083740234,-44.69136428833008,-44.69191360473633,-44.69246292114258,-44.69298553466797,-44.6934814453125,-44.6939697265625,-44.6944465637207,-44.69490432739258,-44.69534683227539,-44.69578552246094,-44.69621276855469,-44.696624755859375,-44.6970329284668,-44.69743728637695,-44.69783401489258,-44.69822311401367,-44.698612213134766,-44.69900131225586,-44.69938659667969,-44.69976806640625,-44.70015335083008,-44.70054244995117,-44.700927734375,-44.70131301879883,-44.70170211791992,-44.70209503173828,-44.70248794555664,-44.702884674072266,-44.70328140258789,-44.70368576049805,-44.7040901184082,-44.704498291015625,-44.70490646362305,-44.705322265625,-44.70573806762695,-44.70616149902344,-44.70658493041992,-44.70701217651367,-44.70744323730469,-44.70787811279297,-44.70831298828125,-44.7087516784668,-44.70919418334961,-44.70964050292969,-44.710086822509766,-44.71053695678711,-44.71098709106445,-44.71144104003906,-44.71189498901367,-44.71235275268555,-44.71281051635742,-44.7132682800293,-44.71372985839844,-44.71418762207031,-44.71464920043945,-44.715110778808594,-44.715572357177734,-44.71603012084961,-44.71649169921875,-44.71695327758789,-44.717411041259766,-44.71786880493164,-44.71832275390625,-44.71877670288086,-44.71923065185547,-44.71968078613281,-44.720130920410156,-44.720577239990234,-44.72101974487305,-44.721458435058594,-44.72189712524414,-44.722328186035156,-44.72275924682617,-44.72318649291992,-44.723609924316406,-44.72402572631836,-44.72444152832031,-44.724849700927734,-44.72525405883789,-44.72565460205078,-44.726051330566406,-44.7264404296875,-44.72682571411133,-44.72720718383789,-44.72758102416992,-44.72795104980469,-44.72831344604492,-44.72867202758789,-44.72902297973633,-44.7293701171875,-44.729713439941406,-44.73004913330078,-44.730377197265625,-44.7307014465332,-44.731021881103516,-44.7313346862793,-44.73163986206055,-44.73194122314453,-44.73223876953125,-44.73252868652344,-44.732810974121094,-44.733089447021484,-44.73336410522461,-44.7336311340332,-44.73389434814453,-44.734153747558594,-44.734405517578125,-44.73465347290039,-44.734893798828125,-44.73513412475586,-44.73536682128906,-44.735591888427734,-44.735816955566406,-44.73603439331055,-44.73624801635742,-44.73645782470703,-44.736663818359375,-44.73686599731445,-44.737064361572266,-44.73725891113281,-44.73744583129883,-44.737632751464844,-44.737815856933594,-44.73799133300781,-44.73816680908203,-44.738338470458984,-44.73850631713867,-44.738670349121094,-44.738834381103516,-44.738990783691406,-44.7391471862793,-44.73929977416992,-44.73944854736328,-44.73959732055664,-44.739742279052734,-44.73988342285156,-44.74002456665039,-44.74016189575195,-44.74029541015625,-44.74042892456055,-44.74055862426758,-44.740684509277344,-44.74081039428711,-44.74093246459961,-44.74105453491211,-44.74117660522461,-44.74129104614258,-44.74140930175781,-44.74152374267578,-44.741634368896484,-44.74174499511719,-44.74185562133789,-44.74196243286133,-44.742069244384766,-44.74217224121094,-44.74227523803711,-44.742374420166016,-44.74247741699219,-44.74257278442383,-44.742671966552734,-44.742767333984375,-44.742862701416016,-44.74295425415039,-44.743045806884766,-44.74313735961914,-44.74322509765625,-44.743316650390625,-44.74340057373047,-44.74348831176758,-44.74357223510742,-44.743656158447266,-44.74374008178711,-44.74382400512695,-44.74390411376953,-44.74398422241211,-44.74406051635742,-44.744140625,-44.74421691894531,-44.744293212890625,-44.74436950683594,-44.744441986083984,-44.7445182800293,-44.744590759277344,-44.74466323852539,-44.74473190307617,-44.74480438232422,-44.744873046875,-44.74494171142578,-44.74501037597656,-44.745079040527344,-44.74514389038086,-44.745208740234375,-44.745277404785156,-44.74534225463867,-44.74540328979492,-44.74546813964844,-44.74552917480469,-44.74559020996094,-44.74565505981445,-44.74571228027344,-44.74577331542969,-44.74583435058594,-44.74589157104492,-44.74595260620117,-44.746009826660156,-44.74606704711914,-44.74612045288086,-44.746177673339844,-44.74623489379883,-44.74628829956055,-44.746341705322266,-44.746395111083984,-44.7464485168457,-44.74650192260742,-44.74655532836914,-44.746604919433594,-44.74665069580078,-44.7466926574707,-44.746726989746094,-44.746742248535156,-44.74672317504883,-44.74663543701172,-44.7464485168457,-44.746158599853516,-44.74592208862305,-44.74607467651367,-44.74668884277344,-44.74717712402344,-44.747074127197266,-44.74674987792969,-44.746826171875,-44.747249603271484,-44.747406005859375,-44.7472038269043,-44.74716567993164,-44.747440338134766,-44.74759292602539,-44.74747848510742,-44.747459411621094,-44.74765396118164,-44.747764587402344,-44.74769592285156,-44.74770736694336,-44.74785614013672,-44.7479248046875,-44.747886657714844,-44.7479248046875,-44.7480354309082,-44.74808120727539,-44.74806594848633,-44.74811553955078,-44.74820327758789,-44.748233795166016,-44.74823760986328,-44.748291015625,-44.748355865478516,-44.748382568359375,-44.74839782714844,-44.74844741821289,-44.74850082397461,-44.74852752685547,-44.74855422973633,-44.748600006103516,-44.74864196777344,-44.7486686706543,-44.74869918823242,-44.748741149902344,-44.748779296875,-44.748809814453125,-44.748836517333984,-44.74887466430664,-44.7489128112793,-44.74894332885742,-44.74897003173828,-44.74900817871094,-44.74904251098633,-44.74906921386719,-44.74909973144531,-44.7491340637207,-44.749168395996094,-44.74919509887695,-44.74922561645508,-44.7492561340332,-44.74928665161133,-44.74931716918945,-44.74934387207031,-44.74937438964844,-44.74940490722656,-44.74943542480469,-44.74946212768555,-44.74949264526367,-44.74951934814453,-44.749549865722656,-44.749576568603516,-44.749603271484375,-44.749629974365234,-44.749656677246094,-44.74968338012695,-44.74971008300781,-44.74973678588867,-44.74976348876953,-44.74979019165039,-44.74981689453125,-44.74984359741211,-44.74987030029297,-44.74989318847656,-44.74991989135742,-44.74994659423828,-44.749969482421875,-44.749996185302734,-44.75001907348633,-44.75004577636719,-44.75006866455078,-44.750091552734375,-44.750118255615234,-44.75014114379883,-44.75016403198242,-44.750186920166016,-44.75020980834961,-44.7502326965332,-44.7502555847168,-44.75027847290039,-44.750301361083984,-44.75032424926758,-44.75034713745117,-44.7503662109375,-44.750389099121094,-44.75041198730469,-44.75043487548828,-44.75045394897461,-44.7504768371582,-44.75049591064453,-44.750518798828125,-44.75053787231445,-44.75056076049805,-44.750579833984375,-44.7505989074707,-44.75061798095703,-44.750640869140625,-44.75065994262695,-44.75067901611328,-44.75069808959961,-44.75071716308594,-44.750736236572266,-44.750755310058594,-44.75077438354492,-44.75079345703125,-44.75081253051758,-44.750831604003906,-44.750850677490234,-44.75086975097656,-44.750885009765625,-44.75090408325195,-44.75092315673828,-44.750938415527344,-44.75095748901367,-44.7509765625,-44.75099182128906,-44.75101089477539,-44.75102615356445,-44.75104522705078,-44.751060485839844,-44.751075744628906,-44.751094818115234,-44.7511100769043,-44.75112533569336,-44.75114059448242,-44.75115966796875,-44.75117492675781,-44.751190185546875,-44.75120544433594,-44.751220703125,-44.75123596191406,-44.751251220703125,-44.75126647949219,-44.75128173828125,-44.75129699707031,-44.751312255859375,-44.75132751464844,-44.7513427734375,-44.7513542175293,-44.75136947631836,-44.75138473510742,-44.751399993896484,-44.75141143798828,-44.751426696777344,-44.75143814086914,-44.7514533996582,-44.751468658447266,-44.75148010253906,-44.751495361328125,-44.75150680541992,-44.751522064208984,-44.75153350830078,-44.75154495239258,-44.75156021118164,-44.75157165527344,-44.751583099365234,-44.7515983581543,-44.751609802246094,-44.75162124633789,-44.75163269042969,-44.75164794921875,-44.75165939331055,-44.751670837402344,-44.75168228149414,-44.75169372558594,-44.751705169677734,-44.75171661376953,-44.75172805786133,-44.751739501953125,-44.75175094604492,-44.75176239013672,-44.751773834228516,-44.75178527832031,-44.75179672241211,-44.75180435180664,-44.75181579589844,-44.751827239990234,-44.75183868408203,-44.75184631347656,-44.75185775756836,-44.751869201660156,-44.75188064575195,-44.751888275146484,-44.75189971923828,-44.75190734863281,-44.75191879272461,-44.751930236816406,-44.75193786621094,-44.751949310302734,-44.751956939697266,-44.75196838378906,-44.751976013183594,-44.751983642578125,-44.75199508666992,-44.75200271606445,-44.75201416015625,-44.75202178955078,-44.75202941894531,-44.75204086303711,-44.75204849243164,-44.75205612182617,-44.7520637512207,-44.7520751953125,-44.75208282470703,-44.75209045410156,-44.752098083496094,-44.752105712890625,-44.752113342285156,-44.75212478637695,-44.752132415771484,-44.752140045166016,-44.75214767456055,-44.75215530395508,-44.75216293334961,-44.75217056274414,-44.75217819213867,-44.7521858215332,-44.752193450927734,-44.752201080322266,-44.7522087097168,-44.75221633911133,-44.752220153808594
-33.71633529663086,-33.85281753540039,-33.986488342285156,-34.11800765991211,-34.24827194213867,-34.377899169921875,-34.50776290893555,-34.63886260986328,-34.771705627441406,-34.90644454956055,-35.04301452636719,-35.18118667602539,-35.320613861083984,-35.46076202392578,-35.600982666015625,-35.74079513549805,-35.88022994995117,-36.019500732421875,-36.158390045166016,-36.296287536621094,-36.4324836730957,-36.5663948059082,-36.69776153564453,-36.82663345336914,-36.953006744384766,-37.07663345336914,-37.1971549987793,-37.31436538696289,-37.42831802368164,-37.53925704956055,-37.64734649658203,-37.752540588378906,-37.854679107666016,-37.95363998413086,-38.04947280883789,-38.14236068725586,-38.232460021972656,-38.31983947753906,-38.40454864501953,-38.4866828918457,-38.56644058227539,-38.644107818603516,-38.71996307373047,-38.79423141479492,-38.867122650146484,-38.938819885253906,-39.00950622558594,-39.079322814941406,-39.1483154296875,-39.21647644042969,-39.283748626708984,-39.350074768066406,-39.41541290283203,-39.47970962524414,-39.54291534423828,-39.60499954223633,-39.66595458984375,-39.72580337524414,-39.78456497192383,-39.8422737121582,-39.898948669433594,-39.954612731933594,-40.00929260253906,-40.06300735473633,-40.11577606201172,-40.16761779785156,-40.21854019165039,-40.2685661315918,-40.31769561767578,-40.36593246459961,-40.41326904296875,-40.4597053527832,-40.50522994995117,-40.54983139038086,-40.59348678588867,-40.636173248291016,-40.67784881591797,-40.718467712402344,-40.76661682128906,-40.819175720214844,-40.87406539916992,-40.93037033081055,-40.98736572265625,-41.04450607299805,-41.10146713256836,-41.1579475402832,-41.21360778808594,-41.268165588378906,-41.32146453857422,-41.37338638305664,-41.423824310302734,-41.47270584106445,-41.52000045776367,-41.56566619873047,-41.60965347290039,-41.651939392089844,-41.69255447387695,-41.73152542114258,-41.768882751464844,-41.804649353027344,-41.83885955810547,-41.87153625488281,-41.9027214050293,-41.932464599609375,-41.96083450317383,-41.987892150878906,-42.01369857788086,-42.038299560546875,-42.06174087524414,-42.084075927734375,-42.105350494384766,-42.1256103515625,-42.1448974609375,-42.16324996948242,-42.18069839477539,-42.19728088378906,-42.213035583496094,-42.228004455566406,-42.24221420288086,-42.26996994018555,-42.302406311035156,-42.337547302246094,-42.37431716918945,-42.4119987487793,-42.450096130371094,-42.48823928833008,-42.526153564453125,-42.563636779785156,-42.60053253173828,-42.636722564697266,-42.67212677001953,-42.70668411254883,-42.74034118652344,-42.77307891845703,-42.804874420166016,-42.83572006225586,-42.86561584472656,-42.89455795288086,-42.922550201416016,-42.949607849121094,-42.975730895996094,-43.00092697143555,-43.02520751953125,-43.048580169677734,-43.07105255126953,-43.09263229370117,-43.11332702636719,-43.13314437866211,-43.15209197998047,-43.17018127441406,-43.18741989135742,-43.20382308959961,-43.21939468383789,-43.23415756225586,-43.24811935424805,-43.26130294799805,-43.27371597290039,-43.2853889465332,-43.29633712768555,-43.30657958984375,-43.31614303588867,-43.32505416870117,-43.333335876464844,-43.34101486206055,-43.34811782836914,-43.35467529296875,-43.360713958740234,-43.36626052856445,-43.371341705322266,-43.37599182128906,-43.3802375793457,-43.38410186767578,-43.38761901855469,-43.39080810546875,-43.393699645996094,-43.39632034301758,-43.3986930847168,-43.40083694458008,-43.402774810791016,-43.4045295715332,-43.4061164855957,-43.407554626464844,-43.40885925292969,-43.41004943847656,-43.4111328125,-43.4121208190918,-43.413028717041016,-43.41386413574219,-43.414634704589844,-43.415348052978516,-43.41600799560547,-43.416622161865234,-43.41719436645508,-43.41773223876953,-43.418235778808594,-43.4187126159668,-43.419158935546875,-43.419578552246094,-43.419979095458984,-43.420352935791016,-43.420711517333984,-43.421051025390625,-43.4213752746582,-43.42168045043945,-43.421974182128906,-43.4222526550293,-43.42251968383789,-43.42277526855469,-43.42301940917969,-43.423255920410156,-43.42348098754883,-43.42369842529297,-43.42390441894531,-43.42410659790039,-43.42430114746094,-43.42448806762695,-43.4246711730957,-43.42484664916992,-43.425018310546875,-43.42518615722656,-43.42534637451172,-43.425506591796875,-43.425662994384766,-43.42581558227539,-43.42596435546875,-43.426109313964844,-43.42625427246094,-43.426395416259766,-43.426536560058594,-43.426673889160156,-43.42681121826172,-43.42694854736328,-43.42708206176758,-43.427215576171875,-43.427345275878906,-43.42747497558594,-43.42760467529297,-43.427734375,-43.42786407470703,-43.4279899597168,-43.42811584472656,-43.42824172973633,-43.428367614746094,-43.428489685058594,-43.42861557006836,-43.42873764038086,-43.42885971069336,-43.42898178100586,-43.42910385131836,-43.429222106933594,-43.429344177246094,-43.42946243286133,-43.42958068847656,-43.4296989440918,-43.42981719970703,-43.429935455322266,-43.4300537109375,-43.43016815185547,-43.4302864074707,-43.43040084838867,-43.430519104003906,-43.430633544921875,-43.430747985839844,-43.43086242675781,-43.43097686767578,-43.43109130859375,-43.43120193481445,-43.43131637573242,-43.431427001953125,-43.43153762817383,-43.431644439697266,-43.43175506591797,-43.43186569213867,-43.43198013305664,-43.432098388671875,-43.43220520019531,-43.43231201171875,-43.43242263793945,-43.43253707885742,-43.432647705078125,-43.43275451660156,-43.432861328125,-43.4329719543457,-43.43307876586914,-43.43318557739258,-43.433292388916016,-43.43339920043945,-43.433509826660156,-43.43361282348633,-43.433719635009766,-43.4338264465332,-43.43393325805664,-43.43404006958008,-43.43414306640625,-43.43424987792969,-43.43435287475586,-43.4344596862793,-43.43456268310547,-43.434669494628906,-43.43477249145508,-43.43487548828125,-43.43497848510742,-43.435081481933594,-43.435184478759766,-43.43528747558594,-43.43539047241211,-43.43549346923828,-43.43559646606445,-43.435699462890625,-43.43579864501953,-43.4359016418457,-43.436004638671875,-43.43610382080078,-43.43620681762695,-43.43630599975586,-43.43640899658203,-43.43650817871094,-43.43661117553711,-43.436710357666016,-43.43680953979492,-43.436912536621094,-43.43701171875,-43.437110900878906,-43.43721008300781,-43.43730926513672,-43.437408447265625,-43.43750762939453,-43.43760681152344,-43.437705993652344,-43.43780517578125,-43.437904357910156,-43.43800354003906,-43.4380989074707,-43.43819808959961,-43.438297271728516,-43.438392639160156,-43.43849182128906,-43.4385871887207,-43.43868637084961,-43.43878173828125,-43.438880920410156,-43.4389762878418,-43.43907165527344,-43.43916702270508,-43.43926239013672,-43.43935775756836,-43.439453125,-43.43954849243164,-43.439640045166016,-43.439735412597656,-43.43982696533203,-43.43992233276367,-43.44001388549805,-43.44010543823242,-43.44020080566406,-43.44029235839844,-43.44038009643555,-43.44047164916992,-43.4405632019043,-43.440650939941406,-43.44074249267578,-43.44083023071289,-43.44091796875,-43.44100570678711,-43.44109344482422,-43.44117736816406,-43.44126510620117,-43.441349029541016,-43.44143295288086,-43.4415168762207,-43.44160079956055,-43.441680908203125,-43.44176483154297,-43.44184494018555,-43.441925048828125,-43.44200134277344,-43.442081451416016,-43.44215774536133,-43.44223403930664,-43.44231033325195,-43.4423828125,-43.44245910644531,-43.44253158569336,-43.442604064941406,-43.44267272949219,-43.442745208740234,-43.442813873291016,-43.4428825378418,-43.44294738769531,-43.44301223754883,-43.44308090209961,-43.44314193725586,-43.443206787109375,-43.443267822265625,-43.443328857421875,-43.443389892578125,-43.44344711303711,-43.443504333496094,-43.44356155395508,-43.44361877441406,-43.44367218017578,-43.4437255859375,-43.44377899169922,-43.44382858276367,-43.443878173828125,-43.44392776489258,-43.44397735595703,-43.44402313232422,-43.444068908691406,-43.444114685058594,-43.44416046142578,-43.4442024230957,-43.444244384765625,-43.44428634643555,-43.44432830810547,-43.444366455078125,-43.44440460205078,-43.44443893432617,-43.44447326660156,-43.44450759887695,-43.444541931152344,-43.444576263427734,-43.44461441040039,-43.44464874267578,-43.44468307495117,-43.4447135925293,-43.444740295410156,-43.44477081298828,-43.444801330566406,-43.44483184814453,-43.44485855102539,-43.44488525390625,-43.44491195678711,-43.44493865966797,-43.44496536254883,-43.44498825073242,-43.445011138916016,-43.44503402709961,-43.4450569152832,-43.4450798034668,-43.44510269165039,-43.44512176513672,-43.44514465332031,-43.44516372680664,-43.445186614990234,-43.44520568847656,-43.44522476196289,-43.44524383544922,-43.44525909423828,-43.44527816772461,-43.44529724121094,-43.4453125,-43.44533157348633,-43.44534683227539,-43.44536590576172,-43.44538116455078,-43.445396423339844,-43.445411682128906,-43.44542694091797,-43.44544219970703,-43.445457458496094,-43.445472717285156,-43.44548416137695,-43.445499420166016,-43.44551467895508,-43.445526123046875,-43.44554138183594,-43.445556640625,-43.4455680847168,-43.445579528808594,-43.445594787597656,-43.44560623168945,-43.445621490478516,-43.44563293457031,-43.44564437866211,-43.445655822753906,-43.4456672668457,-43.445682525634766,-43.44569396972656,-43.44570541381836,-43.445716857910156,-43.44572830200195,-43.44573974609375,-43.44575119018555,-43.445762634277344,-43.44577407836914,-43.44578552246094,-43.445796966552734,-43.44580841064453,-43.44581604003906,-43.44582748413086,-43.445838928222656,-43.44585037231445,-43.44586181640625,-43.44586944580078,-43.44588088989258,-43.445892333984375,-43.44590377807617,-43.4459114074707,-43.4459228515625,-43.4459342956543,-43.44594192504883,-43.445953369140625,-43.44596481323242,-43.44597244262695,-43.44598388671875,-43.44599533081055,-43.44600296020508,-43.446014404296875,-43.44602584838867,-43.4460334777832,-43.446044921875,-43.44605255126953,-43.44606399536133,-43.44607162475586,-43.446083068847656,-43.44609451293945,-43.446102142333984,-43.44611358642578,-43.44612121582031,-43.44613265991211,-43.44614028930664,-43.44615173339844,-43.44615936279297,-43.446170806884766,-43.4461784362793,-43.446189880371094,-43.446197509765625,-43.44620895385742,-43.44621658325195,-43.44622802734375,-43.44623565673828,-43.44624710083008,-43.44625473022461,-43.446266174316406,-43.44627380371094,-43.446285247802734,-43.446292877197266,-43.4463005065918,-43.446311950683594,-43.446319580078125,-43.44633102416992,-43.44633865356445,-43.44635009765625,-43.44635772705078,-43.44636917114258,-43.44637680053711,-43.446388244628906,-43.44639587402344,-43.446407318115234,-43.446414947509766,-43.44642639160156,-43.446434020996094,-43.446441650390625,-43.44645309448242,-43.44646072387695,-43.44647216796875,-43.44647979736328,-43.44649124145508,-43.44649887084961,-43.446510314941406,-43.44651794433594,-43.446529388427734,-43.446537017822266,-43.4465446472168,-43.446556091308594,-43.446563720703125,-43.44656753540039,-43.44657516479492,-43.44658279418945,-43.44659423828125,-43.44660568237305,-43.44662094116211,-43.446632385253906,-43.44664001464844,-43.44664764404297,-43.4466552734375,-43.44667053222656,-43.44668197631836,-43.44668960571289,-43.44669723510742,-43.44670867919922,-43.446720123291016,-43.44672775268555,-43.446739196777344,-43.446746826171875,-43.44675827026367,-43.44676971435547,-43.44677734375,-43.4467887878418,-43.44679641723633,-43.446807861328125,-43.44681930541992,-43.44682693481445,-43.44683837890625,-43.44684600830078,-43.44685745239258,-43.446868896484375,-43.446876525878906,-43.4468879699707,-43.446895599365234,-43.44690704345703,-43.44691848754883,-43.44692611694336,-43.446937561035156,-43.44694900512695,-43.446956634521484,-43.44696807861328,-43.44697952270508,-43.44698715209961,-43.446998596191406,-43.4470100402832,-43.447017669677734,-43.44702911376953,-43.44704055786133,-43.44704818725586,-43.447059631347656,-43.44707107543945,-43.447078704833984,-43.44709014892578,-43.44710159301758,-43.447113037109375,-43.447120666503906,-43.4471321105957,-43.4471435546875,-43.4471549987793,-43.44716262817383,-43.447174072265625,-43.44718551635742,-43.44719696044922,-43.44720458984375,-43.44721603393555,-43.447227478027344,-43.44723892211914,-43.44725036621094,-43.44725799560547,-43.447269439697266,-43.44728088378906,-43.44729232788086,-43.447303771972656,-43.44731521606445,-43.447322845458984,-43.44733428955078,-43.44734573364258,-43.447357177734375,-43.44736862182617,-43.44738006591797,-43.447391510009766,-43.44740295410156,-43.44741439819336,-43.44742202758789,-43.44743347167969,-43.447444915771484,-43.44745635986328,-43.44746780395508,-43.447479248046875,-43.44749069213867,-43.44750213623047,-43.447513580322266,-43.44752502441406,-43.44753646850586,-43.447547912597656,-43.44755935668945,-43.44757080078125,-43.44758224487305,-43.447593688964844,-43.44760513305664,-43.44761657714844,-43.447628021240234,-43.44763946533203,-43.44765090942383,-43.447662353515625,-43.44767379760742,-43.44768524169922,-43.447696685791016,-43.44770812988281,-43.44771957397461,-43.447731018066406,-43.4477424621582,-43.44775390625,-43.44776916503906,-43.44778060913086,-43.447792053222656,-43.44780349731445,-43.44781494140625,-43.44782638549805,-43.447837829589844,-43.44784927368164,-43.4478645324707,-43.4478759765625,-43.4478874206543,-43.447898864746094,-43.44791030883789,-43.44792175292969,-43.44793701171875,-43.44794845581055,-43.447959899902344,-43.44797134399414,-43.44798278808594,-43.447998046875,-43.4480094909668,-43.448020935058594,-43.44803237915039,-43.44804382324219,-43.44805908203125,-43.44807052612305,-43.448081970214844,-43.44809341430664,-43.4481086730957,-43.4481201171875,-43.4481315612793,-43.44814682006836,-43.448158264160156,-43.44816970825195,-43.448184967041016,-43.44819641113281,-43.44820785522461,-43.448219299316406,-43.44823455810547,-43.448246002197266,-43.44825744628906,-43.448272705078125,-43.44828414916992,-43.448299407958984,-43.44831085205078,-43.44832229614258,-43.44833755493164,-43.44834899902344,-43.448360443115234,-43.4483757019043,-43.448387145996094,-43.448402404785156,-43.44841384887695,-43.44842529296875,-43.44844055175781,-43.44845199584961,-43.44846725463867,-43.44847869873047,-43.44849395751953,-43.44850540161133,-43.448516845703125,-43.44853210449219,-43.448543548583984,-43.44855880737305,-43.448570251464844,-43.44858169555664,-43.4485969543457,-43.448604583740234,-43.44861602783203,-43.4486198425293,-43.44862747192383,-43.44864273071289,-43.448665618896484,-43.448692321777344,-43.44870376586914,-43.448707580566406,-43.44872283935547,-43.4487419128418,-43.448760986328125,-43.448768615722656,-43.44878005981445,-43.448795318603516,-43.448814392089844,-43.44882583618164,-43.44883728027344,-43.4488525390625,-43.44886779785156,-43.44887924194336,-43.44889450073242,-43.44890594482422,-43.44892501831055,-43.448936462402344,-43.44894790649414,-43.4489631652832,-43.448978424072266,-43.44899368286133,-43.449005126953125,-43.44902038574219,-43.44903564453125,-43.44904708862305,-43.44906234741211,-43.449073791503906,-43.44908905029297,-43.44910430908203,-43.44911575317383,-43.44913101196289,-43.44914627075195,-43.44915771484375,-43.44917297363281,-43.449188232421875,-43.44920349121094,-43.449214935302734,-43.4492301940918,-43.44924545288086,-43.449256896972656,-43.44927215576172,-43.44928741455078,-43.44929885864258,-43.44931411743164,-43.4493293762207,-43.449344635009766,-43.44935607910156,-43.449371337890625,-43.44938659667969,-43.44940185546875,-43.44941329956055,-43.44942855834961,-43.44944381713867,-43.449459075927734,-43.44947052001953,-43.449485778808594,-43.449501037597656,-43.44951629638672,-43.449527740478516,-43.44954299926758,-43.44955825805664,-43.4495735168457,-43.4495849609375,-43.44960021972656,-43.449615478515625,-43.44963073730469,-43.44964599609375,-43.44965744018555,-43.44967269897461,-43.44968795776367,-43.449703216552734,-43.4497184753418,-43.449729919433594,-43.449745178222656,-43.44976043701172,-43.44977569580078,-43.449790954589844,-43.44980239868164,-43.4498176574707,-43.449832916259766,-43.44984817504883,-43.44986343383789,-43.44987487792969,-43.44989013671875,-43.44990539550781,-43.449920654296875,-43.44993591308594,-43.449951171875,-43.4499626159668,-43.44997787475586,-43.44999313354492,-43.450008392333984,-43.45002365112305,-43.45003890991211,-43.450050354003906,-43.45006561279297,-43.45008087158203,-43.450096130371094,-43.450111389160156,-43.45012664794922,-43.450138092041016,-43.45015335083008,-43.45016860961914,-43.4501838684082,-43.450199127197266,-43.45021438598633,-43.450225830078125,-43.45024108886719,-43.45025634765625,-43.45027160644531,-43.450286865234375,-43.45030212402344,-43.4503173828125,-43.4503288269043,-43.45034408569336,-43.45035934448242,-43.450374603271484,-43.45038986206055,-43.45040512084961,-43.450416564941406,-43.45043182373047,-43.45044708251953,-43.450462341308594,-43.450477600097656,-43.45049285888672,-43.450504302978516,-43.45051956176758,-43.45053482055664,-43.4505500793457,-43.450565338134766,-43.45058059692383,-43.45059585571289,-43.45060729980469,-43.45062255859375,-43.45063781738281,-43.450653076171875,-43.45066833496094,-43.450679779052734,-43.4506950378418,-43.45071029663086,-43.45072555541992,-43.450740814208984,-43.45075607299805,-43.450767517089844,-43.450782775878906,-43.45079803466797,-43.45081329345703,-43.450828552246094,-43.450843811035156,-43.45085525512695,-43.450870513916016,-43.45088577270508,-43.45090103149414,-43.4509162902832,-43.450927734375,-43.45094299316406,-43.450958251953125,-43.45097351074219,-43.450984954833984,-43.45100021362305,-43.45101547241211,-43.45103073120117,-43.451045989990234,-43.45105743408203,-43.451072692871094,-43.451087951660156,-43.45110321044922,-43.451114654541016,-43.45112991333008,-43.45114517211914,-43.4511604309082,-43.451171875,-43.45118713378906,-43.451202392578125,-43.45121765136719,-43.451229095458984,-43.45124435424805,-43.45125961303711,-43.45127487182617,-43.45128631591797,-43.45130157470703,-43.451316833496094,-43.451332092285156,-43.45134353637695,-43.451358795166016,-43.45137405395508,-43.451385498046875,-43.45140075683594,-43.451416015625,-43.4514274597168,-43.45144271850586,-43.45145797729492,-43.45146942138672,-43.45148468017578,-43.451499938964844,-43.45151138305664,-43.4515266418457,-43.451541900634766,-43.45155334472656,-43.451568603515625,-43.45158386230469,-43.451595306396484,-43.45161056518555,-43.451622009277344,-43.451637268066406,-43.45165252685547,-43.451663970947266,-43.45167922973633,-43.451690673828125,-43.45170593261719,-43.45172119140625,-43.45173263549805,-43.45174789428711,-43.451759338378906,-43.45177459716797,-43.45178985595703,-43.45180130004883,-43.45181655883789,-43.45182800292969,-43.45184326171875,-43.45185470581055,-43.45186996459961,-43.451881408691406,-43.45189666748047,-43.451908111572266,-43.45192337036133,-43.451934814453125,-43.45195007324219,-43.451961517333984,-43.45197677612305,-43.451988220214844,-43.452003479003906,-43.4520149230957,-43.452030181884766,-43.45204162597656,-43.45205307006836,-43.45206832885742,-43.45207977294922,-43.45209503173828,-43.45210647583008,-43.45212173461914,-43.45213317871094,-43.452144622802734,-43.4521598815918,-43.452171325683594,-43.45218276977539,-43.45219802856445,-43.45220947265625,-43.45222091674805,-43.45223617553711,-43.452247619628906,-43.4522590637207,-43.452274322509766,-43.45228576660156,-43.45229721069336,-43.452308654785156,-43.45232009887695,-43.45233154296875,-43.45233917236328,-43.45234680175781,-43.45235824584961,-43.45237350463867,-43.452392578125,-43.45241165161133,-43.452423095703125,-43.45243453979492,-43.45244216918945,-43.45245361328125,-43.45246887207031,-43.452484130859375,-43.45249557495117,-43.45250701904297,-43.452518463134766,-43.45252990722656,-43.452545166015625,-43.45255661010742,-43.45256805419922,-43.452579498291016,-43.45259094238281,-43.452606201171875,-43.45261764526367,-43.45262908935547,-43.452640533447266,-43.45265197753906,-43.45266342163086,-43.452674865722656,-43.45268630981445,-43.45269775390625,-43.45270919799805,-43.452720642089844,-43.45273208618164,-43.4527473449707,-43.4527587890625,-43.45276641845703,-43.45277786254883,-43.45279312133789,-43.45280456542969,-43.452816009521484,-43.452823638916016,-43.45283508300781,-43.45284652709961,-43.452857971191406,-43.4528694152832,-43.452880859375,-43.4528923034668,-43.452903747558594,-43.45291519165039,-43.45292663574219,-43.452938079833984,-43.45294952392578,-43.45295715332031,-43.45296859741211,-43.452980041503906,-43.4529914855957,-43.4530029296875,-43.4530143737793,-43.45302200317383,-43.453033447265625,-43.45304489135742,-43.45305633544922,-43.453067779541016,-43.45307540893555,-43.453086853027344,-43.45309829711914,-43.45310974121094,-43.45311737060547,-43.453128814697266,-43.45314025878906,-43.453147888183594,-43.45315933227539,-43.45317077636719,-43.45317840576172,-43.453189849853516,-43.45320129394531,-43.453208923339844,-43.45322036743164,-43.45323181152344,-43.45323944091797,-43.453250885009766,-43.45326232910156,-43.453269958496094,-43.45328140258789,-43.45328903198242,-43.45330047607422,-43.45330810546875,-43.45331954956055,-43.453330993652344,-43.453338623046875,-43.45335006713867,-43.4533576965332,-43.453369140625,-43.45337677001953,-43.45338821411133,-43.45339584350586,-43.453407287597656,-43.45341491699219,-43.45342254638672,-43.453433990478516,-43.45344161987305,-43.453453063964844,-43.453460693359375,-43.45347213745117,-43.4534797668457,-43.453487396240234,-43.45349884033203,-43.45350646972656,-43.453514099121094,-43.45352554321289,-43.45353317260742,-43.45354080200195,-43.45355224609375,-43.45355987548828,-43.45356750488281,-43.45357894897461,-43.45358657836914,-43.45359420776367,-43.45360565185547,-43.45361328125,-43.45362091064453,-43.45362854003906,-43.45363998413086,-43.45364761352539,-43.45365524291992,-43.45366287231445,-43.453670501708984,-43.45368194580078,-43.45368957519531,-43.453697204589844,-43.453704833984375,-43.453712463378906,-43.45372009277344,-43.45372772216797,-43.453739166259766,-43.4537467956543,-43.45375442504883,-43.45376205444336,-43.45376968383789,-43.45377731323242,-43.45378494262695,-43.453792572021484,-43.453800201416016,-43.45380783081055,-43.45381546020508,-43.45382308959961,-43.45383071899414,-43.45383834838867,-43.4538459777832,-43.453853607177734,-43.453861236572266,-43.4538688659668,-43.45387649536133,-43.45388412475586,-43.45389175415039,-43.45389938354492,-43.45390701293945,-43.453914642333984,-43.453922271728516,-43.45392990112305,-43.45393753051758,-43.45394515991211,-43.45395278930664,-43.453956604003906
-33.11153793334961,-33.263343811035156,-33.412208557128906,-33.55645751953125,-33.69502258300781,-33.82760238647461,-33.95458221435547,-34.07682800292969,-34.1953010559082,-34.3108024597168,-34.42390060424805,-34.534996032714844,-34.644439697265625,-34.75255584716797,-34.85966110229492,-34.966033935546875,-35.071861267089844,-35.17722702026367,-35.28208541870117,-35.38628005981445,-35.489585876464844,-35.59177780151367,-35.69271469116211,-35.79247283935547,-35.89140319824219,-35.99016571044922,-36.089595794677734,-36.190494537353516,-36.2934684753418,-36.39883804321289,-36.5065803527832,-36.61635971069336,-36.7276496887207,-36.84007263183594,-36.95405197143555,-37.071533203125,-37.19574737548828,-37.329200744628906,-37.47184753417969,-37.621337890625,-37.77543640136719,-37.93571472167969,-38.10654067993164,-38.288719177246094,-38.47773361206055,-38.66674041748047,-38.85423278808594,-39.04566192626953,-39.23786163330078,-39.420902252197266,-39.59465026855469,-39.76591873168945,-39.93085861206055,-40.08367919921875,-40.231163024902344,-40.37639236450195,-40.51254653930664,-40.64228057861328,-40.770450592041016,-40.891929626464844,-41.00680160522461,-41.12015151977539,-41.22847366333008,-41.331451416015625,-41.43319320678711,-41.530487060546875,-41.6217155456543,-41.70869445800781,-41.78778076171875,-41.8577995300293,-41.92058563232422,-41.97437286376953,-42.02027893066406,-42.06098556518555,-42.096153259277344,-42.127681732177734,-42.157203674316406,-42.19009017944336,-42.225318908691406,-42.262020111083984,-42.29877853393555,-42.335411071777344,-42.37189865112305,-42.40751266479492,-42.44236373901367,-42.4766845703125,-42.510074615478516,-42.54269027709961,-42.5747184753418,-42.60586166381836,-42.63624572753906,-42.66600799560547,-42.694923400878906,-42.7231330871582,-42.75071716308594,-42.77751922607422,-42.8037109375,-42.82929611206055,-42.85417938232422,-42.878482818603516,-42.90211486816406,-42.92502975463867,-42.947296142578125,-42.968833923339844,-42.989681243896484,-43.00988006591797,-43.02937698364258,-43.04826354980469,-43.0665397644043,-43.084228515625,-43.10140609741211,-43.11806106567383,-43.134246826171875,-43.14999008178711,-43.16530227661133,-43.18023681640625,-43.19477844238281,-43.20895004272461,-43.222740173339844,-43.23615264892578,-43.24919891357422,-43.26185607910156,-43.27415084838867,-43.28607177734375,-43.29764175415039,-43.30887222290039,-43.31977462768555,-43.33036804199219,-43.34065628051758,-43.35066223144531,-43.360382080078125,-43.36982727050781,-43.39387893676758,-43.4228515625,-43.45468521118164,-43.48830032348633,-43.52292251586914,-43.55793380737305,-43.592899322509766,-43.627532958984375,-43.66162109375,-43.69497299194336,-43.727439880371094,-43.7589225769043,-43.789363861083984,-43.818756103515625,-43.84708786010742,-43.87437438964844,-43.900630950927734,-43.925907135009766,-43.950260162353516,-43.9737548828125,-43.99645233154297,-44.018409729003906,-44.0396842956543,-44.060340881347656,-44.08043670654297,-44.10001754760742,-44.11913299560547,-44.13780975341797,-44.15608215332031,-44.17397689819336,-44.19152069091797,-44.2087287902832,-44.22561264038086,-44.2421875,-44.25845718383789,-44.27443313598633,-44.29012680053711,-44.305538177490234,-44.3206787109375,-44.33555221557617,-44.35016632080078,-44.364524841308594,-44.378639221191406,-44.39250946044922,-44.40614700317383,-44.419559478759766,-44.4327507019043,-44.44572448730469,-44.458492279052734,-44.4710578918457,-44.48342514038086,-44.495601654052734,-44.507591247558594,-44.519405364990234,-44.53104019165039,-44.542510986328125,-44.55381774902344,-44.564971923828125,-44.57597732543945,-44.58684539794922,-44.59758758544922,-44.60820770263672,-44.61872100830078,-44.6291389465332,-44.63947677612305,-44.649749755859375,-44.659969329833984,-44.67015075683594,-44.68031692504883,-44.69048309326172,-44.70066833496094,-44.71088790893555,-44.72116470336914,-44.73151779174805,-44.74196243286133,-44.75251770019531,-44.76319885253906,-44.774017333984375,-44.78498840332031,-44.796119689941406,-44.80741882324219,-44.81888198852539,-44.830509185791016,-44.84229278564453,-44.854217529296875,-44.866268157958984,-44.878414154052734,-44.890628814697266,-44.90287780761719,-44.91511154174805,-44.92728805541992,-44.93935775756836,-44.951271057128906,-44.96296310424805,-44.97439193725586,-44.98550033569336,-44.99624252319336,-45.00657272338867,-45.016456604003906,-45.02586364746094,-45.03478240966797,-45.0432014465332,-45.05112075805664,-45.058555603027344,-45.06551742553711,-45.0720329284668,-45.0781364440918,-45.08385467529297,-45.0892219543457,-45.094268798828125,-45.099021911621094,-45.1035041809082,-45.10773849487305,-45.11173629760742,-45.11551284790039,-45.119075775146484,-45.1224250793457,-45.125572204589844,-45.128517150878906,-45.13126754760742,-45.133819580078125,-45.13618850708008,-45.13837432861328,-45.14038848876953,-45.142242431640625,-45.143943786621094,-45.1455078125,-45.14694595336914,-45.14826965332031,-45.14949035644531,-45.1506233215332,-45.151676177978516,-45.15265655517578,-45.1535758972168,-45.15443420410156,-45.15523910522461,-45.1559944152832,-45.15670394897461,-45.157371520996094,-45.15799331665039,-45.158573150634766,-45.15911102294922,-45.15960693359375,-45.16006851196289,-45.160491943359375,-45.16088104248047,-45.16123580932617,-45.16156005859375,-45.1618537902832,-45.16212463378906,-45.16236877441406,-45.162593841552734,-45.16279983520508,-45.162986755371094,-45.16315841674805,-45.16331481933594,-45.1634635925293,-45.163597106933594,-45.163719177246094,-45.16383361816406,-45.1639404296875,-45.164039611816406,-45.16413116455078,-45.164215087890625,-45.1642951965332,-45.16436767578125,-45.16443634033203,-45.16449737548828,-45.16455841064453,-45.16461181640625,-45.16466522216797,-45.164710998535156,-45.164756774902344,-45.16480255126953,-45.16484451293945,-45.164886474609375,-45.16492462158203,-45.16496276855469,-45.16499710083008,-45.16503143310547,-45.16506576538086,-45.16510009765625,-45.165130615234375,-45.1651611328125,-45.165191650390625,-45.16522216796875,-45.16524887084961,-45.165279388427734,-45.165306091308594,-45.16533279418945,-45.16535949707031,-45.165382385253906,-45.165409088134766,-45.16543197631836,-45.16545867919922,-45.16548156738281,-45.165504455566406,-45.16552734375,-45.165550231933594,-45.16557312011719,-45.16559600830078,-45.165618896484375,-45.1656379699707,-45.1656608581543,-45.16568374633789,-45.16570281982422,-45.16572570800781,-45.16574478149414,-45.16576385498047,-45.16578674316406,-45.16580581665039,-45.16582489013672,-45.16584396362305,-45.165863037109375,-45.1658821105957,-45.16590118408203,-45.16592025756836,-45.16593933105469,-45.165958404541016,-45.165977478027344,-45.16599655151367,-45.166011810302734,-45.16603088378906,-45.16604995727539,-45.16606521606445,-45.16608428955078,-45.166099548339844,-45.16611862182617,-45.166133880615234,-45.16615295410156,-45.166168212890625,-45.16618347167969,-45.166202545166016,-45.16621780395508,-45.16623306274414,-45.1662483215332,-45.16626739501953,-45.166282653808594,-45.166297912597656,-45.16631317138672,-45.16632843017578,-45.166343688964844,-45.166358947753906,-45.16637420654297,-45.16638946533203,-45.16640090942383,-45.16641616821289,-45.16643142700195,-45.166446685791016,-45.16646194458008,-45.166473388671875,-45.16648864746094,-45.16650390625,-45.1665153503418,-45.16653060913086,-45.166542053222656,-45.16655731201172,-45.166568756103516,-45.16658401489258,-45.166595458984375,-45.16661071777344,-45.166622161865234,-45.16663360595703,-45.166648864746094,-45.16666030883789,-45.16667175292969,-45.166683197021484,-45.16669845581055,-45.166709899902344,-45.16672134399414,-45.16673278808594,-45.166744232177734,-45.16675567626953,-45.16676330566406,-45.16677474975586,-45.166778564453125,-45.166778564453125,-45.16676712036133,-45.1667366027832
-32.03318405151367,-32.17189407348633,-32.3087272644043,-32.442626953125,-32.57282257080078,-32.69889831542969,-32.82072830200195,-32.9383544921875,-33.05193328857422,-33.161781311035156,-33.26835250854492,-33.37217330932617,-33.47370529174805,-33.5732421875,-33.670875549316406,-33.76658248901367,-33.8603630065918,-33.9525032043457,-34.04375457763672,-34.135284423828125,-34.22825241088867,-34.323509216308594,-34.42150115966797,-34.52231216430664,-34.62577438354492,-34.7315559387207,-34.83927536010742,-34.94859313964844,-35.05925750732422,-35.171077728271484,-35.28391647338867,-35.39763259887695,-35.512054443359375,-35.626953125,-35.74204635620117,-35.85697937011719,-35.971343994140625,-36.084686279296875,-36.196495056152344,-36.306243896484375,-36.41339111328125,-36.517433166503906,-36.6179313659668,-36.714569091796875,-36.80717849731445,-36.89575958251953,-36.98049545288086,-37.06172561645508,-37.13990020751953,-37.21554183959961,-37.28923416137695,-37.361595153808594,-37.43326950073242,-37.504940032958984,-37.5772819519043,-37.65095138549805,-37.7265510559082,-37.80461502075195,-37.88560104370117,-37.96989822387695,-38.05778884887695,-38.14933395385742,-38.24424362182617,-38.34175491333008,-38.44063186645508,-38.53925323486328,-38.635772705078125,-38.728397369384766,-38.81572723388672,-38.89714050292969,-38.972869873046875,-39.04370880126953,-39.11048126220703,-39.17369842529297,-39.233497619628906,-39.2896842956543,-39.34188461303711,-39.389774322509766,-39.43333435058594,-39.47300338745117,-39.50958251953125,-39.54385757446289,-39.576263427734375,-39.606788635253906,-39.65599822998047,-39.71181106567383,-39.77084732055664,-39.83134460449219,-39.89234924316406,-39.95339584350586,-40.014312744140625,-40.07506561279297,-40.135658264160156,-40.19609451293945,-40.25634002685547,-40.31633377075195,-40.37599563598633,-40.43524169921875,-40.49398422241211,-40.5521354675293,-40.60962677001953,-40.666385650634766,-40.722354888916016,-40.7774772644043,-40.83169937133789,-40.88496017456055,-40.93720626831055,-40.988380432128906,-41.038421630859375,-41.08728790283203,-41.13494110107422,-41.18136215209961,-41.22654724121094,-41.270503997802734,-41.3132438659668,-41.354793548583984,-41.395172119140625,-41.43440246582031,-41.472496032714844,-41.509464263916016,-41.545318603515625,-41.58006286621094,-41.61370086669922,-41.646244049072266,-41.677703857421875,-41.70808792114258,-41.737403869628906,-41.76567459106445,-41.792911529541016,-41.81913375854492,-41.844364166259766,-41.868629455566406,-41.89195251464844,-41.914371490478516,-41.935916900634766,-41.95663070678711,-41.97654342651367,-41.995704650878906,-42.01414489746094,-42.03190612792969,-42.05776596069336,-42.08679962158203,-42.11778259277344,-42.15007400512695,-42.18330001831055,-42.21723175048828,-42.25171661376953,-42.28664779663086,-42.321922302246094,-42.357444763183594,-42.39310836791992,-42.42879867553711,-42.46440124511719,-42.499786376953125,-42.534820556640625,-42.569374084472656,-42.60332107543945,-42.63655471801758,-42.66897964477539,-42.700531005859375,-42.73117446899414,-42.76091766357422,-42.78981399536133,-42.81794357299805,-42.84540939331055,-42.872314453125,-42.89875411987305,-42.92477035522461,-42.95037841796875,-42.97554397583008,-43.00020217895508,-43.02426528930664,-43.04764175415039,-43.07024002075195,-43.091983795166016,-43.11281967163086,-43.132713317871094,-43.151668548583984,-43.16970443725586,-43.18685531616211,-43.20317840576172,-43.21871566772461,-43.2335090637207,-43.24758529663086,-43.26095962524414,-43.27363967895508,-43.285621643066406,-43.296905517578125,-43.30748748779297,-43.3173828125,-43.326602935791016,-43.33518600463867,-43.34315490722656,-43.35055923461914,-43.35743713378906,-43.363834381103516,-43.369781494140625,-43.37531280517578,-43.380455017089844,-43.38523483276367,-43.38966751098633,-43.39377975463867,-43.39759063720703,-43.401119232177734,-43.404396057128906,-43.407440185546875,-43.4102783203125,-43.412925720214844,-43.415409088134766,-43.41773986816406,-43.4199333190918,-43.4219970703125,-43.4239387512207,-43.42576217651367,-43.4274787902832,-43.42909240722656,-43.43061065673828,-43.432037353515625,-43.433380126953125,-43.43464660644531,-43.43584060668945,-43.43696975708008,-43.43803787231445,-43.43904113769531,-43.43999099731445,-43.440887451171875,-43.44173049926758,-43.44252395629883,-43.443267822265625,-43.4439697265625,-43.44462966918945,-43.445247650146484,-43.445831298828125,-43.44637680053711,-43.44689178466797,-43.4473762512207,-43.44783020019531,-43.44825744628906,-43.44865417480469,-43.449031829833984,-43.44938278198242,-43.449710845947266,-43.45001983642578,-43.4503059387207,-43.45057678222656,-43.450828552246094,-43.45106887817383,-43.451290130615234,-43.451499938964844,-43.45169448852539,-43.45187759399414,-43.452049255371094,-43.45220947265625,-43.45235824584961,-43.45249938964844,-43.452632904052734,-43.4527587890625,-43.452877044677734,-43.45298767089844,-43.45309066772461,-43.453189849853516,-43.45328140258789,-43.453369140625,-43.453453063964844,-43.45353317260742,-43.45360565185547,-43.45367431640625,-43.45374298095703,-43.45380401611328,-43.45386505126953,-43.45391845703125,-43.453975677490234,-43.45402526855469,-43.45407485961914,-43.45412063598633,-43.45416259765625,-43.45420455932617,-43.454246520996094,-43.45428466796875,-43.45431900024414,-43.45435333251953,-43.45438766479492,-43.45441818237305,-43.45444869995117,-43.4544792175293,-43.454505920410156,-43.454532623291016,-43.45455551147461,-43.45458221435547,-43.45460510253906,-43.454627990722656,-43.454647064208984,-43.45466613769531,-43.45468521118164,-43.45470428466797,-43.4547233581543,-43.45473861694336,-43.45475769042969,-43.45477294921875,-43.45478820800781,-43.454803466796875,-43.45481491088867,-43.454830169677734,-43.45484161376953,-43.45485305786133,-43.454864501953125,-43.45487594604492,-43.45488739013672,-43.454898834228516,-43.45490646362305,-43.454917907714844,-43.454925537109375,-43.454933166503906,-43.45494079589844,-43.45494842529297,-43.4549560546875,-43.45496368408203,-43.45497131347656,-43.454978942871094,-43.454986572265625,-43.45499038696289
-33.45498275756836,-33.57815933227539,-33.70186233520508,-33.826690673828125,-33.952457427978516,-34.07902526855469,-34.20631408691406,-34.33436584472656,-34.463340759277344,-34.59349822998047,-34.725101470947266,-34.85829162597656,-34.99300765991211,-35.12898254394531,-35.26582717895508,-35.4030876159668,-35.54033279418945,-35.67716979980469,-35.813255310058594,-35.94822692871094,-36.081687927246094,-36.21318817138672,-36.34227752685547,-36.46855926513672,-36.59177780151367,-36.71192169189453,-36.8292350769043,-36.944149017333984,-37.05712127685547,-37.16841125488281,-37.27809143066406,-37.386627197265625,-37.495513916015625,-37.60626983642578,-37.71922302246094,-37.83356475830078,-37.94770812988281,-38.06001281738281,-38.170475006103516,-38.28143310546875,-38.39420700073242,-38.50754165649414,-38.61914825439453,-38.727561950683594,-38.83380126953125,-38.93918991088867,-39.04227066040039,-39.140987396240234,-39.235382080078125,-39.32636260986328,-39.413265228271484,-39.49488067626953,-39.57170486450195,-39.64424133300781,-39.71136474609375,-39.77315139770508,-39.83137512207031,-39.88622283935547,-39.93719482421875,-39.98544692993164,-40.03178024291992,-40.075828552246094,-40.118350982666016,-40.15983963012695,-40.205387115478516,-40.25392150878906,-40.30430603027344,-40.355247497558594,-40.40618133544922,-40.457000732421875,-40.506996154785156,-40.55596923828125,-40.60404968261719,-40.65078353881836,-40.696170806884766,-40.74024200439453,-40.78267288208008,-40.823707580566406,-40.863365173339844,-40.90167236328125,-40.93903732299805,-40.97549819946289,-41.01146697998047,-41.047119140625,-41.082603454589844,-41.118133544921875,-41.15367126464844,-41.18941879272461,-41.22529983520508,-41.261512756347656,-41.29800796508789,-41.334957122802734,-41.372283935546875,-41.410118103027344,-41.44837188720703,-41.48709487915039,-41.52621078491211,-41.56569290161133,-41.605587005615234,-41.64588165283203,-41.68665313720703,-41.72795104980469,-41.769779205322266,-41.812191009521484,-41.855247497558594,-41.898983001708984,-41.94345474243164,-41.988739013671875,-42.03485870361328,-42.08177947998047,-42.1294059753418,-42.17753219604492,-42.225799560546875,-42.27406311035156,-42.32342529296875,-42.37328338623047,-42.42070388793945,-42.466819763183594,-42.51293182373047,-42.55615234375,-42.596378326416016,-42.63525390625,-42.670677185058594,-42.70233917236328,-42.73188018798828,-42.75799560546875,-42.780582427978516,-42.80121994018555,-42.81925964355469,-42.83480453491211,-42.849273681640625,-42.86235809326172,-42.87413787841797,-42.88572311401367,-42.904441833496094,-42.9252815246582,-42.94764709472656,-42.97036361694336,-42.99333190917969,-43.01639938354492,-43.03909683227539,-43.061771392822266,-43.084205627441406,-43.10649490356445,-43.1289176940918,-43.15129852294922,-43.17388153076172,-43.19662094116211,-43.219398498535156,-43.2423095703125,-43.265140533447266,-43.28788375854492,-43.31050491333008,-43.33287048339844,-43.355037689208984,-43.37693786621094,-43.3985481262207,-43.419925689697266,-43.44101333618164,-43.46185302734375,-43.48247528076172,-43.502864837646484,-43.523075103759766,-43.54313659667969,-43.563045501708984,-43.58286666870117,-43.60259246826172,-43.62223434448242,-43.641815185546875,-43.661319732666016,-43.68074417114258,-43.70009994506836,-43.7193717956543,-43.73855209350586,-43.757659912109375,-43.776695251464844,-43.7956657409668,-43.814605712890625,-43.833526611328125,-43.852447509765625,-43.87139892578125,-43.89038848876953,-43.90943145751953,-43.92852783203125,-43.94768142700195,-43.96687698364258,-43.98610305786133,-44.00534439086914,-44.02457809448242,-44.04378128051758,-44.06293869018555,-44.08203125,-44.10103225708008,-44.11993408203125,-44.138710021972656,-44.157344818115234,-44.17581558227539,-44.19410705566406,-44.21219253540039,-44.23004913330078,-44.24765396118164,-44.264984130859375,-44.282012939453125,-44.29872512817383,-44.315101623535156,-44.33112335205078,-44.34678268432617,-44.362064361572266,-44.3769645690918,-44.39147186279297,-44.40558624267578,-44.41930389404297,-44.432621002197266,-44.44554138183594,-44.45805740356445,-44.470176696777344,-44.48189926147461,-44.493228912353516,-44.50416564941406,-44.51471710205078,-44.524879455566406,-44.53466796875,-44.54407501220703,-44.5531120300293,-44.56177520751953,-44.57007598876953,-44.57801055908203,-44.58558654785156,-44.59280776977539,-44.59967803955078,-44.606201171875,-44.61238098144531,-44.61822509765625,-44.62373733520508,-44.62893295288086,-44.633811950683594,-44.638389587402344,-44.64267349243164,-44.646671295166016,-44.650394439697266,-44.65386199951172,-44.65707778930664,-44.66005325317383,-44.662811279296875,-44.66535568237305,-44.66769790649414,-44.66986083984375,-44.67184829711914,-44.67367172241211,-44.675350189208984,-44.6768913269043,-44.678306579589844,-44.67960739135742,-44.68080139160156,-44.6818962097168,-44.68290710449219,-44.683837890625,-44.684696197509766,-44.68548583984375,-44.686222076416016,-44.6869010925293,-44.68753433227539,-44.6881217956543,-44.68867111206055,-44.689186096191406,-44.68967056274414,-44.69012451171875,-44.6905517578125,-44.69095230102539,-44.69133377075195,-44.69169616699219,-44.69203567504883,-44.69235610961914,-44.69265365600586,-44.69292449951172,-44.69314956665039,-44.69330596923828,-44.693359375,-44.69330596923828,-44.693302154541016,-44.69367599487305,-44.69443130493164,-44.69497299194336,-44.69496536254883,-44.69486999511719,-44.695213317871094,-44.69573974609375,-44.695892333984375,-44.69584274291992,-44.69607162475586,-44.696468353271484,-44.69662094116211,-44.69662857055664,-44.696842193603516,-44.697147369384766,-44.697265625,-44.697322845458984,-44.697532653808594,-44.6977653503418,-44.6978645324707,-44.697959899902344,-44.69815444946289,-44.69833755493164,-44.69843673706055,-44.698551177978516,-44.69873046875,-44.698883056640625,-44.69898223876953,-44.69910430908203,-44.69926834106445,-44.69940185546875,-44.69950485229492,-44.69963073730469,-44.69977569580078,-44.69989776611328,-44.70000457763672,-44.70012664794922,-44.70025634765625,-44.700374603271484,-44.700477600097656,-44.70059585571289,-44.70071792602539,-44.700828552246094,-44.700931549072266,-44.7010383605957,-44.70115280151367,-44.70125961303711,-44.701358795166016,-44.70146179199219,-44.70156478881836,-44.70166778564453,-44.70176315307617,-44.70185852050781,-44.70195770263672,-44.70205307006836,-44.70214080810547,-44.702232360839844,-44.70232391357422,-44.70241165161133,-44.70249938964844,-44.70258331298828,-44.702667236328125,-44.70275115966797,-44.70283126831055,-44.702911376953125,-44.70298767089844,-44.70306396484375,-44.70314025878906,-44.703216552734375,-44.70328903198242,-44.7033576965332,-44.70343017578125,-44.70349884033203,-44.70356369018555,-44.70363235473633,-44.703697204589844,-44.703758239746094,-44.70382308959961,-44.70388412475586,-44.703941345214844,-44.704002380371094,-44.70405960083008,-44.70411682128906,-44.70417022705078,-44.7042236328125,-44.70427703857422,-44.70432662963867,-44.70438003540039,-44.704429626464844,-44.70447540283203,-44.704524993896484,-44.70457077026367,-44.70461654663086,-44.70465850830078,-44.70470428466797,-44.70474624633789,-44.70478820800781,-44.70482635498047,-44.704864501953125,-44.70490646362305,-44.70494079589844,-44.704978942871094,-44.705013275146484,-44.70505142211914,-44.70508575439453,-44.705116271972656,-44.70515060424805,-44.70518112182617,-44.7052116394043,-44.70524215698242,-44.70527267456055,-44.70530319213867,-44.70532989501953,-44.70535659790039,-44.70538330078125,-44.70541000366211,-44.70543670654297,-44.70545959472656,-44.705482482910156,-44.705509185791016,-44.70553207397461,-44.70555114746094,-44.70557403564453,-44.705596923828125,-44.70561599731445,-44.70563507080078,-44.70565414428711,-44.70567321777344,-44.705692291259766,-44.705711364746094,-44.70573043823242,-44.705745697021484,-44.70576477050781,-44.705780029296875,-44.70579528808594,-44.705810546875,-44.70582580566406,-44.705841064453125,-44.70585250854492,-44.705867767333984,-44.70588302612305,-44.705894470214844,-44.70590591430664,-44.7059211730957,-44.7059326171875,-44.7059440612793,-44.705955505371094,-44.70596694946289,-44.70597457885742,-44.70598602294922,-44.705997467041016,-44.70600509643555,-44.706016540527344,-44.706024169921875,-44.70603561401367,-44.7060432434082,-44.706050872802734,-44.706058502197266,-44.70606994628906,-44.706077575683594,-44.706085205078125,-44.706092834472656,-44.70609664916992,-44.70610427856445,-44.706111907958984,-44.706119537353516,-44.70612335205078
-32.848289489746094,-32.96513748168945,-33.084632873535156,-33.20704650878906,-33.3331298828125,-33.46335220336914,-33.59772872924805,-33.73597717285156,-33.87763977050781,-34.022193908691406,-34.169036865234375,-34.31752395629883,-34.466983795166016,-34.61678695678711,-34.766353607177734,-34.91521072387695,-35.06304931640625,-35.20980453491211,-35.35563278198242,-35.50091552734375,-35.64621353149414,-35.792179107666016,-35.93941116333008,-36.088294982910156,-36.23891067504883,-36.39100646972656,-36.544063568115234,-36.69735336303711,-36.85005187988281,-37.00132751464844,-37.150386810302734,-37.2965202331543,-37.439170837402344,-37.57794952392578,-37.71266174316406,-37.84330368041992,-37.97000503540039,-38.09298324584961,-38.21249008178711,-38.328773498535156,-38.442020416259766,-38.55231857299805,-38.65965270996094,-38.76394271850586,-38.86507034301758,-38.962928771972656,-39.057472229003906,-39.14876174926758,-39.23698806762695,-39.32243728637695,-39.40542221069336,-39.48622512817383,-39.56501770019531,-39.64182662963867,-39.7165412902832,-39.78896713256836,-39.8588981628418,-39.92618942260742,-39.990821838378906,-40.052879333496094,-40.11255645751953,-40.1700553894043,-40.22554016113281,-40.27910614013672,-40.33077621459961,-40.380531311035156,-40.428348541259766,-40.47425842285156,-40.529449462890625,-40.589473724365234,-40.65210723876953,-40.716312408447266,-40.781288146972656,-40.84642028808594,-40.91130828857422,-40.97568893432617,-41.03932571411133,-41.1020622253418,-41.163787841796875,-41.22441482543945,-41.28383255004883,-41.341949462890625,-41.398746490478516,-41.45423889160156,-41.50846862792969,-41.56148910522461,-41.61335754394531,-41.664127349853516,-41.713829040527344,-41.76247024536133,-41.810081481933594,-41.8567008972168,-41.90236282348633,-41.94709777832031,-41.99092102050781,-42.033851623535156,-42.07589340209961,-42.11705780029297,-42.1573486328125,-42.196773529052734,-42.23533248901367,-42.27301788330078,-42.309814453125,-42.345706939697266,-42.38067626953125,-42.414703369140625,-42.44777297973633,-42.4798698425293,-42.51096725463867,-42.54104995727539,-42.57009506225586,-42.59809112548828,-42.62502670288086,-42.65089797973633,-42.67570114135742,-42.699440002441406,-42.72211837768555,-42.74374008178711,-42.764320373535156,-42.78386688232422,-42.802391052246094,-42.81991195678711,-42.83644104003906,-42.858001708984375,-42.88135528564453,-42.90530776977539,-42.929473876953125,-42.953453063964844,-42.976924896240234,-42.999752044677734,-43.02184295654297,-43.04306411743164,-43.06333923339844,-43.08265686035156,-43.10101318359375,-43.1183967590332,-43.134803771972656,-43.150272369384766,-43.164852142333984,-43.17856979370117,-43.191463470458984,-43.20358657836914,-43.21499252319336,-43.22573471069336,-43.2358512878418,-43.24538803100586,-43.25440216064453,-43.26292419433594,-43.270992279052734,-43.27864074707031,-43.28589630126953,-43.292789459228516,-43.29933547973633,-43.30556106567383,-43.31147766113281,-43.31709671020508,-43.32244110107422,-43.32750701904297,-43.33231735229492,-43.33687210083008,-43.341182708740234,-43.34525680541992,-43.34910202026367,-43.35272979736328,-43.35614013671875,-43.35934829711914,-43.362361907958984,-43.36518478393555,-43.367828369140625,-43.370304107666016,-43.37261199951172,-43.37477111816406,-43.37678146362305,-43.37865447998047,-43.380401611328125,-43.38202667236328,-43.3835334777832,-43.38494110107422,-43.38624572753906,-43.387454986572266,-43.38858413696289,-43.38962936401367,-43.39059829711914,-43.39149856567383,-43.392333984375,-43.39310836791992,-43.39382553100586,-43.394493103027344,-43.39510726928711,-43.39567947387695,-43.396209716796875,-43.396697998046875,-43.397151947021484,-43.39756774902344,-43.39795684814453,-43.398311614990234,-43.398643493652344,-43.398948669433594,-43.399227142333984,-43.39948654174805,-43.39972686767578,-43.39994812011719,-43.400150299072266,-43.40033721923828,-43.400508880615234,-43.40066909790039,-43.40081787109375,-43.40095138549805,-43.40107727050781,-43.40119171142578,-43.401302337646484,-43.40140151977539,-43.401493072509766,-43.40157699584961,-43.40165710449219,-43.401729583740234,-43.401798248291016,-43.40186309814453,-43.40192413330078,-43.4019775390625,-43.40203094482422,-43.40208053588867,-43.40212631225586,-43.40217208862305,-43.40221405029297,-43.402252197265625,-43.40229034423828,-43.40232849121094,-43.40235900878906,-43.40239334106445,-43.40242385864258,-43.4024543762207,-43.40248489379883,-43.40251159667969,-43.40253829956055,-43.402565002441406,-43.402591705322266,-43.40261459350586,-43.40264129638672,-43.40266418457031,-43.402687072753906,-43.4027099609375,-43.402732849121094,-43.40275573730469,-43.40277862548828,-43.402801513671875,-43.4028205871582,-43.4028434753418,-43.40286636352539,-43.40288543701172,-43.40290832519531,-43.40292739868164,-43.402950286865234,-43.40296936035156,-43.402992248535156,-43.403011322021484,-43.40303421020508,-43.403053283691406,-43.403076171875,-43.40309524536133,-43.40311813354492,-43.40313720703125,-43.403160095214844,-43.40318298339844,-43.403202056884766,-43.40322494506836,-43.40324783325195,-43.40326690673828,-43.403289794921875,-43.40331268310547,-43.40333557128906,-43.403358459472656,-43.403377532958984,-43.40340042114258,-43.40342330932617,-43.403446197509766,-43.403472900390625,-43.40349578857422,-43.40351867675781,-43.403541564941406,-43.403568267822266,-43.40359115600586,-43.40361785888672,-43.40364074707031,-43.40366744995117,-43.40369415283203,-43.403717041015625,-43.403743743896484,-43.403770446777344,-43.4037971496582,-43.40382385253906,-43.40385437011719,-43.40388107299805,-43.403907775878906,-43.40393829345703,-43.40396499633789,-43.403995513916016,-43.40402603149414,-43.404056549072266,-43.40408706665039,-43.404117584228516,-43.40414810180664,-43.40418243408203,-43.404212951660156,-43.40424728393555,-43.40428161621094,-43.40431594848633,-43.40435028076172,-43.40438461303711,-43.4044189453125,-43.404457092285156,-43.40449142456055,-43.4045295715332,-43.40456771850586,-43.404605865478516,-43.40464782714844,-43.404685974121094,-43.404727935791016,-43.40476989746094,-43.40481185913086,-43.40485382080078,-43.4048957824707,-43.40494155883789,-43.40498733520508,-43.405033111572266,-43.40507888793945,-43.40512466430664,-43.405174255371094,-43.40522384643555,-43.4052734375,-43.40532302856445,-43.40537643432617,-43.40542984008789,-43.40548324584961,-43.40553665161133,-43.40559005737305,-43.40564727783203,-43.405704498291016,-43.405765533447266,-43.40582275390625,-43.4058837890625,-43.40594482421875,-43.406009674072266,-43.406070709228516,-43.40613555908203,-43.40620422363281,-43.40626907348633,-43.40633773803711,-43.40640640258789,-43.40647888183594,-43.406551361083984,-43.40662384033203,-43.40669631958008,-43.40677261352539,-43.4068489074707,-43.40692901611328,-43.40700912475586,-43.40708923339844,-43.407169342041016,-43.40725326538086,-43.4073371887207,-43.40742492675781,-43.40751266479492,-43.40760040283203,-43.407691955566406,-43.40778350830078,-43.407875061035156,-43.40796661376953,-43.40806198120117,-43.40816116333008,-43.408260345458984,-43.40835952758789,-43.4084587097168,-43.40856170654297,-43.40866470336914,-43.40876770019531,-43.40887451171875,-43.40898132324219,-43.40909194946289,-43.40919876098633,-43.4093132019043,-43.409423828125,-43.40953826904297,-43.40965270996094,-43.409767150878906,-43.40988540649414,-43.410003662109375,-43.41012191772461,-43.410240173339844,-43.410362243652344,-43.410484313964844,-43.410606384277344,-43.410728454589844,-43.41085433959961,-43.410980224609375,-43.41110610961914,-43.411231994628906,-43.41135787963867,-43.4114875793457,-43.41161346435547,-43.4117431640625,-43.41187286376953,-43.41200256347656,-43.412132263183594,-43.412261962890625,-43.41239547729492,-43.41252517700195,-43.412654876708984,-43.412784576416016,-43.41291809082031,-43.413047790527344,-43.413177490234375,-43.413307189941406,-43.41343688964844,-43.413570404052734,-43.413700103759766,-43.41382598876953,-43.41395568847656,-43.414085388183594,-43.41421127319336,-43.41434097290039,-43.414466857910156,-43.41459274291992,-43.41471862792969,-43.41484069824219,-43.41496658325195,-43.41508865356445,-43.41521072387695,-43.41532897949219,-43.41545104980469,-43.41556930541992,-43.415687561035156,-43.415802001953125,-43.41592025756836,-43.41603469848633,-43.4161491394043,-43.416259765625,-43.4163703918457,-43.416481018066406,-43.41659164428711,-43.41669845581055,-43.416805267333984,-43.41691207885742,-43.417015075683594,-43.417118072509766,-43.41722106933594,-43.417320251464844,-43.41741943359375,-43.417518615722656,-43.41761779785156,-43.4177131652832,-43.417808532714844,-43.41790008544922,-43.417991638183594,-43.41808319091797,-43.418174743652344,-43.41826248168945,-43.41835021972656,-43.41843795776367,-43.41852569580078,-43.418609619140625,-43.41869354248047,-43.41877746582031,-43.418861389160156,-43.418941497802734,-43.41902160644531,-43.41910171508789,-43.41918182373047,-43.41925811767578,-43.419334411621094,-43.419410705566406,-43.41948699951172,-43.41956329345703,-43.41963577270508,-43.41971206665039,-43.41978454589844,-43.419857025146484,-43.41992950439453,-43.41999816894531,-43.42007064819336,-43.42013931274414,-43.42021179199219,-43.42028045654297,-43.42034912109375,-43.42041778564453,-43.42048645019531,-43.420555114746094,-43.42061996459961,-43.42068862915039,-43.420753479003906,-43.42082214355469,-43.4208869934082,-43.420955657958984,-43.4210205078125,-43.421085357666016,-43.42115020751953,-43.42121887207031,-43.42128372192383,-43.421348571777344,-43.42141342163086,-43.421478271484375,-43.42154312133789,-43.421607971191406,-43.42167282104492,-43.42173767089844,-43.42180252075195,-43.42186737060547,-43.421932220458984,-43.4219970703125,-43.422061920166016,-43.42212677001953,-43.42219161987305,-43.42225646972656,-43.42232131958008,-43.422386169433594,-43.422454833984375,-43.42251968383789,-43.422584533691406,-43.42264938354492,-43.42271423339844,-43.42278289794922,-43.422847747802734,-43.422916412353516,-43.42298126220703,-43.42304992675781,-43.42311477661133,-43.42318344116211,-43.423248291015625,-43.423316955566406,-43.42338562011719,-43.42345428466797,-43.423519134521484,-43.423587799072266,-43.42365646362305,-43.42372512817383,-43.423797607421875,-43.423866271972656,-43.42393493652344,-43.42400360107422,-43.424076080322266,-43.42414474487305,-43.424217224121094,-43.424285888671875,-43.42435836791992,-43.42443084716797,-43.42449951171875,-43.4245719909668,-43.424644470214844,-43.42471694946289,-43.42478942871094,-43.424861907958984,-43.4249382019043,-43.425010681152344,-43.42508316040039,-43.4251594543457,-43.42523193359375,-43.42530822753906,-43.42538070678711,-43.42545700073242,-43.425533294677734,-43.42560958862305,-43.42568588256836,-43.42576217651367,-43.425838470458984,-43.4259147644043,-43.42599105834961,-43.42607116699219,-43.4261474609375,-43.42622375488281,-43.42630386352539,-43.42638397216797,-43.42646026611328,-43.42654037475586,-43.42662048339844,-43.426700592041016,-43.426780700683594,-43.42686080932617,-43.42694091796875,-43.42702102661133,-43.427101135253906,-43.42718505859375,-43.42726516723633,-43.42734909057617,-43.42742919921875,-43.427513122558594,-43.42759704589844,-43.427677154541016,-43.42776107788086,-43.4278450012207,-43.42792892456055,-43.42801284790039,-43.428096771240234,-43.428184509277344,-43.42826843261719,-43.42835235595703,-43.428436279296875,-43.428524017333984,-43.42860794067383,-43.42869567871094,-43.42878341674805,-43.42886734008789,-43.428955078125,-43.42904281616211,-43.42913055419922,-43.42921829223633,-43.42930603027344,-43.42939376831055,-43.429481506347656,-43.429569244384766,-43.429656982421875,-43.42974853515625,-43.42983627319336,-43.42992401123047,-43.430015563964844,-43.43010330200195,-43.43019485473633,-43.4302864074707,-43.43037414550781,-43.43046569824219,-43.43055725097656,-43.43064880371094,-43.43073654174805,-43.43082809448242,-43.4309196472168,-43.43101119995117,-43.43110275268555,-43.43119430541992,-43.43128967285156,-43.43138122558594,-43.43147277832031,-43.43156433105469,-43.43165588378906,-43.4317512512207,-43.43184280395508,-43.43193435668945,-43.432029724121094,-43.43212127685547,-43.43221664428711,-43.432308197021484,-43.432403564453125,-43.432498931884766,-43.43259048461914,-43.43268585205078,-43.432777404785156,-43.4328727722168,-43.43296813964844,-43.43306350708008,-43.43315505981445,-43.433250427246094,-43.433345794677734,-43.433441162109375,-43.433536529541016,-43.43362808227539,-43.43372344970703,-43.43381881713867,-43.43391418457031,-43.43400955200195,-43.434104919433594,-43.434200286865234,-43.434295654296875,-43.434391021728516,-43.434486389160156,-43.43457794189453,-43.43467330932617,-43.43476867675781,-43.43486404418945,-43.434959411621094,-43.435054779052734,-43.435150146484375,-43.435245513916016,-43.435340881347656,-43.4354362487793,-43.43553161621094,-43.43562698364258,-43.43572235107422,-43.435813903808594,-43.435909271240234,-43.436004638671875,-43.436100006103516,-43.436195373535156,-43.4362907409668,-43.43638610839844,-43.43647766113281,-43.43657302856445,-43.436668395996094,-43.436763763427734,-43.43685531616211,-43.43695068359375,-43.43704605102539,-43.43714141845703,-43.437232971191406,-43.43732833862305,-43.43741989135742,-43.43751525878906,-43.43760681152344,-43.43770217895508,-43.43779373168945,-43.43788528442383,-43.43798065185547,-43.438072204589844,-43.43816375732422,-43.43825912475586,-43.438350677490234,-43.43844223022461,-43.438533782958984,-43.43862533569336,-43.438716888427734,-43.43880844116211,-43.438899993896484,-43.43899154663086,-43.439083099365234,-43.439170837402344,-43.43926239013672,-43.439353942871094,-43.4394416809082,-43.43953323364258,-43.43962097167969,-43.43971252441406,-43.43980026245117,-43.43988800048828,-43.43997573852539,-43.440067291259766,-43.440155029296875,-43.440242767333984,-43.440330505371094,-43.4404182434082,-43.44050216674805,-43.440589904785156,-43.440677642822266,-43.440765380859375,-43.44084930419922,-43.44093704223633,-43.44102096557617,-43.441104888916016,-43.441192626953125,-43.44127655029297,-43.44136047363281,-43.441444396972656,-43.4415283203125,-43.441612243652344,-43.44169616699219,-43.441776275634766,-43.44186019897461,-43.44194030761719,-43.44202423095703,-43.44210433959961,-43.44218826293945,-43.44226837158203,-43.44234848022461,-43.44242858886719,-43.442508697509766,-43.442588806152344,-43.44266891479492,-43.442745208740234,-43.44282531738281,-43.44290542602539,-43.4429817199707,-43.443058013916016,-43.443138122558594,-43.443214416503906,-43.44329071044922,-43.44336700439453,-43.443443298339844,-43.44351577758789,-43.4435920715332,-43.443668365478516,-43.44374084472656,-43.443817138671875,-43.44388961791992,-43.44396209716797,-43.444034576416016,-43.44410705566406,-43.44417953491211,-43.444252014160156,-43.4443244934082,-43.444393157958984,-43.44446563720703,-43.44453430175781,-43.44460678100586,-43.44467544555664,-43.44474411010742,-43.4448127746582,-43.444881439208984,-43.444950103759766,-43.44501495361328,-43.44508361816406,-43.445152282714844,-43.44521713256836,-43.445281982421875,-43.44534683227539,-43.44541549682617,-43.44548034667969,-43.44554138183594,-43.44560623168945,-43.44567108154297,-43.445735931396484,-43.445796966552734,-43.445858001708984,-43.4459228515625,-43.44598388671875,-43.446044921875,-43.44610595703125,-43.4461669921875,-43.446224212646484,-43.446285247802734,-43.446346282958984,-43.44640350341797,-43.44646072387695,-43.4465217590332,-43.44657897949219,-43.44663619995117,-43.446693420410156,-43.44675064086914,-43.44680404663086,-43.446861267089844,-43.44691848754883,-43.44697189331055,-43.447025299072266,-43.447078704833984,-43.44713592529297,-43.44718933105469,-43.44723892211914,-43.44729232788086,-43.44734573364258,-43.4473991394043,-43.44744873046875,-43.44750213623047,-43.44755172729492,-43.447601318359375,-43.44765090942383,-43.44770050048828,-43.447750091552734,-43.44779968261719,-43.44784927368164,-43.44789505004883,-43.44794464111328,-43.44799041748047,-43.448036193847656,-43.44808578491211,-43.4481315612793,-43.448177337646484,-43.44822311401367,-43.44826889038086,-43.44831085205078,-43.44835662841797,-43.448402404785156,-43.44844436645508,-43.448486328125,-43.44853210449219,-43.44857406616211,-43.44861602783203,-43.44865798950195,-43.448699951171875,-43.4487419128418,-43.44878005981445,-43.448822021484375,-43.44886016845703,-43.44890213012695,-43.44894027709961,-43.44898223876953,-43.44902038574219,-43.449058532714844,-43.4490966796875,-43.449134826660156,-43.44917297363281,-43.4492073059082,-43.44924545288086,-43.449283599853516,-43.449317932128906,-43.4493522644043,-43.44939041137695,-43.449424743652344,-43.449459075927734,-43.449493408203125,-43.449527740478516,-43.449562072753906,-43.4495964050293,-43.44963073730469,-43.44966125488281,-43.4496955871582,-43.449729919433594,-43.44976043701172,-43.449790954589844,-43.449825286865234,-43.44985580444336,-43.449886322021484,-43.44991683959961,-43.449947357177734,-43.44997787475586,-43.450008392333984,-43.450035095214844,-43.45006561279297,-43.450096130371094,-43.45012283325195,-43.45015335083008,-43.45018005371094,-43.4502067565918,-43.45023727416992,-43.45026397705078,-43.45029067993164,-43.4503173828125,-43.45034408569336,-43.45037078857422,-43.45039749145508,-43.45042419433594,-43.45044708251953,-43.45047378540039,-43.45050048828125,-43.450523376464844,-43.45054626464844,-43.4505729675293,-43.45059585571289,-43.450618743896484,-43.450645446777344,-43.45066833496094,-43.45069122314453,-43.450714111328125,-43.45073699951172,-43.45075988769531,-43.450782775878906,-43.450801849365234,-43.45082473754883,-43.45084762573242,-43.45086669921875,-43.450889587402344,-43.45090866088867,-43.450931549072266,-43.450950622558594,-43.45097351074219,-43.450992584228516,-43.451011657714844,-43.45103073120117,-43.4510498046875,-43.45106887817383,-43.451087951660156,-43.451107025146484,-43.45112609863281,-43.45114517211914,-43.45116424560547,-43.4511833190918,-43.45119857788086,-43.45121765136719,-43.451236724853516,-43.45125198364258,-43.451271057128906,-43.45128631591797,-43.4513053894043,-43.45132064819336,-43.45133590698242,-43.45135498046875,-43.45137023925781,-43.451385498046875,-43.45140075683594,-43.451416015625,-43.45143508911133,-43.45145034790039,-43.45146560668945,-43.451480865478516,-43.45149230957031,-43.451507568359375,-43.45152282714844,-43.4515380859375,-43.45155334472656,-43.45156478881836,-43.45158004760742,-43.451595306396484,-43.45160675048828,-43.451622009277344,-43.45163345336914,-43.4516487121582,-43.45166015625,-43.45167541503906,-43.45168685913086,-43.451698303222656,-43.45171356201172,-43.451725006103516,-43.45173645019531,-43.45174789428711,-43.45176315307617,-43.45177459716797,-43.451786041259766,-43.45179748535156,-43.45180892944336,-43.451820373535156,-43.45183181762695,-43.45184326171875,-43.45185470581055,-43.451866149902344,-43.45187759399414,-43.45188522338867,-43.45189666748047,-43.451908111572266,-43.45191955566406,-43.451927185058594,-43.45193862915039,-43.45195007324219,-43.45195770263672,-43.451969146728516,-43.45198059082031,-43.451988220214844,-43.45199966430664,-43.45200729370117,-43.45201873779297,-43.4520263671875,-43.4520378112793,-43.45204544067383,-43.45205307006836,-43.452064514160156,-43.45207214355469,-43.45207977294922,-43.452091217041016,-43.45209884643555,-43.45210647583008,-43.45211410522461,-43.452125549316406,-43.45213317871094,-43.45214080810547,-43.4521484375,-43.45215606689453,-43.45216369628906,-43.452171325683594,-43.452178955078125,-43.45219039916992,-43.45219802856445,-43.452205657958984,-43.452213287353516,-43.45221710205078,-43.45222473144531,-43.452232360839844,-43.452239990234375,-43.452247619628906,-43.45225524902344
-31.946683883666992,-32.130924224853516,-32.31956100463867,-32.51718521118164,-32.71949768066406,-32.921714782714844,-33.118309020996094,-33.3050651550293,-33.48063278198242,-33.64802932739258,-33.8162727355957,-33.99788284301758,-34.202606201171875,-34.43437194824219,-34.69185256958008,-34.96942138671875,-35.258060455322266,-35.54677200317383,-35.82590103149414,-36.09360122680664,-36.360599517822266,-36.64329147338867,-36.948829650878906,-37.26934051513672,-37.587764739990234,-37.88908767700195,-38.170753479003906,-38.442901611328125,-38.71589660644531,-38.987152099609375,-39.24321365356445,-39.472633361816406,-39.67675018310547,-39.866886138916016,-40.05107879638672,-40.226097106933594,-40.383216857910156,-40.51964569091797,-40.643611907958984,-40.7654914855957,-40.88639831542969,-41.00009536743164,-41.102821350097656,-41.19834518432617,-41.29215621948242,-41.3837776184082,-41.46869659423828,-41.5455207824707,-41.61845016479492,-41.68990707397461,-41.764461517333984,-41.83831024169922,-41.910343170166016,-41.982444763183594,-42.05626678466797,-42.13091278076172,-42.20442199707031,-42.27634048461914,-42.34781265258789,-42.4193229675293,-42.489566802978516,-42.55707931518555,-42.621917724609375,-42.685089111328125,-42.74671936035156,-42.805904388427734,-42.86219787597656,-42.91623306274414,-42.96868133544922,-43.01938247680664,-43.06807327270508,-43.1152458190918,-43.16172790527344,-43.207725524902344,-43.252960205078125,-43.297515869140625,-43.34185028076172,-43.38609313964844,-43.42992401123047,-43.47316360473633,-43.515960693359375,-43.55831527709961,-43.599918365478516,-43.64058303833008,-43.68044662475586,-43.7195930480957,-43.757904052734375,-43.79533767700195,-43.83207321166992,-43.86821365356445,-43.90372085571289,-43.93862533569336,-43.973060607910156,-44.007076263427734,-44.04058837890625,-44.07357406616211,-44.106075286865234,-44.1380615234375,-44.169456481933594,-44.200260162353516,-44.23050308227539,-44.26015853881836,-44.28919982910156,-44.31766128540039,-44.3455810546875,-44.37294387817383,-44.39976119995117,-44.42607116699219,-44.451881408691406,-44.4771728515625,-44.50196838378906,-44.52628707885742,-44.550113677978516,-44.573448181152344,-44.59629821777344,-44.61865997314453,-44.64051818847656,-44.661861419677734,-44.68268585205078,-44.702964782714844,-44.72268295288086,-44.741825103759766,-44.76038360595703,-44.778316497802734,-44.79635238647461,-44.81406784057617,-44.83159255981445,-44.848724365234375,-44.86528778076172,-44.88128662109375,-44.89675521850586,-44.91163635253906,-44.92586898803711,-44.93947219848633,-44.952449798583984,-44.96479415893555,-44.97651672363281,-44.987640380859375,-44.99819564819336,-45.008182525634766,-45.017616271972656,-45.026546478271484,-45.03501510620117,-45.043033599853516,-45.050621032714844,-45.05781173706055,-45.064640045166016,-45.07113265991211,-45.077308654785156,-45.08318328857422,-45.08878707885742,-45.09413528442383,-45.099239349365234,-45.10411834716797,-45.108787536621094,-45.113250732421875,-45.11751937866211,-45.12159729003906,-45.1254997253418,-45.12922668457031,-45.132789611816406,-45.13618469238281,-45.139427185058594,-45.142520904541016,-45.145469665527344,-45.14828109741211,-45.15095901489258,-45.15351486206055,-45.15595245361328,-45.15827941894531,-45.16050338745117,-45.162628173828125,-45.1646614074707,-45.16660690307617,-45.16847610473633,-45.17026901245117,-45.1719970703125,-45.17366027832031,-45.175262451171875,-45.176815032958984,-45.17831039428711,-45.17975997924805,-45.1811637878418,-45.18252944946289,-45.1838493347168,-45.18513488769531,-45.186378479003906,-45.187591552734375,-45.18877029418945,-45.189918518066406,-45.191036224365234,-45.19211959838867,-45.193180084228516,-45.194210052490234,-45.195213317871094,-45.19619369506836,-45.197147369384766,-45.19807815551758,-45.19898223876953,-45.199867248535156,-45.20073318481445,-45.201576232910156,-45.20240020751953,-45.20320510864258,-45.20398712158203,-45.20475769042969,-45.20550537109375,-45.20623779296875,-45.20695114135742,-45.20764923095703,-45.20833206176758,-45.20899963378906,-45.209651947021484,-45.210289001464844,-45.21091079711914,-45.211517333984375,-45.21210861206055,-45.21268844604492,-45.213253021240234,-45.21380615234375,-45.2143440246582,-45.21487045288086,-45.21538543701172,-45.215885162353516,-45.216373443603516,-45.21685028076172,-45.217315673828125,-45.217769622802734,-45.21821212768555,-45.21864318847656,-45.21906280517578,-45.21947479248047,-45.21987533569336,-45.22026443481445,-45.220645904541016,-45.22101593017578,-45.221378326416016,-45.22172927856445,-45.22207260131836,-45.222408294677734,-45.22273254394531,-45.223052978515625,-45.22336196899414,-45.223663330078125,-45.22395706176758,-45.224246978759766,-45.224525451660156,-45.22480010986328,-45.22506332397461,-45.22532272338867,-45.2255744934082,-45.22582244873047,-45.2260627746582,-45.226295471191406,-45.226524353027344,-45.22674560546875,-45.22696304321289,-45.2271728515625,-45.227378845214844,-45.22758102416992,-45.22777557373047,-45.22796630859375,-45.228153228759766,-45.22833251953125,-45.228511810302734,-45.22868347167969,-45.228851318359375,-45.22901916503906,-45.22917938232422,-45.22933578491211,-45.229488372802734,-45.229637145996094,-45.22978210449219,-45.22992706298828,-45.230064392089844,-45.23019790649414,-45.23032760620117,-45.23045349121094,-45.23057174682617,-45.23067855834961,-45.230777740478516,-45.23087692260742,-45.23100662231445,-45.23115921020508,-45.23128890991211,-45.23137283325195,-45.23146057128906,-45.23158264160156,-45.2317008972168,-45.231788635253906,-45.231868743896484,-45.23197555541992,-45.232078552246094,-45.23215866088867,-45.23223876953125,-45.23233413696289,-45.232425689697266,-45.23249816894531,-45.232574462890625,-45.232662200927734,-45.23273849487305,-45.23280715942383,-45.232879638671875,-45.23295593261719,-45.23302459716797,-45.233089447021484,-45.233158111572266,-45.23322296142578,-45.23328399658203,-45.23334503173828,-45.2334098815918,-45.23346710205078,-45.233524322509766,-45.23358154296875,-45.233638763427734,-45.23369216918945,-45.23374557495117,-45.233795166015625,-45.233848571777344,-45.2338981628418,-45.233943939208984,-45.23398971557617,-45.234039306640625,-45.23408126831055,-45.234127044677734,-45.234169006347656,-45.23421096801758,-45.2342529296875,-45.23429489135742,-45.23433303833008,-45.234371185302734,-45.23440933227539,-45.23444366455078,-45.23448181152344,-45.23451614379883,-45.23455047607422,-45.23458480834961,-45.234619140625,-45.234649658203125,-45.23468017578125,-45.234710693359375,-45.2347412109375,-45.234771728515625,-45.234798431396484,-45.23482894897461,-45.23485565185547,-45.23488235473633,-45.23490905761719,-45.23493194580078,-45.23495864868164,-45.234981536865234,-45.235008239746094,-45.23503112792969,-45.23505401611328,-45.235076904296875,-45.2350959777832,-45.2351188659668,-45.23514175415039,-45.23516082763672,-45.23517990112305,-45.235198974609375,-45.2352180480957,-45.23523712158203,-45.23525619506836,-45.23527526855469,-45.23529052734375,-45.23530960083008,-45.23532485961914,-45.23534393310547,-45.23535919189453,-45.235374450683594,-45.235389709472656,-45.23540496826172,-45.23542022705078,-45.235435485839844,-45.23544692993164,-45.2354621887207,-45.2354736328125,-45.23548889160156,-45.23550033569336,-45.23551559448242,-45.23552703857422,-45.235538482666016,-45.23554992675781,-45.23556137084961,-45.235572814941406,-45.2355842590332,-45.235595703125,-45.2356071472168,-45.23561477661133,-45.235626220703125,-45.23563766479492,-45.23564529418945,-45.23565673828125,-45.23566436767578,-45.23567581176758,-45.23568344116211,-45.23569107055664,-45.23570251464844,-45.23571014404297,-45.2357177734375,-45.23572540283203,-45.23573303222656,-45.235740661621094,-45.235748291015625,-45.235755920410156,-45.23576354980469,-45.23577117919922,-45.23577880859375,-45.23578643798828,-45.23579406738281,-45.23579788208008
-32.49626541137695,-32.62925720214844,-32.761817932128906,-32.894229888916016,-33.02675247192383,-33.159915924072266,-33.29404067993164,-33.429508209228516,-33.566715240478516,-33.70575714111328,-33.84653091430664,-33.988624572753906,-34.13119125366211,-34.2730712890625,-34.41309356689453,-34.55134582519531,-34.690185546875,-34.8323860168457,-34.97871398925781,-35.127769470214844,-35.27705001831055,-35.424072265625,-35.567840576171875,-35.709983825683594,-35.852989196777344,-35.997283935546875,-36.14093780517578,-36.28132247924805,-36.41727066040039,-36.55057144165039,-36.68394470214844,-36.81728744506836,-36.947933197021484,-37.07395935058594,-37.19689178466797,-37.31985855102539,-37.44331359863281,-37.56526184082031,-37.68513870239258,-37.80551528930664,-37.92796325683594,-38.05025100708008,-38.169715881347656,-38.286712646484375,-38.40198516845703,-38.51316833496094,-38.617889404296875,-38.71701431274414,-38.81166076660156,-38.90061569213867,-38.9836311340332,-39.06272506713867,-39.13827896118164,-39.20924377441406,-39.27657699584961,-39.341434478759766,-39.403045654296875,-39.46163558959961,-39.51865005493164,-39.57400131225586,-39.62751770019531,-39.680274963378906,-39.732391357421875,-39.7834587097168,-39.83246994018555,-39.88334274291992,-39.93501663208008,-39.987449645996094,-40.04063034057617,-40.0941276550293,-40.14802551269531,-40.202537536621094,-40.25742721557617,-40.3127555847168,-40.3687858581543,-40.42536926269531,-40.48253631591797,-40.54047775268555,-40.599037170410156,-40.658203125,-40.71805191040039,-40.77839660644531,-40.839210510253906,-40.90047073364258,-40.96196365356445,-41.023685455322266,-41.08549118041992,-41.14718246459961,-41.20868682861328,-41.269737243652344,-41.33019256591797,-41.38985061645508,-41.44847106933594,-41.505924224853516,-41.56196975708008,-41.61650848388672,-41.66936492919922,-41.72043228149414,-41.76961135864258,-41.816810607910156,-41.86199951171875,-41.905120849609375,-41.94620132446289,-41.9852409362793,-42.022315979003906,-42.057464599609375,-42.09080123901367,-42.122406005859375,-42.152427673339844,-42.18097686767578,-42.208229064941406,-42.23432922363281,-42.25944519042969,-42.283721923828125,-42.307308197021484,-42.33033752441406,-42.35293197631836,-42.37520217895508,-42.397247314453125,-42.419158935546875,-42.44100570678711,-42.477500915527344,-42.520137786865234,-42.56686019897461,-42.61674880981445,-42.66923522949219,-42.72368240356445,-42.77973556518555,-42.83713150024414,-42.895545959472656,-42.954830169677734,-43.014774322509766,-43.07512283325195,-43.13576126098633,-43.1965446472168,-43.25731658935547,-43.318023681640625,-43.37855911254883,-43.43882751464844,-43.498775482177734,-43.55827713012695,-43.61720275878906,-43.675445556640625,-43.73288345336914,-43.7894172668457,-43.845001220703125,-43.89961624145508,-43.95323944091797,-44.005859375,-44.05744171142578,-44.10794448852539,-44.157310485839844,-44.205474853515625,-44.25239944458008,-44.298057556152344,-44.342437744140625,-44.38552474975586,-44.42729949951172,-44.46772003173828,-44.5067253112793,-44.544281005859375,-44.580345153808594,-44.61491394042969,-44.64799499511719,-44.679588317871094,-44.70969772338867,-44.73832702636719,-44.76547622680664,-44.79117202758789,-44.81544876098633,-44.83835983276367,-44.859954833984375,-44.880279541015625,-44.89937973022461,-44.917301177978516,-44.93409729003906,-44.94983673095703,-44.964576721191406,-44.97837829589844,-44.99128723144531,-45.00334167480469,-45.014564514160156,-45.02495193481445,-45.0345344543457,-45.04353713989258,-45.052490234375,-45.06144714355469,-45.06949996948242,-45.07640838623047,-45.083091735839844,-45.090023040771484,-45.096431732177734,-45.101959228515625,-45.10736846923828,-45.112892150878906,-45.11787033081055,-45.12229919433594,-45.12676239013672,-45.131141662597656,-45.135009765625,-45.13862228393555,-45.142276763916016,-45.14570236206055,-45.14875793457031,-45.151737213134766,-45.15468215942383,-45.15736389160156,-45.15983200073242,-45.16227340698242,-45.164615631103516,-45.166744232177734,-45.16875457763672,-45.17073440551758,-45.17259979248047,-45.17430877685547,-45.17594909667969,-45.177547454833984,-45.17904281616211,-45.1804313659668,-45.1817626953125,-45.18305969238281,-45.18427276611328,-45.18540573120117,-45.186492919921875,-45.18754959106445,-45.188541412353516,-45.18947219848633,-45.19036102294922,-45.19122314453125,-45.192039489746094,-45.192806243896484,-45.193538665771484,-45.194244384765625,-45.19491958618164,-45.195560455322266,-45.196163177490234,-45.196746826171875,-45.19730758666992,-45.19784164428711,-45.1983528137207,-45.19883728027344,-45.199302673339844,-45.19975280761719,-45.2001838684082,-45.20059585571289,-45.20098876953125,-45.20137023925781,-45.20173645019531,-45.20208740234375,-45.202423095703125,-45.2027473449707,-45.203060150146484,-45.20336151123047,-45.203651428222656,-45.20393371582031,-45.204200744628906,-45.20446014404297,-45.2047119140625,-45.204952239990234,-45.20518493652344,-45.20541000366211,-45.20562744140625,-45.20583724975586,-45.20603561401367,-45.20622634887695,-45.2064094543457,-45.206573486328125,-45.20673370361328,-45.2069091796875,-45.20711135864258,-45.20729064941406,-45.20743179321289,-45.20756912231445,-45.20773696899414,-45.20789337158203,-45.2080192565918,-45.20814895629883,-45.20829772949219,-45.208431243896484,-45.20854568481445,-45.20867156982422,-45.20880126953125,-45.20891189575195,-45.209022521972656,-45.20914077758789,-45.209251403808594,-45.209354400634766,-45.2094612121582,-45.20956802368164,-45.20966720581055,-45.20976257324219,-45.209861755371094,-45.209957122802734,-45.21004867553711,-45.210140228271484,-45.21023178100586,-45.2103157043457,-45.210391998291016,-45.21046447753906,-45.210514068603516,-45.21052932739258,-45.210487365722656,-45.21034622192383,-45.21010208129883,-45.209877014160156,-45.20996856689453,-45.21055221557617,-45.21116638183594,-45.21125030517578,-45.2109489440918,-45.210880279541016,-45.211265563964844,-45.21162796020508,-45.21158218383789,-45.21142578125,-45.21158218383789,-45.21189498901367,-45.211978912353516,-45.21188735961914,-45.21194839477539,-45.212181091308594,-45.21230697631836,-45.2122802734375,-45.212310791015625,-45.21247863769531,-45.21261215209961,-45.21263122558594,-45.2126579284668,-45.2127799987793,-45.21290969848633,-45.21296310424805,-45.21299743652344,-45.21308517456055,-45.21320343017578,-45.213279724121094,-45.21332931518555,-45.21339416503906,-45.213497161865234,-45.21358871459961,-45.213653564453125,-45.213714599609375,-45.21379852294922,-45.21389389038086,-45.21397399902344,-45.21403884887695,-45.214111328125,-45.21419906616211,-45.21428680419922,-45.21436309814453,-45.21443557739258,-45.214515686035156,-45.214599609375,-45.214683532714844,-45.21476364135742,-45.21484375,-45.21492004394531,-45.21500778198242,-45.215091705322266,-45.21517562866211,-45.21525573730469,-45.21533966064453,-45.215423583984375,-45.21550750732422,-45.21559524536133,-45.21567916870117,-45.215763092041016,-45.21584701538086,-45.21593475341797,-45.21602249145508,-45.21611022949219,-45.2161979675293,-45.216285705566406,-45.216373443603516,-45.216461181640625,-45.216548919677734,-45.21664047241211,-45.216732025146484,-45.216819763183594,-45.21691131591797,-45.217002868652344,-45.21709060668945,-45.21718215942383,-45.21727752685547,-45.217369079589844,-45.21746063232422,-45.21755599975586,-45.217647552490234,-45.217742919921875,-45.21783447265625,-45.21792984008789,-45.21802520751953,-45.21812057495117,-45.21821594238281,-45.21831130981445,-45.218406677246094,-45.218502044677734,-45.218597412109375,-45.21869659423828,-45.21879196166992,-45.21889114379883,-45.21898651123047,-45.219085693359375,-45.219181060791016,-45.21928024291992,-45.21937942504883,-45.21947479248047,-45.219573974609375,-45.219669342041016,-45.219764709472656,-45.21985626220703,-45.219940185546875,-45.22001266479492,-45.22007751464844,-45.220157623291016,-45.22026443481445,-45.22034454345703,-45.22032165527344,-45.22018051147461,-45.21992492675781,-45.21955490112305,-45.219268798828125,-45.21956253051758,-45.22051239013672,-45.22124481201172,-45.22110366821289,-45.220645904541016,-45.22077560424805,-45.221431732177734,-45.22174072265625,-45.22150421142578,-45.22141647338867,-45.2218017578125,-45.22214889526367,-45.22208786010742,-45.22200393676758,-45.22224044799805,-45.2225341796875,-45.222564697265625,-45.2225227355957,-45.22268295288086,-45.222923278808594,-45.222999572753906,-45.222991943359375,-45.22311019897461,-45.22330856323242,-45.22340774536133,-45.22343063354492,-45.22352600097656,-45.22368621826172,-45.22380065917969,-45.22385025024414,-45.22392654418945,-45.22406005859375,-45.224178314208984,-45.22425079345703,-45.22431945800781,-45.224430084228516,-45.224544525146484,-45.224632263183594,-45.22470474243164,-45.224796295166016,-45.22490310668945,-45.224998474121094,-45.22507858276367,-45.22515869140625,-45.22525405883789,-45.22534942626953,-45.22543716430664,-45.22551727294922,-45.22560119628906,-45.22568893432617,-45.22578048706055,-45.22586441040039,-45.22594451904297,-45.22602462768555,-45.226112365722656,-45.2261962890625,-45.22627639770508,-45.226356506347656,-45.226436614990234,-45.22651672363281,-45.22659683227539,-45.22667694091797,-45.22675323486328,-45.226829528808594,-45.226905822753906,-45.22698211669922,-45.22705841064453,-45.227134704589844,-45.22720718383789,-45.22727966308594,-45.227352142333984,-45.22742462158203,-45.22749710083008,-45.22756576538086,-45.227638244628906,-45.22770690917969,-45.22777557373047,-45.22784423828125,-45.22791290283203,-45.22797775268555,-45.22804260253906,-45.228111267089844,-45.228172302246094,-45.22823715209961,-45.228302001953125,-45.22836685180664,-45.22842788696289,-45.22848892211914,-45.22854995727539,-45.22861099243164,-45.228668212890625,-45.228729248046875,-45.22878646850586,-45.228843688964844,-45.22890090942383,-45.22895812988281,-45.2290153503418,-45.229068756103516,-45.229122161865234,-45.22917938232422,-45.22922897338867,-45.22928237915039,-45.22933578491211,-45.22938537597656,-45.22943878173828,-45.229488372802734,-45.22953796386719,-45.22958755493164,-45.22963333129883,-45.22968292236328,-45.22972869873047,-45.229774475097656,-45.229820251464844,-45.22986602783203,-45.22991180419922,-45.22995376586914,-45.22999954223633,-45.23004150390625,-45.23008346557617,-45.230125427246094,-45.230167388916016,-45.23020935058594,-45.230247497558594,-45.230289459228516,-45.23032760620117,-45.23036575317383,-45.230403900146484,-45.230438232421875,-45.230472564697266,-45.230506896972656,-45.23053741455078,-45.230560302734375,-45.23057556152344,-45.23057556152344,-45.23054122924805,-45.2304573059082,-45.23027801513672,-45.229976654052734,-45.22956466674805,-45.229217529296875,-45.22929382324219,-45.22996520996094,-45.23074722290039,-45.2309455871582,-45.23055648803711,-45.23021697998047,-45.23042297363281,-45.230926513671875,-45.23109817504883,-45.2308464050293,-45.23066329956055,-45.23085403442383,-45.23113250732422,-45.231136322021484,-45.23097610473633,-45.23099899291992,-45.23122024536133,-45.23134231567383,-45.231258392333984,-45.23118209838867,-45.23127746582031,-45.23142623901367,-45.2314453125,-45.23137664794922,-45.23138427734375,-45.231483459472656,-45.23155212402344,-45.23153305053711,-45.231510162353516,-45.2315559387207,-45.231624603271484,-45.23164749145508,-45.23163604736328,-45.23164367675781,-45.231685638427734,-45.231727600097656,-45.23173904418945,-45.23173904418945,-45.23175811767578,-45.23179244995117,-45.23181915283203,-45.23182678222656,-45.231834411621094,-45.23185348510742,-45.23188018798828,-45.23189926147461,-45.231910705566406,-45.2319221496582,-45.231937408447266,-45.23196029663086,-45.23197555541992,-45.231990814208984,-45.23200225830078,-45.23201370239258,-45.232032775878906,-45.23204803466797,-45.232059478759766,-45.23207092285156,-45.232086181640625,-45.23209762573242,-45.232112884521484,-45.23212814331055,-45.232139587402344,-45.232147216796875,-45.23216247558594,-45.232173919677734,-45.23218536376953,-45.23219680786133,-45.232208251953125,-45.23221969604492,-45.23223114013672,-45.232242584228516,-45.23225402832031,-45.232261657714844,-45.23227310180664,-45.23228454589844,-45.23229217529297,-45.232303619384766,-45.23231506347656,-45.232322692871094,-45.23233413696289,-45.23234176635742,-45.23235321044922,-45.23236083984375,-45.23236846923828,-45.23237991333008,-45.23238754272461,-45.23239517211914,-45.23240661621094,-45.23241424560547,-45.232421875,-45.23242950439453,-45.23243713378906,-45.232444763183594,-45.232452392578125,-45.23246383666992,-45.23247146606445,-45.232479095458984,-45.232486724853516,-45.23249053955078,-45.23249816894531,-45.232505798339844,-45.232513427734375,-45.232521057128906,-45.23252868652344
-31.48678207397461,-31.60503387451172,-31.722131729125977,-31.838640213012695,-31.95478057861328,-32.070472717285156,-32.185691833496094,-32.30049514770508,-32.41497802734375,-32.52927780151367,-32.64363479614258,-32.758419036865234,-32.874080657958984,-32.9910774230957,-33.10975646972656,-33.23029708862305,-33.352684020996094,-33.47674560546875,-33.60220718383789,-33.728755950927734,-33.85605239868164,-33.98371505737305,-34.11134338378906,-34.238582611083984,-34.3651237487793,-34.49075698852539,-34.615379333496094,-34.739009857177734,-34.861820220947266,-34.98410415649414,-35.10629653930664,-35.2288818359375,-35.35230255126953,-35.476844787597656,-35.60258102416992,-35.72938537597656,-35.857025146484375,-35.98518753051758,-36.1135368347168,-36.24167251586914,-36.36917495727539,-36.49561309814453,-36.6205940246582,-36.7437744140625,-36.8648796081543,-36.98373031616211,-37.10023498535156,-37.21437454223633,-37.326114654541016,-37.43539047241211,-37.54212188720703,-37.646263122558594,-37.7478141784668,-37.846797943115234,-37.9432373046875,-38.037113189697266,-38.12839126586914,-38.2170524597168,-38.303096771240234,-38.38652420043945,-38.46732711791992,-38.545528411865234,-38.6212043762207,-38.69448471069336,-38.76552963256836,-38.834476470947266,-38.90147018432617,-38.9666633605957,-39.03020477294922,-39.09221267700195,-39.15278244018555,-39.211997985839844,-39.269981384277344,-39.32685089111328,-39.38273239135742,-39.437744140625,-39.49201965332031,-39.54566955566406,-39.598785400390625,-39.651432037353516,-39.703670501708984,-39.755516052246094,-39.806941986083984,-39.85786437988281,-39.90815734863281,-39.95766830444336,-40.00623321533203,-40.05369567871094,-40.099952697753906,-40.14491653442383,-40.188541412353516,-40.230777740478516,-40.290225982666016,-40.356937408447266,-40.42771530151367,-40.50074768066406,-40.574825286865234,-40.649051666259766,-40.72277069091797,-40.79549026489258,-40.86684799194336,-40.93660354614258,-41.00459289550781,-41.07071304321289,-41.134910583496094,-41.197139739990234,-41.25736999511719,-41.31559371948242,-41.37181091308594,-41.426055908203125,-41.47836685180664,-41.528812408447266,-41.57745361328125,-41.62436294555664,-41.66960144042969,-41.71323013305664,-41.75530242919922,-41.79588317871094,-41.835025787353516,-41.87279510498047,-41.90925216674805,-41.9444694519043,-41.978519439697266,-42.011478424072266,-42.04340362548828,-42.07435607910156,-42.10437774658203,-42.13350296020508,-42.1617546081543,-42.189151763916016,-42.215702056884766,-42.24140930175781,-42.266273498535156,-42.29030227661133,-42.3134880065918,-42.335845947265625,-42.35737991333008,-42.378108978271484,-42.398048400878906,-42.41722869873047,-42.43568420410156,-42.458248138427734,-42.482322692871094,-42.50711441040039,-42.532039642333984,-42.556854248046875,-42.58130645751953,-42.605201721191406,-42.62843322753906,-42.65090560913086,-42.67251205444336,-42.69320297241211,-42.71295166015625,-42.731712341308594,-42.74946212768555,-42.76620101928711,-42.78194808959961,-42.79670715332031,-42.81050491333008,-42.82338333129883,-42.835384368896484,-42.84654235839844,-42.856910705566406,-42.866539001464844,-42.87548065185547,-42.88377380371094,-42.89147186279297,-42.89861297607422,-42.905242919921875,-42.91139602661133,-42.9171028137207,-42.922401428222656,-42.92731475830078,-42.93186950683594,-42.93608856201172,-42.939998626708984,-42.94361114501953,-42.946956634521484,-42.95003890991211,-42.95288848876953,-42.95551300048828,-42.95792770385742,-42.96015167236328,-42.96220016479492,-42.964080810546875,-42.96581268310547,-42.967403411865234,-42.968868255615234,-42.97022247314453,-42.97146987915039,-42.972625732421875,-42.973697662353516,-42.974693298339844,-42.975624084472656,-42.976497650146484,-42.977317810058594,-42.97809600830078,-42.97883224487305,-42.97953414916992,-42.98020553588867,-42.98085403442383,-42.981475830078125,-42.98208236694336,-42.982669830322266,-42.983245849609375,-42.98381042480469,-42.9843635559082,-42.98491287231445,-42.985450744628906,-42.98598861694336,-42.98651885986328,-42.9870491027832,-42.98757553100586,-42.98810577392578,-42.98863220214844,-42.98916244506836,-42.98969650268555,-42.990234375,-42.99077606201172,-42.99132537841797,-42.99188232421875,-42.99244689941406,-42.99302673339844,-42.993614196777344,-42.99422073364258,-42.99483871459961,-42.995479583740234,-42.99613952636719,-42.99681854248047,-42.997528076171875,-42.998260498046875,-42.999027252197266,-42.99982833862305,-43.000667572021484,-43.00154495239258,-43.00246810913086,-43.003440856933594,-43.00446701049805,-43.00554656982422,-43.00669479370117,-43.00790786743164,-43.00919723510742,-43.01056671142578,-43.012020111083984,-43.01356887817383,-43.01521682739258,-43.01697540283203,-43.01884841918945,-43.02084732055664,-43.02298355102539,-43.02526092529297,-43.02769088745117,-43.03028869628906,-43.033058166503906,-43.036014556884766,-43.03916549682617,-43.04252624511719,-43.046104431152344,-43.0499153137207,-43.05396270751953,-43.05826950073242,-43.062835693359375,-43.06767272949219,-43.07279586791992,-43.078208923339844,-43.08391571044922,-43.089927673339844,-43.096248626708984,-43.102874755859375,-43.10981369018555,-43.11705780029297,-43.124603271484375,-43.1324462890625,-43.14057159423828,-43.14896774291992,-43.157623291015625,-43.1665153503418,-43.175621032714844,-43.18491744995117,-43.19437789916992,-43.20397186279297,-43.21366882324219,-43.22343444824219,-43.23323440551758,-43.243038177490234,-43.2528076171875,-43.262508392333984,-43.27210235595703,-43.28156280517578,-43.29085922241211,-43.29996109008789,-43.308837890625,-43.317474365234375,-43.32583999633789,-43.333927154541016,-43.34171676635742,-43.34919738769531,-43.356361389160156,-43.36320114135742,-43.369712829589844,-43.37589645385742,-43.381752014160156,-43.38728332519531,-43.392494201660156,-43.39738464355469,-43.40196990966797,-43.40625,-43.41023635864258,-43.4139404296875,-43.41737365722656,-43.4205436706543,-43.423465728759766,-43.4261474609375,-43.42860794067383,-43.43085861206055,-43.43291091918945,-43.434776306152344,-43.43647003173828,-43.43800735473633,-43.439395904541016,-43.44064712524414,-43.441776275634766,-43.44279098510742,-43.443702697753906,-43.44451904296875,-43.445247650146484,-43.44589614868164,-43.446475982666016,-43.44699478149414,-43.447452545166016,-43.44785690307617,-43.448219299316406,-43.44853591918945,-43.44881820678711,-43.449066162109375,-43.449283599853516,-43.44947814941406,-43.44964599609375,-43.44979476928711,-43.449928283691406,-43.450042724609375,-43.45014190673828,-43.450233459472656,-43.45030975341797,-43.45037841796875,-43.450439453125,-43.450496673583984,-43.45054244995117,-43.45058822631836,-43.450626373291016,-43.45066452026367,-43.4506950378418,-43.45072555541992,-43.45075607299805,-43.450782775878906,-43.4508056640625,-43.45083236694336,-43.45085525512695,-43.45087814331055,-43.45090103149414,-43.45092010498047,-43.45094299316406,-43.450965881347656,-43.450984954833984,-43.45100402832031,-43.451026916503906,-43.451045989990234,-43.45106887817383,-43.451087951660156,-43.451107025146484,-43.45112609863281,-43.451148986816406,-43.451168060302734,-43.45118713378906,-43.45120620727539,-43.451229095458984,-43.45124816894531,-43.45126724243164,-43.45128631591797,-43.4513053894043,-43.451324462890625,-43.45134353637695,-43.45136260986328,-43.451377868652344,-43.45139694213867,-43.451416015625,-43.45143508911133,-43.45145034790039,-43.45146942138672,-43.45148468017578,-43.45150375366211,-43.45151901245117,-43.4515380859375,-43.45155334472656,-43.451568603515625,-43.45158386230469,-43.45159912109375,-43.45161819458008,-43.45163345336914,-43.4516487121582,-43.451663970947266,-43.45167541503906,-43.451690673828125,-43.45170593261719,-43.45172119140625,-43.45173645019531,-43.45174789428711,-43.45176315307617,-43.45177459716797,-43.45178985595703,-43.451805114746094,-43.45181655883789,-43.45182800292969,-43.45184326171875,-43.45185470581055,-43.45186996459961,-43.451881408691406,-43.4518928527832,-43.451904296875,-43.45191955566406,-43.45193099975586,-43.451942443847656,-43.45195388793945,-43.45196533203125,-43.45197677612305,-43.45199203491211,-43.452003479003906,-43.4520149230957,-43.4520263671875,-43.4520378112793,-43.452049255371094,-43.452056884765625,-43.45206832885742,-43.45207977294922,-43.452091217041016,-43.45210266113281,-43.45211410522461,-43.452125549316406,-43.45213317871094,-43.452144622802734,-43.45215606689453,-43.45216751098633,-43.45217514038086,-43.452186584472656,-43.45219802856445,-43.452205657958984,-43.45221710205078,-43.45222854614258,-43.45223617553711,-43.452247619628906,-43.4522590637207,-43.452266693115234,-43.45227813720703,-43.45228576660156,-43.45229721069336,-43.45230484008789,-43.45231628417969,-43.452327728271484,-43.452335357666016,-43.45234680175781,-43.452354431152344,-43.452362060546875,-43.45237350463867,-43.4523811340332,-43.452392578125,-43.45240020751953,-43.45241165161133,-43.45241928100586,-43.45242691040039,-43.45243835449219,-43.45244598388672,-43.452457427978516,-43.45246505737305,-43.45247268676758,-43.452484130859375,-43.452491760253906,-43.45249938964844,-43.452510833740234,-43.452518463134766,-43.4525260925293,-43.452537536621094,-43.452545166015625,-43.452552795410156,-43.45256042480469,-43.452571868896484,-43.452579498291016,-43.45258712768555,-43.45259475708008,-43.452606201171875,-43.452613830566406,-43.45262145996094,-43.45262908935547,-43.452640533447266,-43.4526481628418,-43.45265579223633,-43.45266342163086,-43.45267105102539,-43.45268249511719,-43.45269012451172,-43.45269775390625,-43.45270538330078,-43.45271301269531,-43.452720642089844,-43.452728271484375,-43.45273971557617,-43.4527473449707,-43.452754974365234,-43.452762603759766,-43.4527702331543,-43.45277786254883,-43.45278549194336,-43.45279312133789,-43.45280456542969,-43.45281219482422,-43.45281982421875,-43.45282745361328,-43.45283508300781,-43.452842712402344,-43.452850341796875,-43.452857971191406,-43.45286560058594,-43.45287322998047,-43.452880859375,-43.45288848876953,-43.45289611816406,-43.452903747558594,-43.452911376953125,-43.452919006347656,-43.45292663574219,-43.45293426513672,-43.45294189453125,-43.45294952392578,-43.45295715332031,-43.452964782714844,-43.452972412109375,-43.452980041503906,-43.45298767089844,-43.45299530029297,-43.4530029296875,-43.45301055908203,-43.45301818847656,-43.453025817871094,-43.453033447265625,-43.453041076660156,-43.45304870605469,-43.45305633544922,-43.45306396484375,-43.45307159423828,-43.45307540893555
-32.10980987548828,-32.27672576904297,-32.440574645996094,-32.59994888305664,-32.75358963012695,-32.90054702758789,-33.04035568237305,-33.17302322387695,-33.298946380615234,-33.418922424316406,-33.533966064453125,-33.6450309753418,-33.75284957885742,-33.85783386230469,-33.960113525390625,-34.05979919433594,-34.15724563598633,-34.25325393676758,-34.34888458251953,-34.445064544677734,-34.54225540161133,-34.640445709228516,-34.739349365234375,-34.83867645263672,-34.93840408325195,-35.038936614990234,-35.14105224609375,-35.24560546875,-35.353248596191406,-35.46427917480469,-35.578712463378906,-35.69636154174805,-35.81694412231445,-35.94011306762695,-36.06547546386719,-36.19261932373047,-36.32112503051758,-36.45060729980469,-36.58071517944336,-36.711185455322266,-36.841861724853516,-36.97269058227539,-37.103721618652344,-37.235023498535156,-37.36664581298828,-37.498634338378906,-37.63114547729492,-37.76441192626953,-37.89860916137695,-38.03377914428711,-38.170135498046875,-38.30823516845703,-38.448265075683594,-38.589683532714844,-38.732017517089844,-38.87501907348633,-39.017765045166016,-39.15941619873047,-39.29951858520508,-39.43666076660156,-39.569820404052734,-39.697933197021484,-39.82005310058594,-39.936275482177734,-40.046321868896484,-40.15069580078125,-40.24911880493164,-40.34212875366211,-40.429874420166016,-40.5133056640625,-40.59281539916992,-40.66899871826172,-40.742103576660156,-40.812416076660156,-40.88043212890625,-40.94627380371094,-41.01021957397461,-41.07231521606445,-41.13262176513672,-41.19140625,-41.24867630004883,-41.30427932739258,-41.358211517333984,-41.410484313964844,-41.46104431152344,-41.50974655151367,-41.55647659301758,-41.60125732421875,-41.64323425292969,-41.68596649169922,-41.72895050048828,-41.77218246459961,-41.81586456298828,-41.86017990112305,-41.90528869628906,-41.951332092285156,-41.99839782714844,-42.046485900878906,-42.09553909301758,-42.145484924316406,-42.196205139160156,-42.24753952026367,-42.299354553222656,-42.3516845703125,-42.40449905395508,-42.457366943359375,-42.509803771972656,-42.561771392822266,-42.61339569091797,-42.664737701416016,-42.71546936035156,-42.76496887207031,-42.812896728515625,-42.85923767089844,-42.90403747558594,-42.94721221923828,-42.988426208496094,-43.027305603027344,-43.06376266479492,-43.09794616699219,-43.130069732666016,-43.16032028198242,-43.188751220703125,-43.215396881103516,-43.240474700927734,-43.264347076416016,-43.28737258911133,-43.30979919433594,-43.33171844482422,-43.35314178466797,-43.37417221069336,-43.394981384277344,-43.41575622558594,-43.43657684326172,-43.45741653442383,-43.47820281982422,-43.49890899658203,-43.519554138183594,-43.540157318115234,-43.5606803894043,-43.58103561401367,-43.601131439208984,-43.620933532714844,-43.640445709228516,-43.65966796875,-43.67858123779297,-43.697139739990234,-43.71531295776367,-43.73310470581055,-43.750511169433594,-43.76753616333008,-43.784156799316406,-43.800331115722656,-43.8160285949707,-43.83122634887695,-43.845916748046875,-43.86007308959961,-43.87368392944336,-43.893531799316406,-43.91500473022461,-43.93674850463867,-43.95809555053711,-43.97880172729492,-43.99890899658203,-44.01853942871094,-44.0377197265625,-44.05642318725586,-44.074607849121094,-44.092262268066406,-44.10942459106445,-44.12616729736328,-44.142601013183594,-44.15886688232422,-44.17509460449219,-44.19139099121094,-44.20781326293945,-44.22438049316406,-44.241092681884766,-44.25794219970703,-44.274932861328125,-44.29207229614258,-44.30938720703125,-44.326900482177734,-44.344642639160156,-44.36262893676758,-44.380859375,-44.399322509765625,-44.417999267578125,-44.436859130859375,-44.45588302612305,-44.47504806518555,-44.494319915771484,-44.5136833190918,-44.53310012817383,-44.55253219604492,-44.57192611694336,-44.59123611450195,-44.61040115356445,-44.629356384277344,-44.64804458618164,-44.666404724121094,-44.68437576293945,-44.70189666748047,-44.71888732910156,-44.73525619506836,-44.750877380371094,-44.76568603515625,-44.77996063232422,-44.794315338134766,-44.80836486816406,-44.82083511352539,-44.831947326660156,-44.84297561645508,-44.8537712097168,-44.86317443847656,-44.871578216552734,-44.87993621826172,-44.88768005371094,-44.89427185058594,-44.900482177734375,-44.90652847290039,-44.91175842285156,-44.916404724121094,-44.92097854614258,-44.925140380859375,-44.9287223815918,-44.93218231201172,-44.935489654541016,-44.9383659362793,-44.9410400390625,-44.94367599487305,-44.94605255126953,-44.94818878173828,-44.950294494628906,-44.952274322509766,-44.954036712646484,-44.955726623535156,-44.95736312866211,-44.95884323120117,-44.960205078125,-44.9615364074707,-44.962772369384766,-44.96388626098633,-44.96495819091797,-44.965980529785156,-44.9669075012207,-44.967769622802734,-44.96860122680664,-44.96937942504883,-44.970088958740234,-44.970767974853516,-44.97142028808594,-44.972015380859375,-44.97257614135742,-44.97311782836914,-44.973628997802734,-44.974098205566406,-44.97454833984375,-44.974979400634766,-44.97538375854492,-44.97575759887695,-44.97611618041992,-44.97645950317383,-44.976776123046875,-44.977073669433594,-44.977359771728516,-44.97762680053711,-44.97787857055664,-44.97811508178711,-44.97834014892578,-44.97854995727539,-44.9787483215332,-44.97893524169922,-44.9791145324707,-44.97928237915039,-44.97943878173828,-44.97958755493164,-44.979732513427734,-44.9798698425293,-44.97999954223633,-44.98012161254883,-44.98023986816406,-44.98035430908203,-44.98046112060547,-44.98056411743164,-44.98066329956055,-44.98075866699219,-44.98085403442383,-44.98094177246094,-44.98102569580078,-44.981109619140625,-44.9811897277832,-44.981266021728516,-44.98134231567383,-44.981414794921875,-44.98148727416992,-44.9815559387207,-44.981624603271484,-44.981689453125,-44.98175048828125,-44.981815338134766,-44.98187255859375,-44.98193359375,-44.981990814208984,-44.98204803466797,-44.98210144042969,-44.982154846191406,-44.982208251953125,-44.98225784301758,-44.98230743408203,-44.982357025146484,-44.98240661621094,-44.982452392578125,-44.98249816894531,-44.9825439453125,-44.98258972167969,-44.982635498046875,-44.9826774597168,-44.98271942138672,-44.98276138305664,-44.9827995300293,-44.98284149169922,-44.982879638671875,-44.98291778564453,-44.98295593261719,-44.982994079589844,-44.983028411865234,-44.98306655883789,-44.98310089111328,-44.98313522338867,-44.98316955566406,-44.98320388793945,-44.98323440551758,-44.98326873779297,-44.983299255371094,-44.98332977294922,-44.983360290527344,-44.98339080810547,-44.983421325683594,-44.98345184326172,-44.98347854614258,-44.98350524902344,-44.98353576660156,-44.98356246948242,-44.98358917236328,-44.98361587524414,-44.983638763427734,-44.983665466308594,-44.98368835449219,-44.98371505737305,-44.98373794555664,-44.983760833740234,-44.98378372192383,-44.98380661010742,-44.983829498291016,-44.98385238647461,-44.9838752746582,-44.98389434814453,-44.983917236328125,-44.98393630981445,-44.98395538330078,-44.983978271484375,-44.9839973449707,-44.98401641845703,-44.98403549194336,-44.98405075073242,-44.98406982421875,-44.98408889770508,-44.98410415649414,-44.98412322998047,-44.98413848876953,-44.98415756225586,-44.98417282104492,-44.984188079833984,-44.98420333862305,-44.98421859741211,-44.98423385620117,-44.984249114990234,-44.9842643737793,-44.98427963256836,-44.984291076660156,-44.98430633544922,-44.98432159423828,-44.98433303833008,-44.98434829711914,-44.98435974121094,-44.984371185302734,-44.9843864440918,-44.984397888183594,-44.98440933227539,-44.98442077636719,-44.984432220458984,-44.98444366455078,-44.98445510864258,-44.984466552734375,-44.98447799682617,-44.98448944091797,-44.9844970703125,-44.9845085144043,-44.984519958496094,-44.984527587890625,-44.98453903198242,-44.98455047607422,-44.98455810546875,-44.98456573486328,-44.98457717895508,-44.98458480834961,-44.98459243774414,-44.98460006713867,-44.98460388183594,-44.9846076965332,-44.98460388183594
-32.68036651611328,-32.883907318115234,-33.08964157104492,-33.29500961303711,-33.505584716796875,-33.7259521484375,-33.95479965209961,-34.18916702270508,-34.426353454589844,-34.66728591918945,-34.9167594909668,-35.17393112182617,-35.43303680419922,-35.69012451171875,-35.94896697998047,-36.2130012512207,-36.478973388671875,-36.743995666503906,-37.01298904418945,-37.28982162475586,-37.56910705566406,-37.84797668457031,-38.12974166870117,-38.40889358520508,-38.67689514160156,-38.9345703125,-39.17919921875,-39.40448760986328,-39.61478042602539,-39.81061553955078,-39.98918914794922,-40.155670166015625,-40.30960464477539,-40.45076370239258,-40.584407806396484,-40.709716796875,-40.82926940917969,-40.94562911987305,-41.05653381347656,-41.16386413574219,-41.265907287597656,-41.36183166503906,-41.45301818847656,-41.53789520263672,-41.61832046508789,-41.69389724731445,-41.764183044433594,-41.835933685302734,-41.90776824951172,-41.98051071166992,-42.0538215637207,-42.1274528503418,-42.2015266418457,-42.27494812011719,-42.34769821166992,-42.41911315917969,-42.4887580871582,-42.556575775146484,-42.621883392333984,-42.684791564941406,-42.744895935058594,-42.802364349365234,-42.85739517211914,-42.910133361816406,-42.96101760864258,-43.01003646850586,-43.05754470825195,-43.103485107421875,-43.14810562133789,-43.19136428833008,-43.23334503173828,-43.27400207519531,-43.313316345214844,-43.351314544677734,-43.38800048828125,-43.4234619140625,-43.457679748535156,-43.4907112121582,-43.52252197265625,-43.553184509277344,-43.58269119262695,-43.61111831665039,-43.63846206665039,-43.66480255126953,-43.6901741027832,-43.714691162109375,-43.738460540771484,-43.76160430908203,-43.78422927856445,-43.80644226074219,-43.82834243774414,-43.85000991821289,-43.871517181396484,-43.892906188964844,-43.91615676879883,-43.940589904785156,-43.965675354003906,-43.991268157958984,-44.01743698120117,-44.04416275024414,-44.07138442993164,-44.098968505859375,-44.1268196105957,-44.15484619140625,-44.18299865722656,-44.21122741699219,-44.239463806152344,-44.26765060424805,-44.295745849609375,-44.32372283935547,-44.351558685302734,-44.37923812866211,-44.40672302246094,-44.4339599609375,-44.460899353027344,-44.48746871948242,-44.51362228393555,-44.53932571411133,-44.56454849243164,-44.58927917480469,-44.613502502441406,-44.637203216552734,-44.660369873046875,-44.682987213134766,-44.705039978027344,-44.72651672363281,-44.747406005859375,-44.76770782470703,-44.78742218017578,-44.806541442871094,-44.825069427490234,-44.8430061340332,-44.86034393310547,-44.8770866394043,-44.893226623535156,-44.90876770019531,-44.9237060546875,-44.938045501708984,-44.9517936706543,-44.9649543762207,-44.97754669189453,-44.98957824707031,-45.001068115234375,-45.01203536987305,-45.022491455078125,-45.0324592590332,-45.04195785522461,-45.05100631713867,-45.05961608886719,-45.067806243896484,-45.07559585571289,-45.08300018310547,-45.090030670166016,-45.09670639038086,-45.10303497314453,-45.10903549194336,-45.114715576171875,-45.12009048461914,-45.12517166137695,-45.12997055053711,-45.134498596191406,-45.13877487182617,-45.1428108215332,-45.14661407470703,-45.15019989013672,-45.15358352661133,-45.15677261352539,-45.1597785949707,-45.16261672973633,-45.1652946472168,-45.16781997680664,-45.170204162597656,-45.17245864868164,-45.174583435058594,-45.17659378051758,-45.178497314453125,-45.180294036865234,-45.18199157714844,-45.18360137939453,-45.18512725830078,-45.18657302856445,-45.18794250488281,-45.189239501953125,-45.19047546386719,-45.191646575927734,-45.1927604675293,-45.19382095336914,-45.19483184814453,-45.19579315185547,-45.19670867919922,-45.197574615478516,-45.198394775390625,-45.19915771484375,-45.199832916259766,-45.20035171508789,-45.20060729980469,-45.2005729675293,-45.2007942199707,-45.20217514038086,-45.203853607177734,-45.20414352416992,-45.203948974609375,-45.204933166503906,-45.2060661315918,-45.206077575683594,-45.206321716308594,-45.20734786987305,-45.20775604248047,-45.20779037475586,-45.208492279052734,-45.20907211303711,-45.209136962890625,-45.20957946777344,-45.210174560546875,-45.2103271484375,-45.21060562133789,-45.21113204956055,-45.211368560791016,-45.2115592956543,-45.21199035644531,-45.2122802734375,-45.212440490722656,-45.21277618408203,-45.21308898925781,-45.213253021240234,-45.2135009765625,-45.213802337646484,-45.213993072509766,-45.21418380737305,-45.21445083618164,-45.21466064453125,-45.21482467651367,-45.21504211425781,-45.21525955200195,-45.215423583984375,-45.215599060058594,-45.21580505371094,-45.21597671508789,-45.21612548828125,-45.21630096435547,-45.21647644042969,-45.21662521362305,-45.216773986816406,-45.21693420410156,-45.21708679199219,-45.217220306396484,-45.21736145019531,-45.21751022338867,-45.21764373779297,-45.217769622802734,-45.217899322509766,-45.21803283691406,-45.21815490722656,-45.2182731628418,-45.2183952331543,-45.21851348876953,-45.2186279296875,-45.2187385559082,-45.218849182128906,-45.21895980834961,-45.21906280517578,-45.21916580200195,-45.219268798828125,-45.21936798095703,-45.21946716308594,-45.21956253051758,-45.21965789794922,-45.21975326538086,-45.219844818115234,-45.219932556152344,-45.22002029418945,-45.22010803222656,-45.220191955566406,-45.22027587890625,-45.220359802246094,-45.22043991088867,-45.22052001953125,-45.22059631347656,-45.220672607421875,-45.22074890136719,-45.2208251953125,-45.22089767456055,-45.220970153808594,-45.221038818359375,-45.22111129760742,-45.22117614746094,-45.22124481201172,-45.2213134765625,-45.221378326416016,-45.22144317626953,-45.22150421142578,-45.22156524658203,-45.22163009643555,-45.22168731689453,-45.22174835205078,-45.221805572509766,-45.22186279296875,-45.221920013427734,-45.22197723388672,-45.22203063964844,-45.22208786010742,-45.22214126586914,-45.222190856933594,-45.22224426269531,-45.222293853759766,-45.222347259521484,-45.22239303588867,-45.222442626953125,-45.22249221801758,-45.222537994384766,-45.22258758544922,-45.222633361816406,-45.22267532348633,-45.222721099853516,-45.2227668762207,-45.222808837890625,-45.22285079956055,-45.22289276123047,-45.22293472290039,-45.22297668457031,-45.22301483154297,-45.22305679321289,-45.22309494018555,-45.2231330871582,-45.22317123413086,-45.223209381103516,-45.22324752807617,-45.22328186035156,-45.22332000732422,-45.22335433959961,-45.223388671875,-45.22342300415039,-45.22345733642578,-45.223487854003906,-45.22351837158203,-45.223548889160156,-45.223575592041016,-45.223594665527344,-45.223602294921875,-45.22359085083008,-45.223533630371094,-45.22340393066406,-45.22314453125,-45.222740173339844,-45.222320556640625,-45.22227478027344,-45.22291564941406,-45.22373580932617,-45.2238883972168,-45.223419189453125,-45.2231559753418,-45.223548889160156,-45.22401809692383,-45.223934173583984,-45.2236213684082,-45.22370147705078,-45.224063873291016,-45.22414016723633,-45.223934173583984,-45.223915100097656,-45.22414779663086,-45.22425842285156,-45.224143981933594,-45.224098205566406,-45.224246978759766,-45.2243537902832,-45.224300384521484,-45.2242546081543,-45.224342346191406,-45.22443771362305,-45.224422454833984,-45.224388122558594,-45.22443389892578,-45.22451400756836,-45.224525451660156,-45.22450256347656,-45.224525451660156,-45.22458267211914,-45.224613189697266,-45.224605560302734,-45.224609375,-45.22465133666992,-45.22468566894531,-45.224693298339844,-45.224693298339844,-45.22471618652344,-45.22475051879883,-45.224769592285156,-45.22477722167969,-45.224788665771484,-45.22481155395508,-45.22483444213867,-45.224849700927734,-45.224857330322266,-45.22487258911133,-45.224891662597656,-45.224910736083984,-45.22492599487305,-45.22493362426758,-45.22494888305664,-45.22496795654297,-45.22498321533203,-45.224998474121094,-45.225006103515625,-45.22502136230469,-45.22503662109375,-45.22505187988281,-45.22506332397461,-45.225074768066406,-45.2250862121582,-45.225101470947266,-45.22511291503906,-45.225128173828125,-45.22513961791992,-45.22515106201172,-45.225162506103516,-45.22517395019531,-45.22518539428711,-45.225196838378906,-45.2252082824707,-45.2252197265625,-45.2252311706543,-45.225242614746094,-45.22525405883789,-45.22526550292969,-45.225276947021484,-45.225284576416016,-45.22529602050781,-45.22530746459961,-45.22531509399414,-45.22532653808594,-45.22533416748047,-45.225345611572266,-45.22535705566406,-45.225364685058594,-45.225372314453125,-45.22538375854492,-45.22539138793945,-45.22540283203125,-45.22541046142578,-45.22541809082031,-45.22542953491211,-45.22543716430664,-45.22544479370117,-45.2254524230957,-45.2254638671875,-45.22547149658203,-45.22547912597656,-45.225486755371094,-45.225494384765625,-45.225502014160156,-45.22550964355469,-45.22551727294922,-45.22552490234375,-45.22553253173828,-45.22554016113281,-45.225547790527344,-45.225555419921875,-45.225563049316406,-45.22556686401367
-32.445350646972656,-32.573184967041016,-32.70998764038086,-32.85661697387695,-33.01246643066406,-33.17613220214844,-33.34537124633789,-33.51783752441406,-33.69235610961914,-33.86894226074219,-34.04831314086914,-34.23427200317383,-34.43433380126953,-34.654720306396484,-34.89622116088867,-35.154327392578125,-35.42106628417969,-35.689109802246094,-35.959754943847656,-36.244598388671875,-36.55085372924805,-36.873416900634766,-37.199073791503906,-37.5147819519043,-37.81999588012695,-38.126312255859375,-38.433860778808594,-38.726356506347656,-38.989566802978516,-39.227725982666016,-39.45185089111328,-39.657745361328125,-39.83330154418945,-39.97779846191406,-40.10333251953125,-40.214683532714844,-40.30562210083008,-40.37538146972656,-40.434478759765625,-40.49021530151367,-40.54001998901367,-40.58270263671875,-40.62806701660156,-40.68064880371094,-40.73728561401367,-40.79497528076172,-40.85487365722656,-40.91897964477539,-40.98560333251953,-41.05152130126953,-41.11631774902344,-41.18116760253906,-41.2448616027832,-41.30470275878906,-41.36021041870117,-41.412567138671875,-41.461299896240234,-41.50487518310547,-41.54357147216797,-41.578758239746094,-41.61043930053711,-41.63819122314453,-41.66305923461914,-41.686336517333984,-41.708065032958984,-41.7282600402832,-41.74790573120117,-41.76763916015625,-41.787208557128906,-41.80670928955078,-41.82667922973633,-41.85261154174805,-41.88109588623047,-41.91118621826172,-41.94255447387695,-41.97470474243164,-42.00722122192383,-42.04008102416992,-42.07331848144531,-42.10676574707031,-42.14033126831055,-42.17416763305664,-42.2083625793457,-42.24286651611328,-42.27774429321289,-42.313133239746094,-42.34907913208008,-42.38554000854492,-42.422569274902344,-42.460227966308594,-42.498470306396484,-42.537235260009766,-42.57652282714844,-42.61629867553711,-42.65646743774414,-42.69696807861328,-42.73777389526367,-42.778804779052734,-42.819984436035156,-42.861263275146484,-42.90260314941406,-42.94393539428711,-42.985206604003906,-43.0263786315918,-43.06740951538086,-43.10824203491211,-43.148834228515625,-43.189144134521484,-43.2291259765625,-43.26872634887695,-43.30790328979492,-43.34661102294922,-43.384796142578125,-43.42241668701172,-43.45943069458008,-43.495792388916016,-43.531455993652344,-43.56639099121094,-43.60055923461914,-43.6339225769043,-43.66646194458008,-43.698143005371094,-43.728939056396484,-43.75883865356445,-43.787818908691406,-43.81587219238281,-43.84299087524414,-43.869171142578125,-43.89442443847656,-43.918758392333984,-43.942195892333984,-43.96475601196289,-43.98646926879883,-44.00737380981445,-44.02751159667969,-44.04692077636719,-44.06565475463867,-44.08375930786133,-44.10128402709961,-44.1182746887207,-44.1347770690918,-44.15083312988281,-44.166481018066406,-44.1817512512207,-44.1966667175293,-44.21125030517578,-44.22551345825195,-44.239463806152344,-44.25310516357422,-44.26642990112305,-44.2794303894043,-44.29209518432617,-44.30441665649414,-44.31637191772461,-44.32794952392578,-44.339134216308594,-44.34990692138672,-44.36026382446289,-44.37018585205078,-44.37966537475586,-44.388694763183594,-44.39727020263672,-44.405391693115234,-44.413063049316406,-44.42028045654297,-44.42705535888672,-44.43339920043945,-44.43932342529297,-44.44483947753906,-44.44997024536133,-44.45473098754883,-44.459144592285156,-44.463233947753906,-44.46702194213867,-44.47052764892578,-44.473777770996094,-44.47679138183594,-44.47959518432617,-44.482208251953125,-44.48464584350586,-44.48693084716797,-44.489078521728516,-44.4911003112793,-44.49300765991211,-44.49481964111328,-44.49654006958008,-44.49817657470703,-44.49973678588867,-44.5012321472168,-44.502662658691406,-44.5040397644043,-44.5053596496582,-44.50663375854492,-44.50785827636719,-44.5090446472168,-44.51019287109375,-44.51130676269531,-44.512386322021484,-44.51344299316406,-44.51447296142578,-44.51548767089844,-44.516483306884766,-44.51746368408203,-44.51844024658203,-44.5194091796875,-44.52037811279297,-44.52134704589844,-44.52232360839844,-44.52330780029297,-44.5243034362793,-44.52531433105469,-44.52634048461914,-44.52738952636719,-44.52845764160156,-44.52954864501953,-44.53066635131836,-44.53181076049805,-44.532981872558594,-44.53418731689453,-44.535423278808594,-44.53668975830078,-44.537994384765625,-44.539337158203125,-44.540714263916016,-44.54213333129883,-44.5435905456543,-44.54508972167969,-44.546634674072266,-44.548221588134766,-44.54985809326172,-44.55154037475586,-44.55327606201172,-44.555057525634766,-44.5568962097168,-44.55878829956055,-44.56073760986328,-44.562744140625,-44.56481170654297,-44.56694030761719,-44.56913757324219,-44.57139587402344,-44.573726654052734,-44.57612609863281,-44.57859802246094,-44.58115005493164,-44.58377456665039,-44.586483001708984,-44.58927536010742,-44.59215545654297,-44.59512710571289,-44.59818649291992,-44.60134506225586,-44.6046028137207,-44.60796356201172,-44.611427307128906,-44.6150016784668,-44.618690490722656,-44.62249755859375,-44.62642288208008,-44.630470275878906,-44.6346435546875,-44.638946533203125,-44.64338684082031,-44.64795684814453,-44.65266799926758,-44.65752029418945,-44.662513732910156,-44.66765213012695,-44.672935485839844,-44.67836380004883,-44.683937072753906,-44.68965530395508,-44.695518493652344,-44.70151901245117,-44.70765686035156,-44.71392822265625,-44.7203254699707,-44.726844787597656,-44.73347854614258,-44.74021530151367,-44.747047424316406,-44.75396728515625,-44.760955810546875,-44.76800537109375,-44.77509689331055,-44.78221893310547,-44.78935623168945,-44.79648971557617,-44.80360412597656,-44.81067657470703,-44.81769561767578,-44.82463836669922,-44.83148956298828,-44.838233947753906,-44.8448486328125,-44.851318359375,-44.857635498046875,-44.86377716064453,-44.86973190307617,-44.87549591064453,-44.88105010986328,-44.886390686035156,-44.89151382446289,-44.89641571044922,-44.90108871459961,-44.90553283691406,-44.909751892089844,-44.91374588012695,-44.917518615722656,-44.921077728271484,-44.9244270324707,-44.92757034301758,-44.930519104003906,-44.93328094482422,-44.93586349487305,-44.93827819824219,-44.94053268432617,-44.94263458251953,-44.94459533691406,-44.9464225769043,-44.94812774658203,-44.949710845947266,-44.95118713378906,-44.95256423950195,-44.95384216308594,-44.95503234863281,-44.95614242553711,-44.95717239379883,-44.958133697509766,-44.95902633666992,-44.95985412597656,-44.96062469482422,-44.961341857910156,-44.962005615234375,-44.962623596191406,-44.963191986083984,-44.963722229003906,-44.96421432495117,-44.964664459228516,-44.965084075927734,-44.96546936035156,-44.96582794189453,-44.96615982055664,-44.966461181640625,-44.96674346923828,-44.967002868652344,-44.96723937988281,-44.96746063232422,-44.9676628112793,-44.96784973144531,-44.96802520751953,-44.96818542480469,-44.96833419799805,-44.96847152709961,-44.968597412109375,-44.96871566772461,-44.96882629394531,-44.968929290771484,-44.969024658203125,-44.9691162109375,-44.969200134277344,-44.96928024291992,-44.969356536865234,-44.96942901611328,-44.9694938659668,-44.96955871582031,-44.96961975097656,-44.96967697143555,-44.96973419189453,-44.96978759765625,-44.9698371887207,-44.969886779785156,-44.969932556152344,-44.96997833251953,-44.97002410888672,-44.97006607055664,-44.97010803222656,-44.970149993896484,-44.970191955566406,-44.97023010253906,-44.97026824951172,-44.970306396484375,-44.970340728759766,-44.97037887573242,-44.97041320800781,-44.97045135498047,-44.97048568725586,-44.97052001953125,-44.97055435180664,-44.97058868408203,-44.97062301635742,-44.97065734863281,-44.9706916809082,-44.970726013183594,-44.97075653076172,-44.97079086303711,-44.9708251953125,-44.97085952758789,-44.97089385986328,-44.97092819213867,-44.9709587097168,-44.97099304199219,-44.97102737426758,-44.97106170654297,-44.97109603881836,-44.97113037109375,-44.97116470336914,-44.97119903564453,-44.97123336791992,-44.97126770019531,-44.9713020324707,-44.971336364746094,-44.97137451171875,-44.97140884399414,-44.97144317626953,-44.97147750854492,-44.97151565551758,-44.97154998779297,-44.971588134765625,-44.971622467041016,-44.971656799316406,-44.97169494628906,-44.97172927856445,-44.97176742553711,-44.971805572509766,-44.971839904785156,-44.97187805175781,-44.97191619873047,-44.971954345703125,-44.971988677978516,-44.97202682495117,-44.97206497192383,-44.972103118896484,-44.97214126586914,-44.9721794128418,-44.97221755981445,-44.97225570678711,-44.972293853759766,-44.97233200073242,-44.97237014770508,-44.972408294677734,-44.972450256347656,-44.97248840332031,-44.97252655029297,-44.972564697265625,-44.97260665893555,-44.9726448059082,-44.97268295288086,-44.97272491455078,-44.97276306152344,-44.97280502319336,-44.972843170166016,-44.97288513183594,-44.972923278808594,-44.972965240478516,-44.97300720214844,-44.973045349121094,-44.973087310791016,-44.97312927246094,-44.97317123413086,-44.973209381103516,-44.97325134277344,-44.97329330444336,-44.97333526611328,-44.9733772277832,-44.973419189453125,-44.97346115112305,-44.97350311279297,-44.97354507446289,-44.97358703613281,-44.973628997802734,-44.973670959472656,-44.97371292114258,-44.9737548828125,-44.97379684448242,-44.973838806152344,-44.973880767822266,-44.97392654418945,-44.973968505859375,-44.9740104675293,-44.97405242919922,-44.974098205566406,-44.97414016723633,-44.97418212890625,-44.97422790527344,-44.97426986694336,-44.97431182861328,-44.97435760498047,-44.97439956665039,-44.97444534301758,-44.9744873046875,-44.97453308105469,-44.97457504272461,-44.9746208190918,-44.97466278076172,-44.974708557128906,-44.97475051879883,-44.974796295166016,-44.97483825683594,-44.974884033203125,-44.97492599487305,-44.974971771240234,-44.97501754760742,-44.975059509277344,-44.97510528564453,-44.97514724731445,-44.97519302368164,-44.97523880004883,-44.97528076171875,-44.97532653808594,-44.975372314453125,-44.97541427612305,-44.975460052490234,-44.97550582885742,-44.975547790527344,-44.97559356689453,-44.97563934326172,-44.975685119628906,-44.97572708129883,-44.975772857666016,-44.9758186340332,-44.975860595703125,-44.97590637207031,-44.9759521484375,-44.97599792480469,-44.97603988647461,-44.9760856628418,-44.976131439208984,-44.976173400878906,-44.976219177246094,-44.97626495361328,-44.9763069152832,-44.97635269165039,-44.97639846801758,-44.9764404296875,-44.97648620605469,-44.976531982421875,-44.9765739440918,-44.976619720458984,-44.97666549682617,-44.976707458496094,-44.97675323486328,-44.9767951965332,-44.97684097290039,-44.97688293457031,-44.9769287109375,-44.97697448730469,-44.97701644897461,-44.9770622253418,-44.97710418701172,-44.977149963378906,-44.97719192504883,-44.97723388671875,-44.97727966308594,-44.97732162475586,-44.97736740112305,-44.97740936279297,-44.97745132446289,-44.97749710083008,-44.9775390625,-44.97758102416992,-44.97762680053711,-44.97766876220703,-44.97771072387695,-44.977752685546875,-44.9777946472168,-44.977840423583984,-44.977882385253906,-44.97792434692383,-44.97796630859375,-44.97800827026367,-44.978050231933594,-44.978092193603516,-44.97813415527344,-44.97817611694336,-44.97821807861328,-44.9782600402832,-44.97829818725586,-44.97834014892578,-44.9783821105957,-44.978424072265625,-44.97846603393555,-44.9785041809082,-44.978546142578125,-44.97858810424805,-44.9786262512207,-44.978668212890625,-44.97870635986328,-44.9787483215332,-44.97878646850586,-44.97882843017578,-44.97886657714844,-44.978904724121094,-44.978946685791016,-44.97898483276367,-44.97902297973633,-44.97906494140625,-44.979103088378906,-44.97914123535156,-44.97917938232422,-44.979217529296875,-44.97925567626953,-44.97929382324219,-44.979331970214844,-44.9793701171875,-44.979408264160156,-44.97944259643555,-44.9794807434082,-44.97951889038086,-44.979557037353516,-44.979591369628906,-44.97962951660156,-44.97966766357422,-44.97970199584961,-44.979740142822266,-44.979774475097656,-44.97980880737305,-44.9798469543457,-44.979881286621094,-44.979915618896484,-44.979949951171875,-44.97998809814453,-44.98002243041992,-44.98005676269531,-44.9800910949707,-44.980125427246094,-44.980159759521484,-44.980194091796875,-44.980228424072266,-44.98025894165039,-44.98029327392578,-44.98032760620117,-44.9803581237793,-44.98039245605469,-44.98042678833008,-44.9804573059082,-44.980491638183594,-44.98052215576172,-44.980552673339844,-44.980587005615234,-44.98061752319336,-44.980648040771484,-44.98067855834961,-44.980712890625,-44.980743408203125,-44.98077392578125,-44.980804443359375,-44.9808349609375,-44.98086166381836,-44.980892181396484,-44.98092269897461,-44.980953216552734,-44.98098373413086,-44.98101043701172,-44.981040954589844,-44.9810676574707,-44.98109817504883,-44.98112487792969,-44.98115539550781,-44.98118209838867,-44.98120880126953,-44.981239318847656,-44.981266021728516,-44.981292724609375,-44.981319427490234,-44.981346130371094,-44.98137283325195,-44.98139953613281,-44.98142623901367,-44.98145294189453,-44.98147964477539,-44.981502532958984,-44.981529235839844,-44.9815559387207,-44.9815788269043,-44.981605529785156,-44.98162841796875,-44.98165512084961,-44.9816780090332,-44.98170471191406,-44.981727600097656,-44.98175048828125,-44.98177719116211,-44.9818000793457,-44.9818229675293,-44.98184585571289,-44.981868743896484,-44.98189163208008,-44.98191452026367,-44.981937408447266,-44.98196029663086,-44.98197937011719,-44.98200225830078,-44.982025146484375,-44.98204803466797,-44.9820671081543,-44.98208999633789,-44.98210906982422,-44.98213195800781,-44.98215103149414,-44.982173919677734,-44.98219299316406,-44.98221206665039,-44.982234954833984,-44.98225402832031,-44.98227310180664,-44.98229217529297,-44.9823112487793,-44.982330322265625,-44.98234939575195,-44.98236846923828,-44.98238754272461,-44.98240661621094,-44.982425689697266,-44.982444763183594,-44.982460021972656,-44.982479095458984,-44.98249816894531,-44.982513427734375,-44.9825325012207,-44.982547760009766,-44.982566833496094,-44.982582092285156,-44.982601165771484,-44.98261642456055,-44.98263168334961,-44.98265075683594,-44.982666015625,-44.98268127441406,-44.982696533203125,-44.98271179199219,-44.98272705078125,-44.98274612426758,-44.98276138305664,-44.9827766418457,-44.9827880859375,-44.98280334472656,-44.982818603515625,-44.98283386230469,-44.98284912109375,-44.98286437988281,-44.98287582397461,-44.98289108276367,-44.982906341552734,-44.98291778564453,-44.982933044433594,-44.98294448852539,-44.98295974731445,-44.98297119140625,-44.98298645019531,-44.98299789428711,-44.983009338378906,-44.98302459716797,-44.983036041259766,-44.98304748535156,-44.983062744140625,-44.98307418823242,-44.98308563232422,-44.983097076416016,-44.98310852050781,-44.98311996459961,-44.983131408691406,-44.9831428527832,-44.983154296875,-44.9831657409668,-44.983177185058594,-44.98318862915039,-44.98320007324219,-44.983211517333984,-44.983219146728516,-44.98323059082031,-44.98324203491211,-44.983253479003906,-44.98326110839844,-44.983272552490234,-44.98328399658203,-44.98329162597656,-44.98330307006836,-44.98331069946289,-44.98332214355469,-44.98332977294922,-44.983341217041016,-44.98334884643555,-44.983360290527344,-44.983367919921875,-44.983375549316406,-44.9833869934082,-44.983394622802734,-44.983402252197266,-44.9834098815918,-44.983421325683594,-44.983428955078125,-44.983436584472656,-44.98344421386719,-44.98345184326172,-44.98345947265625,-44.98346710205078,-44.98347473144531,-44.983482360839844,-44.983489990234375,-44.983497619628906,-44.98350524902344,-44.98351287841797,-44.9835205078125,-44.98352813720703,-44.98353576660156,-44.983543395996094,-44.983551025390625,-44.983558654785156,-44.98356246948242
-31.425447463989258,-31.545625686645508,-31.665937423706055,-31.786293029785156,-31.906818389892578,-32.0279541015625,-32.14987564086914,-32.27235412597656,-32.39480209350586,-32.51654815673828,-32.63703536987305,-32.75574493408203,-32.872135162353516,-32.98579788208008,-33.09660339355469,-33.204734802246094,-33.310577392578125,-33.41458511352539,-33.51713943481445,-33.618560791015625,-33.719234466552734,-33.819759368896484,-33.920692443847656,-34.02217102050781,-34.1239013671875,-34.2254638671875,-34.32666015625,-34.427650451660156,-34.52875900268555,-34.63017272949219,-34.73196792602539,-34.83424758911133,-34.937259674072266,-35.04147720336914,-35.147769927978516,-35.257633209228516,-35.37326431274414,-35.49687576293945,-35.62961196899414,-35.77090835571289,-35.91845703125,-36.06888198852539,-36.21971130371094,-36.37166213989258,-36.52769470214844,-36.68999099731445,-36.85894012451172,-37.03422164916992,-37.215187072753906,-37.40025329589844,-37.58676528930664,-37.77192687988281,-37.95343780517578,-38.12826919555664,-38.29600524902344,-38.46190643310547,-38.632591247558594,-38.811336517333984,-38.999820709228516,-39.200199127197266,-39.41266632080078,-39.63340759277344,-39.857276916503906,-40.0801887512207,-40.29938507080078,-40.51213073730469,-40.71373748779297,-40.898521423339844,-41.06270980834961,-41.20525360107422,-41.32755661010742,-41.43352508544922,-41.52694320678711,-41.609153747558594,-41.680397033691406,-41.74123764038086,-41.792476654052734,-41.83546829223633,-41.87226867675781,-41.90450668334961,-41.9324836730957,-41.96405792236328,-41.997291564941406,-42.03141784667969,-42.06618881225586,-42.101688385009766,-42.13789367675781,-42.17427444458008,-42.210384368896484,-42.246273040771484,-42.28204345703125,-42.317623138427734,-42.35298538208008,-42.3880615234375,-42.4225959777832,-42.45637512207031,-42.48930740356445,-42.521278381347656,-42.55215072631836,-42.58184814453125,-42.61037826538086,-42.63780975341797,-42.66423416137695,-42.68974685668945,-42.71443176269531,-42.73834228515625,-42.76156234741211,-42.78416442871094,-42.806175231933594,-42.82756042480469,-42.848289489746094,-42.86833572387695,-42.887725830078125,-42.906517028808594,-42.92472839355469,-42.94235610961914,-42.95940399169922,-42.97588348388672,-42.991798400878906,-43.007164001464844,-43.02196502685547,-43.03618240356445,-43.04978561401367,-43.062782287597656,-43.07517623901367,-43.08696746826172,-43.098175048828125,-43.10881423950195,-43.118896484375,-43.12844467163086,-43.13748550415039,-43.15614318847656,-43.17784881591797,-43.20107650756836,-43.22505569458008,-43.24931335449219,-43.273460388183594,-43.29716110229492,-43.32015609741211,-43.342288970947266,-43.36349868774414,-43.383750915527344,-43.403038024902344,-43.42134094238281,-43.43867111206055,-43.45507049560547,-43.470603942871094,-43.48536682128906,-43.49945068359375,-43.512939453125,-43.52592468261719,-43.538475036621094,-43.55067443847656,-43.56261444091797,-43.57435989379883,-43.585975646972656,-43.59750747680664,-43.608985900878906,-43.62042999267578,-43.631858825683594,-43.643280029296875,-43.654693603515625,-43.66608810424805,-43.67744445800781,-43.68874740600586,-43.69996643066406,-43.711082458496094,-43.722068786621094,-43.732906341552734,-43.74357223510742,-43.7540397644043,-43.76428985595703,-43.77430725097656,-43.784080505371094,-43.7935905456543,-43.80284118652344,-43.81181335449219,-43.82051467895508,-43.82893753051758,-43.83708953857422,-43.844966888427734,-43.85258102416992,-43.85993194580078,-43.86703109741211,-43.87388229370117,-43.880489349365234,-43.886863708496094,-43.893009185791016,-43.89893341064453,-43.90463638305664,-43.91012954711914,-43.9154052734375,-43.92047882080078,-43.92534255981445,-43.93000793457031,-43.93446731567383,-43.93872833251953,-43.94279479980469,-43.9466667175293,-43.95034408569336,-43.953834533691406,-43.95713806152344,-43.96025848388672,-43.96320724487305,-43.965980529785156,-43.96858596801758,-43.97103500366211,-43.97332763671875,-43.97547149658203,-43.977474212646484,-43.97934341430664,-43.981082916259766,-43.982704162597656,-43.98420715332031,-43.9856071472168,-43.986900329589844,-43.988101959228516,-43.98921585083008,-43.99024200439453,-43.99119186401367,-43.9920654296875,-43.99287414550781,-43.993614196777344,-43.99429702758789,-43.99492645263672,-43.99550247192383,-43.996028900146484,-43.99650955200195,-43.996952056884766,-43.997352600097656,-43.997718811035156,-43.998050689697266,-43.998355865478516,-43.998626708984375,-43.99887466430664,-43.99909973144531,-43.99930191040039,-43.99948501586914,-43.99965286254883,-43.99979782104492,-43.99993133544922,-44.00005340576172,-44.000160217285156,-44.0002555847168,-44.00033950805664,-44.00041961669922,-44.00048828125,-44.00054931640625,-44.00060272216797,-44.00065231323242,-44.000694274902344,-44.000736236572266,-44.000770568847656,-44.00080108642578,-44.00082778930664,-44.0008544921875,-44.000877380371094,-44.00089645385742,-44.000911712646484,-44.00093078613281,-44.00094223022461,-44.00095748901367,-44.00096893310547,-44.000980377197266,-44.0009880065918,-44.000999450683594,-44.001007080078125,-44.001014709472656,-44.00102233886719,-44.00102996826172,-44.001033782958984,-44.001041412353516,-44.00104904174805,-44.00105285644531
-31.153470993041992,-31.35071563720703,-31.55270004272461,-31.75963592529297,-31.97088623046875,-32.183143615722656,-32.39311599731445,-32.59756851196289,-32.79494094848633,-32.98770523071289,-33.18157196044922,-33.38161087036133,-33.590606689453125,-33.80931091308594,-34.036705017089844,-34.270355224609375,-34.50736999511719,-34.74608612060547,-34.9879035949707,-35.23798370361328,-35.5035514831543,-35.790409088134766,-36.09999465942383,-36.428165435791016,-36.76536178588867,-37.09811782836914,-37.412689208984375,-37.701663970947266,-37.970672607421875,-38.23649597167969,-38.51373291015625,-38.80397415161133,-39.09627914428711,-39.37409973144531,-39.62458801269531,-39.84807205200195,-40.05946350097656,-40.274356842041016,-40.49367141723633,-40.70376205444336,-40.88826370239258,-41.041500091552734,-41.17308807373047,-41.29642868041992,-41.41342544555664,-41.51431655883789,-41.59048080444336,-41.64569091796875,-41.69346618652344,-41.7427864074707,-41.790679931640625,-41.82988357543945,-41.86331558227539,-41.894596099853516,-41.92856979370117,-41.965660095214844,-42.0020866394043,-42.034584045410156,-42.06391143798828,-42.093448638916016,-42.124942779541016,-42.15677261352539,-42.186397552490234,-42.213470458984375,-42.23992919921875,-42.267276763916016,-42.29473114013672,-42.32040786743164,-42.34370040893555,-42.36576461791992,-42.387855529785156,-42.409820556640625,-42.43068313598633,-42.45016860961914,-42.4691047668457,-42.48830032348633,-42.50761032104492,-42.5263557434082,-42.54436492919922,-42.56216812133789,-42.58021545410156,-42.59833526611328,-42.616119384765625,-42.633548736572266,-42.651023864746094,-42.668792724609375,-42.68669128417969,-42.70448684692383,-42.72223663330078,-42.740169525146484,-42.75831604003906,-42.77648162841797,-42.79452896118164,-42.81254196166992,-42.83063888549805,-42.848785400390625,-42.866844177246094,-42.884788513183594,-42.90269470214844,-42.92060470581055,-42.93843078613281,-42.95608901977539,-42.97358703613281,-42.9909553527832,-43.00815200805664,-43.02510070800781,-43.0417594909668,-43.05814743041992,-43.07426071166992,-43.09003448486328,-43.10542297363281,-43.12041091918945,-43.1349983215332,-43.149147033691406,-43.16281509399414,-43.17599105834961,-43.18867492675781,-43.20086669921875,-43.21253967285156,-43.223690032958984,-43.234336853027344,-43.244483947753906,-43.25413513183594,-43.2632942199707,-43.27198028564453,-43.280216217041016,-43.28800582885742,-43.29536819458008,-43.305850982666016,-43.317222595214844,-43.328739166259766,-43.340118408203125,-43.35108184814453,-43.36146926879883,-43.371238708496094,-43.380367279052734,-43.38888931274414,-43.396873474121094,-43.40433120727539,-43.4112434387207,-43.41762924194336,-43.423492431640625,-43.4288330078125,-43.43367004394531,-43.43804168701172,-43.44197463989258,-43.445518493652344,-43.44873809814453,-43.45168685913086,-43.454402923583984,-43.45692443847656,-43.459285736083984,-43.46150588989258,-43.46360397338867,-43.46559524536133,-43.46748733520508,-43.46929168701172,-43.47100830078125,-43.47264862060547,-43.47421646118164,-43.47571563720703,-43.47714614868164,-43.478519439697266,-43.47983169555664,-43.48108673095703,-43.48229217529297,-43.48345184326172,-43.484561920166016,-43.485633850097656,-43.486663818359375,-43.4876594543457,-43.488616943359375,-43.489540100097656,-43.49043273925781,-43.49129104614258,-43.49212646484375,-43.4929313659668,-43.493709564208984,-43.49446487426758,-43.49519729614258,-43.495906829833984,-43.49659729003906,-43.49726867675781,-43.49791717529297,-43.49855041503906,-43.49916076660156,-43.499752044677734,-43.50032424926758,-43.50088119506836,-43.50142288208008,-43.501949310302734,-43.502464294433594,-43.50296401977539,-43.50345230102539,-43.503929138183594,-43.50439453125,-43.504852294921875,-43.50530242919922,-43.505741119384766,-43.50617218017578,-43.506595611572266,-43.507015228271484,-43.50743103027344,-43.50783920288086,-43.508243560791016,-43.508644104003906,-43.50904083251953,-43.509437561035156,-43.50982666015625,-43.51021957397461,-43.5106086730957,-43.51099395751953,-43.511383056640625,-43.51176834106445,-43.51215744018555,-43.51254653930664,-43.512939453125,-43.51333236694336,-43.513729095458984,-43.514129638671875,-43.51453399658203,-43.51494216918945,-43.515357971191406,-43.515777587890625,-43.51620864868164,-43.51664733886719,-43.517093658447266,-43.51755142211914,-43.51801681518555,-43.518497467041016,-43.51899337768555,-43.519500732421875,-43.520023345947266,-43.520565032958984,-43.521121978759766,-43.52170181274414,-43.522300720214844,-43.52292251586914,-43.52356719970703,-43.52423858642578,-43.52493667602539,-43.52566146850586,-43.52642059326172,-43.5272102355957,-43.52803421020508,-43.52889633178711,-43.52980041503906,-43.53074264526367,-43.53173065185547,-43.53276062011719,-43.533843994140625,-43.534976959228516,-43.536163330078125,-43.53740692138672,-43.53871154785156,-43.540077209472656,-43.54151153564453,-43.54301452636719,-43.544593811035156,-43.54624557495117,-43.54798126220703,-43.549800872802734,-43.55170822143555,-43.553707122802734,-43.55580520629883,-43.55800247192383,-43.56031036376953,-43.56272888183594,-43.56526565551758,-43.56792068481445,-43.570709228515625,-43.573631286621094,-43.576690673828125,-43.579898834228516,-43.58325958251953,-43.58678436279297,-43.590476989746094,-43.59434509277344,-43.59839630126953,-43.602638244628906,-43.607086181640625,-43.61174011230469,-43.616615295410156,-43.6217155456543,-43.62705612182617,-43.63264465332031,-43.63848876953125,-43.64459991455078,-43.6509895324707,-43.65766525268555,-43.664634704589844,-43.671913146972656,-43.679500579833984,-43.687408447265625,-43.695640563964844,-43.70420455932617,-43.713104248046875,-43.72233581542969,-43.731903076171875,-43.74180221557617,-43.75202560424805,-43.76256561279297,-43.773406982421875,-43.7845344543457,-43.79592514038086,-43.80755615234375,-43.81939697265625,-43.83141326904297,-43.84356689453125,-43.85581970214844,-43.86811828613281,-43.88041687011719,-43.892662048339844,-43.9047966003418,-43.916770935058594,-43.928524017333984,-43.94000244140625,-43.951148986816406,-43.9619140625,-43.972251892089844,-43.98212432861328,-43.991485595703125,-44.00031661987305,-44.00858688354492,-44.01628494262695,-44.023399353027344,-44.029930114746094,-44.035884857177734,-44.0412712097168,-44.04610824584961,-44.0504150390625,-44.05422592163086,-44.05756759643555,-44.06046676635742,-44.062965393066406,-44.06509780883789,-44.066898345947266,-44.06840133666992,-44.069644927978516,-44.07065963745117,-44.07147979736328,-44.07212829589844,-44.072635650634766,-44.073028564453125,-44.073326110839844,-44.07354736328125,-44.07370376586914,-44.07381820678711,-44.07389450073242,-44.07394790649414,-44.07398223876953,-44.074005126953125,-44.07402420043945,-44.074039459228516,-44.07405471801758,-44.07406997680664,-44.074092864990234,-44.07411575317383,-44.07414627075195,-44.074180603027344,-44.074214935302734,-44.074256896972656,-44.07429885864258,-44.07434844970703,-44.07439422607422,-44.07444381713867,-44.074493408203125,-44.07454299926758,-44.07459259033203,-44.074642181396484,-44.07468795776367,-44.07473373413086,-44.07477951049805,-44.07482147216797,-44.07486343383789,-44.07490158081055,-44.07493591308594,-44.074974060058594,-44.07500457763672,-44.075035095214844,-44.07506561279297,-44.07509231567383,-44.07511901855469,-44.07514572143555,-44.07516860961914,-44.075191497802734,-44.07521438598633,-44.075233459472656,-44.07525634765625,-44.07527542114258,-44.075294494628906,-44.075313568115234,-44.07533264160156,-44.07535171508789,-44.07537078857422,-44.07538986206055,-44.075408935546875,-44.0754280090332,-44.075443267822266,-44.075462341308594,-44.07548141479492,-44.07550048828125,-44.07551956176758,-44.075538635253906,-44.075557708740234,-44.07557678222656,-44.07559585571289,-44.07561492919922,-44.07563781738281,-44.07565689086914,-44.07567596435547,-44.0756950378418,-44.07571792602539,-44.07573699951172,-44.07575607299805,-44.07577896118164,-44.07579803466797,-44.07582092285156,-44.075843811035156,-44.075862884521484,-44.07588577270508,-44.07590866088867,-44.075931549072266,-44.07595443725586,-44.07597732543945,-44.07600021362305,-44.07602310180664,-44.076045989990234,-44.07606887817383,-44.07609558105469,-44.07611846923828,-44.076141357421875,-44.076168060302734,-44.076194763183594,-44.07621765136719,-44.07624435424805,-44.076271057128906,-44.076297760009766,-44.076324462890625,-44.076351165771484,-44.07638168334961,-44.07640838623047,-44.07643508911133,-44.07646560668945,-44.07649230957031,-44.07652282714844,-44.07655334472656,-44.07658386230469,-44.07661437988281,-44.07664489746094,-44.07667541503906,-44.07670593261719,-44.07673645019531,-44.0767707824707,-44.07680130004883,-44.07683563232422,-44.07686996459961,-44.076904296875,-44.076934814453125,-44.07697296142578,-44.07700729370117,-44.07704162597656,-44.07707595825195,-44.07711410522461,-44.077152252197266,-44.077186584472656,-44.07722473144531,-44.07726287841797,-44.077301025390625,-44.07733917236328,-44.0773811340332,-44.07741928100586,-44.07746124267578,-44.07749938964844,-44.07754135131836,-44.07758331298828,-44.0776252746582,-44.07767105102539,-44.07771301269531,-44.0777587890625,-44.07780075073242,-44.07784652709961,-44.0778923034668,-44.077938079833984,-44.07798385620117,-44.07802963256836,-44.07807922363281,-44.078128814697266,-44.07817459106445,-44.078224182128906,-44.07827377319336,-44.07832717895508,-44.07837677001953,-44.07843017578125,-44.0784797668457,-44.07853317260742,-44.07858657836914,-44.07863998413086,-44.078697204589844,-44.07875061035156,-44.07880783081055,-44.078861236572266,-44.07891845703125,-44.0789794921875,-44.079036712646484,-44.07909393310547,-44.07915496826172,-44.07921600341797,-44.07927703857422,-44.07933807373047,-44.07939910888672,-44.079463958740234,-44.079524993896484,-44.07958984375,-44.079654693603516,-44.07971954345703,-44.07978820800781,-44.07985305786133,-44.07992172241211,-44.07999038696289,-44.08005905151367,-44.08012771606445,-44.080196380615234,-44.08026885986328,-44.08033752441406,-44.08041000366211,-44.080482482910156,-44.08055877685547,-44.080631256103516,-44.08070755004883,-44.080780029296875,-44.08085632324219,-44.080936431884766,-44.08101272583008,-44.08108901977539,-44.08116912841797,-44.08124923706055,-44.081329345703125,-44.0814094543457,-44.08148956298828,-44.08156967163086,-44.0816535949707,-44.08173751831055,-44.08182144165039,-44.081905364990234,-44.08198928833008,-44.08207321166992,-44.08216094970703,-44.082244873046875,-44.082332611083984,-44.082420349121094,-44.0825080871582,-44.08259582519531,-44.08268737792969,-44.0827751159668,-44.08286666870117,-44.08295440673828,-44.083045959472656,-44.08313751220703,-44.083229064941406,-44.08332061767578,-44.08341598510742,-44.0835075378418,-44.08359909057617,-44.08369445800781,-44.08378982543945,-44.08388137817383,-44.08397674560547,-44.08407211303711,-44.08416748046875,-44.08426284790039,-44.08435821533203,-44.08445739746094,-44.08455276489258,-44.08464813232422,-44.08474349975586,-44.084842681884766,-44.084938049316406,-44.08503723144531,-44.08513259887695,-44.08523178100586,-44.0853271484375,-44.085426330566406,-44.08552169799805,-44.08562088012695,-44.08572006225586,-44.0858154296875,-44.085914611816406,-44.08601379394531,-44.08610916137695,-44.08620834350586,-44.0863037109375,-44.086402893066406,-44.08649826049805,-44.08659744262695,-44.086692810058594,-44.0867919921875,-44.08688735961914,-44.08698654174805,-44.08708190917969,-44.08717727661133,-44.08727264404297,-44.087371826171875,-44.087467193603516,-44.087562561035156,-44.0876579284668,-44.08775329589844,-44.08784484863281,-44.08794021606445,-44.088035583496094,-44.088130950927734,-44.08822250366211,-44.08831787109375,-44.088409423828125,-44.088504791259766,-44.08859634399414,-44.088687896728516,-44.08877944946289,-44.088871002197266,-44.08896255493164,-44.089054107666016,-44.08914566040039,-44.089237213134766,-44.08932876586914,-44.08941650390625,-44.089508056640625,-44.089595794677734,-44.089683532714844,-44.08977508544922,-44.08986282348633,-44.08995056152344,-44.09003829956055,-44.090126037597656,-44.0902099609375,-44.09029769897461,-44.09038543701172,-44.09046936035156,-44.09055709838867,-44.090641021728516,-44.090728759765625,-44.09081268310547,-44.09089660644531,-44.090980529785156,-44.091064453125,-44.091148376464844,-44.09123229980469,-44.091312408447266,-44.09139633178711,-44.09148025512695,-44.09156036376953,-44.091644287109375,-44.09172439575195,-44.09180450439453,-44.09188461303711,-44.09196472167969,-44.092044830322266,-44.092124938964844,-44.09220504760742,-44.09228515625,-44.09236145019531,-44.09244155883789,-44.09252166748047,-44.09259796142578,-44.092674255371094,-44.09275436401367,-44.092830657958984,-44.0929069519043,-44.09298324584961,-44.09305953979492,-44.093135833740234,-44.09321212768555,-44.093284606933594,-44.093360900878906,-44.09343338012695,-44.093509674072266,-44.09358215332031,-44.093658447265625,-44.09373092651367,-44.09380340576172,-44.093875885009766,-44.09394836425781,-44.09402084350586,-44.094093322753906,-44.09416580200195,-44.094234466552734,-44.09430694580078,-44.09437561035156,-44.09444808959961,-44.09451675415039,-44.09458541870117,-44.09465789794922,-44.0947265625,-44.09479522705078,-44.09486389160156,-44.094932556152344,-44.09499740600586,-44.09506607055664,-44.09513473510742,-44.09519958496094,-44.09526824951172,-44.095333099365234,-44.095401763916016,-44.09546661376953,-44.09553146362305,-44.09559631347656,-44.09566116333008,-44.095726013183594,-44.09579086303711,-44.095855712890625,-44.095916748046875,-44.09598159790039,-44.096046447753906,-44.096107482910156,-44.09617233276367,-44.09623336791992,-44.09629440307617,-44.09635543823242,-44.09642028808594,-44.09648132324219,-44.09654235839844,-44.09660339355469,-44.09666061401367,-44.09672164916992,-44.09678268432617,-44.09684371948242,-44.096900939941406,-44.096961975097656,-44.09701919555664,-44.097076416015625,-44.097137451171875,-44.09719467163086,-44.097251892089844,-44.09730911254883,-44.09736633300781,-44.0974235534668,-44.09748077392578,-44.097537994384766,-44.097591400146484,-44.09764862060547,-44.09770584106445,-44.09775924682617,-44.097816467285156,-44.097869873046875,-44.097923278808594,-44.09798049926758,-44.0980339050293,-44.098087310791016,-44.098140716552734,-44.09819412231445,-44.09824752807617,-44.09830093383789,-44.09835433959961,-44.09840393066406,-44.09845733642578,-44.0985107421875,-44.09856033325195,-44.09861373901367,-44.098663330078125,-44.098716735839844,-44.0987663269043,-44.09881591796875,-44.09886932373047,-44.09891891479492,-44.098968505859375,-44.09901809692383,-44.09906768798828,-44.099117279052734,-44.09916687011719,-44.099212646484375,-44.09926223754883,-44.09931182861328,-44.09935760498047,-44.09940719604492,-44.09945297241211,-44.09950256347656,-44.09954833984375,-44.0995979309082,-44.09964370727539,-44.09968948364258,-44.099735260009766,-44.09978485107422,-44.099830627441406,-44.099876403808594,-44.09992218017578,-44.09996795654297,-44.10000991821289,-44.10005569458008,-44.100101470947266,-44.10014724731445,-44.100189208984375,-44.10023498535156,-44.10028076171875,-44.10032272338867,-44.100364685058594,-44.10041046142578,-44.1004524230957,-44.10049819946289,-44.10054016113281,-44.100582122802734,-44.100624084472656,-44.10066604614258,-44.1007080078125,-44.10074996948242,-44.100791931152344,-44.100833892822266,-44.10087585449219,-44.10091781616211,-44.10095977783203,-44.10100173950195,-44.10103988647461,-44.10108184814453,-44.10112380981445,-44.10116195678711,-44.10120391845703,-44.10124206542969,-44.10128402709961,-44.101322174072266,-44.10136032104492,-44.101402282714844,-44.1014404296875,-44.101478576660156,-44.10151672363281,-44.101558685302734,-44.10159683227539,-44.10163497924805,-44.1016731262207,-44.10171127319336,-44.101749420166016,-44.10178756713867,-44.10182189941406,-44.10186004638672,-44.101898193359375,-44.10193634033203,-44.10197448730469,-44.10200881958008,-44.102046966552734,-44.10208511352539,-44.10211944580078,-44.10215759277344,-44.10219192504883,-44.102230072021484,-44.102264404296875,-44.102298736572266,-44.10233688354492,-44.10237121582031,-44.1024055480957,-44.10244369506836,-44.10247802734375,-44.10251235961914,-44.10254669189453,-44.10258102416992,-44.10261535644531,-44.1026496887207,-44.102684020996094,-44.102718353271484,-44.102752685546875,-44.102787017822266,-44.102821350097656,-44.10285568237305,-44.10289001464844,-44.10292053222656,-44.10295486450195,-44.102989196777344,-44.103023529052734,-44.10305404663086,-44.10308837890625,-44.10312271118164,-44.103153228759766,-44.103187561035156,-44.10321807861328,-44.10325241088867,-44.1032829284668,-44.10331726074219,-44.10334777832031,-44.10337829589844,-44.10341262817383,-44.10344314575195,-44.10347366333008,-44.10350799560547,-44.103538513183594,-44.10356903076172,-44.103599548339844,-44.10363006591797,-44.103660583496094,-44.103694915771484,-44.10372543334961,-44.103755950927734,-44.10378646850586,-44.103816986083984,-44.10384750366211,-44.103878021240234,-44.10390853881836,-44.10393524169922,-44.103965759277344,-44.10399627685547,-44.104026794433594,-44.10405731201172,-44.104087829589844,-44.1041145324707,-44.10414505004883,-44.10417556762695,-44.10420227050781,-44.10423278808594,-44.10426330566406,-44.10429000854492,-44.10432052612305,-44.10435104370117,-44.10437774658203,-44.104408264160156,-44.104434967041016,-44.10446548461914,-44.1044921875,-44.104522705078125,-44.104549407958984,-44.104576110839844,-44.10460662841797,-44.10463333129883,-44.10466384887695,-44.10469055175781,-44.10471725463867,-44.1047477722168,-44.104774475097656,-44.104801177978516,-44.104827880859375,-44.1048583984375,-44.10488510131836,-44.10491180419922,-44.10493850708008,-44.10496520996094,-44.1049919128418,-44.105018615722656,-44.10504913330078,-44.10507583618164,-44.1051025390625,-44.10512924194336,-44.10515594482422,-44.10518264770508,-44.10520935058594,-44.1052360534668,-44.105262756347656,-44.105289459228516,-44.105316162109375,-44.10533905029297,-44.10536575317383,-44.10539245605469,-44.10541915893555,-44.105445861816406,-44.105472564697266,-44.105499267578125,-44.10552215576172,-44.10554885864258,-44.10557556152344,-44.1056022644043,-44.10562515258789,-44.10565185546875,-44.10567855834961,-44.10570526123047,-44.10572814941406,-44.10575485229492,-44.10578155517578,-44.105804443359375,-44.105831146240234,-44.10585403442383,-44.10588073730469,-44.10590744018555,-44.10593032836914,-44.10595703125,-44.105979919433594,-44.10600662231445,-44.10602951049805,-44.106056213378906,-44.1060791015625,-44.10610580444336,-44.10612869262695,-44.10615539550781,-44.106178283691406,-44.106204986572266,-44.10622787475586,-44.10625457763672,-44.10627746582031,-44.106300354003906,-44.106327056884766,-44.10634994506836,-44.10637283325195,-44.10639953613281,-44.106422424316406,-44.1064453125,-44.10647201538086,-44.10649490356445,-44.10651779174805,-44.106544494628906,-44.1065673828125,-44.106590270996094,-44.10661315917969,-44.10663986206055,-44.10666275024414,-44.106685638427734,-44.10670852661133,-44.10673141479492,-44.10675811767578,-44.106781005859375,-44.10680389404297,-44.10682678222656,-44.106849670410156,-44.10687255859375,-44.10689926147461,-44.1069221496582,-44.1069450378418,-44.10696792602539,-44.106990814208984,-44.10701370239258,-44.10703659057617,-44.107059478759766,-44.10708236694336,-44.10710525512695,-44.10712814331055,-44.10715103149414,-44.107173919677734,-44.10719680786133,-44.10722351074219,-44.10724639892578,-44.10726547241211,-44.1072883605957,-44.1073112487793,-44.10733413696289,-44.107357025146484,-44.10737991333008,-44.10740280151367,-44.107425689697266,-44.10744857788086,-44.10747146606445,-44.10749435424805,-44.10751724243164,-44.107540130615234,-44.10756301879883,-44.10758590698242,-44.10760498046875,-44.107627868652344,-44.10765075683594,-44.10767364501953,-44.107696533203125,-44.10771942138672,-44.10774230957031,-44.10776138305664,-44.107784271240234,-44.10780715942383,-44.10783004760742,-44.107852935791016,-44.107872009277344,-44.10789489746094,-44.10791778564453,-44.107940673828125,-44.10795974731445,-44.10798263549805,-44.10800552368164,-44.108028411865234,-44.10804748535156,-44.108070373535156,-44.10809326171875,-44.108116149902344,-44.10813522338867,-44.108158111572266,-44.10818099975586,-44.10820007324219,-44.10822296142578,-44.108245849609375,-44.10826873779297,-44.1082878112793,-44.10831069946289,-44.108333587646484,-44.10835266113281,-44.108375549316406,-44.108394622802734,-44.10841751098633,-44.10844039916992,-44.10845947265625,-44.108482360839844,-44.10850524902344,-44.108524322509766,-44.10854721069336,-44.10856628417969,-44.10858917236328,-44.108612060546875,-44.1086311340332,-44.1086540222168,-44.108673095703125,-44.10869598388672,-44.10871505737305,-44.10873794555664,-44.10875701904297,-44.10877990722656,-44.108802795410156,-44.108821868896484,-44.10884475708008,-44.108863830566406,-44.10888671875,-44.10890579223633,-44.10892868041992,-44.10894775390625,-44.108970642089844,-44.10898971557617,-44.109012603759766,-44.109031677246094,-44.10905075073242,-44.109073638916016,-44.109092712402344,-44.10911560058594,-44.109134674072266,-44.10915756225586,-44.10917663574219,-44.10919952392578,-44.10921859741211,-44.10923767089844,-44.10926055908203,-44.10927963256836,-44.10930252075195,-44.10932159423828,-44.10934066772461,-44.1093635559082,-44.10938262939453,-44.10940170288086,-44.10942459106445,-44.10944366455078,-44.109466552734375,-44.1094856262207,-44.10950469970703,-44.109527587890625,-44.10954666137695,-44.10956573486328,-44.109588623046875,-44.1096076965332,-44.10962677001953,-44.109649658203125,-44.10966873168945,-44.10968780517578,-44.10970687866211,-44.1097297668457,-44.10974884033203,-44.10976791381836,-44.10979080200195,-44.10980987548828,-44.10982894897461,-44.10984802246094,-44.10987091064453,-44.10988998413086,-44.10990905761719,-44.109928131103516,-44.109947204589844,-44.10997009277344,-44.109989166259766,-44.110008239746094,-44.11002731323242,-44.11004638671875,-44.110069274902344,-44.11008834838867,-44.110107421875,-44.11012649536133,-44.110145568847656,-44.110164642333984,-44.11018753051758,-44.110206604003906,-44.110225677490234,-44.11024475097656,-44.11026382446289,-44.11028289794922,-44.11030197143555,-44.11032485961914,-44.11034393310547,-44.1103630065918,-44.110382080078125,-44.11040115356445,-44.11042022705078,-44.11043930053711,-44.11045837402344,-44.110477447509766,-44.110496520996094,-44.11051559448242,-44.11053466796875,-44.11055374145508,-44.110572814941406,-44.110591888427734,-44.11061096191406,-44.11063003540039,-44.11064910888672,-44.11066818237305,-44.110687255859375,-44.1107063293457,-44.11072540283203,-44.11074447631836,-44.11076354980469,-44.110782623291016,-44.110801696777344,-44.11082077026367,-44.11083984375,-44.11085891723633,-44.110877990722656,-44.110897064208984,-44.11091613769531,-44.11093521118164,-44.11095428466797,-44.11096954345703,-44.11098861694336,-44.11100769042969,-44.111026763916016,-44.111045837402344,-44.11106491088867,-44.111083984375,-44.11110305786133,-44.11111831665039,-44.11113739013672,-44.11115646362305,-44.111175537109375,-44.1111946105957,-44.111209869384766,-44.111228942871094,-44.11124801635742,-44.11126708984375,-44.11128616333008,-44.11130142211914,-44.11132049560547,-44.1113395690918,-44.111358642578125,-44.11137390136719,-44.111392974853516,-44.111412048339844,-44.111427307128906,-44.111446380615234,-44.11146545410156,-44.111480712890625,-44.11149978637695,-44.11151885986328,-44.111534118652344,-44.11155319213867,-44.111572265625,-44.11158752441406,-44.11160659790039,-44.11162567138672,-44.11164093017578,-44.11166000366211,-44.11167526245117,-44.1116943359375,-44.11171340942383,-44.11172866821289,-44.11174774169922,-44.11176300048828,-44.11178207397461,-44.11179733276367,-44.11181640625,-44.11183166503906,-44.11185073852539,-44.11186599731445,-44.11188507080078,-44.111900329589844,-44.11191940307617,-44.111934661865234,-44.11195373535156,-44.111968994140625,-44.11198806762695,-44.112003326416016,-44.112022399902344,-44.112037658691406,-44.11205291748047,-44.1120719909668,-44.11208724975586,-44.11210632324219,-44.11212158203125,-44.11213684082031,-44.11215591430664,-44.1121711730957,-44.112186431884766,-44.112205505371094,-44.112220764160156,-44.11223602294922,-44.11225509643555,-44.11227035522461,-44.11228561401367,-44.1123046875,-44.11231994628906,-44.112335205078125,-44.11235046386719,-44.112369537353516,-44.11238479614258,-44.11240005493164,-44.1124153137207,-44.112430572509766,-44.112449645996094,-44.112464904785156,-44.11248016357422,-44.11249542236328,-44.112510681152344,-44.112525939941406,-44.112545013427734,-44.1125602722168,-44.11257553100586,-44.11259078979492,-44.112606048583984,-44.11262130737305,-44.11263656616211,-44.11265182495117,-44.112667083740234,-44.1126823425293,-44.11269760131836,-44.11271286010742,-44.112728118896484,-44.11274337768555,-44.11275863647461,-44.11277389526367,-44.112789154052734,-44.1128044128418,-44.11281967163086,-44.11283493041992,-44.112850189208984,-44.11286544799805,-44.11288070678711,-44.11289596557617,-44.112911224365234,-44.1129264831543,-44.11294174194336,-44.112953186035156,-44.11296844482422,-44.11298370361328,-44.112998962402344,-44.113014221191406,-44.11302947998047,-44.113040924072266,-44.11305618286133,-44.11307144165039,-44.11308670043945,-44.113101959228516,-44.11311340332031,-44.113128662109375,-44.11314392089844,-44.1131591796875,-44.1131706237793,-44.11318588256836,-44.11320114135742,-44.11321258544922,-44.11322784423828,-44.113243103027344,-44.11325454711914,-44.1132698059082,-44.113285064697266,-44.11329650878906,-44.113311767578125,-44.11332321166992,-44.113338470458984,-44.11335372924805,-44.113365173339844,-44.113380432128906,-44.1133918762207,-44.113407135009766,-44.11341857910156,-44.113433837890625,-44.11344528198242,-44.113460540771484,-44.11347198486328,-44.113487243652344,-44.11349868774414,-44.1135139465332,-44.113525390625,-44.1135368347168,-44.11355209350586,-44.113563537597656,-44.11357879638672,-44.113590240478516,-44.11360168457031,-44.113616943359375,-44.11362838745117,-44.11363983154297,-44.11365509033203,-44.11366653442383,-44.113677978515625,-44.11369323730469,-44.113704681396484,-44.11371612548828,-44.11372756958008,-44.11374282836914,-44.11375427246094,-44.113765716552734,-44.11377716064453,-44.113792419433594,-44.11380386352539,-44.11381530761719,-44.113826751708984,-44.11383819580078,-44.113853454589844,-44.11386489868164,-44.11387634277344,-44.113887786865234,-44.11389923095703,-44.11391067504883,-44.113922119140625,-44.11393356323242,-44.11394500732422,-44.113956451416016,-44.11396789550781,-44.113983154296875,-44.11399459838867,-44.11400604248047,-44.114017486572266,-44.11402893066406,-44.11404037475586,-44.11404800415039,-44.11405944824219,-44.114070892333984,-44.11408233642578,-44.11409378051758,-44.114105224609375,-44.11411666870117,-44.11412811279297,-44.114139556884766,-44.11415100097656,-44.11416244506836,-44.11417007446289,-44.11418151855469,-44.114192962646484,-44.11420440673828,-44.11421585083008,-44.114227294921875,-44.114234924316406,-44.1142463684082,-44.1142578125,-44.1142692565918,-44.11427688598633,-44.114288330078125,-44.11429977416992,-44.11431121826172,-44.11431884765625,-44.11433029174805,-44.114341735839844,-44.114349365234375,-44.11436080932617,-44.11437225341797,-44.1143798828125,-44.1143913269043,-44.114402770996094,-44.114410400390625,-44.11442184448242,-44.11442947387695,-44.11444091796875,-44.11445236206055,-44.11445999145508,-44.114471435546875,-44.114479064941406,-44.1144905090332,-44.114498138427734,-44.11450958251953,-44.11451721191406,-44.11452865600586,-44.11453628540039,-44.11454772949219,-44.11455535888672,-44.114566802978516,-44.11457443237305,-44.11458206176758,-44.114593505859375,-44.114601135253906,-44.1146125793457,-44.114620208740234,-44.114627838134766,-44.11463928222656,-44.114646911621094,-44.114654541015625,-44.11466598510742,-44.11467361450195,-44.114681243896484,-44.11469268798828,-44.11470031738281,-44.114707946777344,-44.11471939086914,-44.11472702026367,-44.1147346496582,-44.114742279052734,-44.11475372314453,-44.11476135253906,-44.114768981933594,-44.114776611328125,-44.11478805541992,-44.11479568481445,-44.114803314208984,-44.114810943603516,-44.11481857299805,-44.11482620239258,-44.114837646484375,-44.114845275878906,-44.11485290527344,-44.11486053466797,-44.1148681640625,-44.11487579345703,-44.11488342285156,-44.114891052246094,-44.114898681640625,-44.114906311035156,-44.11491394042969,-44.11492156982422,-44.11492919921875,-44.11494064331055,-44.11494827270508,-44.11495590209961,-44.11496353149414,-44.11497116088867,-44.11497497558594,-44.11498260498047,-44.114990234375,-44.11499786376953,-44.11500549316406
-33.383033752441406,-33.48180389404297,-33.57603454589844,-33.666378021240234,-33.75459671020508,-33.84284973144531,-33.933563232421875,-34.02864456176758,-34.12940216064453,-34.23627471923828,-34.348594665527344,-34.464839935302734,-34.583740234375,-34.70659255981445,-34.83637237548828,-34.973609924316406,-35.1161994934082,-35.260902404785156,-35.4057731628418,-35.55329132080078,-35.706722259521484,-35.86458969116211,-36.02309036254883,-36.181434631347656,-36.344329833984375,-36.51417541503906,-36.688175201416016,-36.865360260009766,-37.05080795288086,-37.2457389831543,-37.44491958618164,-37.64716720581055,-37.85503005981445,-38.063106536865234,-38.2671012878418,-38.47026443481445,-38.669307708740234,-38.86158752441406,-39.051536560058594,-39.235252380371094,-39.411136627197266,-39.58059310913086,-39.738311767578125,-39.886653900146484,-40.02541732788086,-40.15494155883789,-40.27995300292969,-40.39912796020508,-40.515769958496094,-40.62802505493164,-40.73593521118164,-40.839012145996094,-40.936038970947266,-41.02834701538086,-41.11444091796875,-41.195770263671875,-41.27046585083008,-41.339622497558594,-41.40177917480469,-41.458370208740234,-41.50876235961914,-41.554412841796875,-41.5947380065918,-41.6308479309082,-41.667606353759766,-41.70499801635742,-41.74163055419922,-41.77751159667969,-41.81215286254883,-41.8457145690918,-41.877925872802734,-41.908931732177734,-41.938621520996094,-41.967166900634766,-41.99452590942383,-42.02086639404297,-42.046180725097656,-42.070648193359375,-42.09428787231445,-42.11727523803711,-42.139583587646484,-42.16136169433594,-42.18257141113281,-42.2033805847168,-42.22380828857422,-42.2440185546875,-42.264015197753906,-42.28392028808594,-42.30373001098633,-42.32353591918945,-42.34337615966797,-42.363304138183594,-42.38334655761719,-42.403480529785156,-42.423728942871094,-42.44404983520508,-42.46448516845703,-42.48501968383789,-42.50566864013672,-42.52641296386719,-42.54722213745117,-42.56808853149414,-42.588985443115234,-42.60989761352539,-42.630794525146484,-42.651641845703125,-42.672401428222656,-42.69302749633789,-42.71349334716797,-42.73375701904297,-42.7537727355957,-42.77350997924805,-42.79292678833008,-42.81199264526367,-42.8306884765625,-42.84898376464844,-42.86687469482422,-42.884342193603516,-42.90138626098633,-42.918006896972656,-42.93421173095703,-42.95000076293945,-42.96539306640625,-42.98039245605469,-42.995018005371094,-43.009281158447266,-43.023189544677734,-43.0367546081543,-43.049991607666016,-43.06290817260742,-43.07551956176758,-43.08783721923828,-43.09987258911133,-43.11164474487305,-43.123165130615234,-43.13444900512695,-43.14551544189453,-43.1563835144043,-43.167076110839844,-43.1776123046875,-43.188011169433594,-43.198299407958984,-43.208499908447266,-43.21863555908203,-43.228721618652344,-43.23878479003906,-43.248836517333984,-43.2588996887207,-43.26898193359375,-43.27909469604492,-43.28924560546875,-43.299442291259766,-43.30968475341797,-43.319976806640625,-43.3303108215332,-43.34068298339844,-43.35109329223633,-43.36152648925781,-43.37197494506836,-43.38243103027344,-43.39287567138672,-43.40330123901367,-43.413692474365234,-43.42403030395508,-43.43429946899414,-43.44448471069336,-43.45456314086914,-43.46451950073242,-43.474334716796875,-43.48398971557617,-43.49346160888672,-43.50273513793945,-43.51179504394531,-43.5206184387207,-43.52919006347656,-43.537498474121094,-43.5455322265625,-43.55327606201172,-43.560726165771484,-43.56787109375,-43.57470703125,-43.58683776855469,-43.601226806640625,-43.61697769165039,-43.63409423828125,-43.65242004394531,-43.67181396484375,-43.692325592041016,-43.71405792236328,-43.73699951171875,-43.76115036010742,-43.78658676147461,-43.81337356567383,-43.84150695800781,-43.8709602355957,-43.901737213134766,-43.933837890625,-43.96721649169922,-44.00178909301758,-44.037498474121094,-44.07428741455078,-44.112060546875,-44.15070724487305,-44.190120697021484,-44.23017883300781,-44.27076721191406,-44.31172561645508,-44.3528938293457,-44.39411544799805,-44.435218811035156,-44.47602844238281,-44.51636505126953,-44.55606460571289,-44.594970703125,-44.6329345703125,-44.669830322265625,-44.705543518066406,-44.73997497558594,-44.77305221557617,-44.804710388183594,-44.834896087646484,-44.863563537597656,-44.890682220458984,-44.91619873046875,-44.94001770019531,-44.96186065673828,-44.98106384277344,-44.99796676635742,-45.01715850830078,-45.03664779663086,-45.0491828918457,-45.06269073486328,-45.07704162597656,-45.085933685302734,-45.09701919555664,-45.10621643066406,-45.11300277709961,-45.12162780761719,-45.12689208984375,-45.13308334350586,-45.1384162902832,-45.142311096191406,-45.14728927612305,-45.15024185180664,-45.15400314331055,-45.15696716308594,-45.15941619873047,-45.16236114501953,-45.164154052734375,-45.166587829589844,-45.16836166381836,-45.17007827758789,-45.17196273803711,-45.17323684692383,-45.17494201660156,-45.17619705200195,-45.17750549316406,-45.178871154785156,-45.17990493774414,-45.18119812011719,-45.182212829589844,-45.183258056640625,-45.18434524536133,-45.185211181640625,-45.18622970581055,-45.18709182739258,-45.18792724609375,-45.18880844116211,-45.18953323364258,-45.19032287597656,-45.191043853759766,-45.19169616699219,-45.1923942565918,-45.192989349365234,-45.19358444213867,-45.19416809082031,-45.19467544555664,-45.19520568847656,-45.19569396972656,-45.196144104003906,-45.19660949707031,-45.197025299072266,-45.19742965698242,-45.197837829589844,-45.19820785522461,-45.19857406616211,-45.19893264770508,-45.19926834106445,-45.19960403442383,-45.199928283691406,-45.200233459472656,-45.20054244995117,-45.20083999633789,-45.20112228393555,-45.20140838623047,-45.20167922973633,-45.201942443847656,-45.202205657958984,-45.202457427978516,-45.202701568603516,-45.202945709228516,-45.203182220458984,-45.20341110229492,-45.203636169433594,-45.203853607177734,-45.20406723022461,-45.20427703857422,-45.2044792175293,-45.204681396484375,-45.20487594604492,-45.2050666809082,-45.20525360107422,-45.20543670654297,-45.20561599731445,-45.20579147338867,-45.205963134765625,-45.20613098144531,-45.206298828125,-45.206459045410156,-45.20661926269531,-45.2067756652832,-45.20692825317383,-45.20708084106445,-45.20722961425781,-45.207374572753906,-45.20751953125,-45.20766067504883,-45.207801818847656,-45.20793914794922,-45.208072662353516,-45.20820617675781,-45.208335876464844,-45.208465576171875,-45.208595275878906,-45.208717346191406,-45.20884323120117,-45.20896530151367,-45.20908737182617,-45.209205627441406,-45.20932388305664,-45.20943832397461,-45.20955276489258,-45.20966720581055,-45.209781646728516,-45.20989227294922,-45.209999084472656,-45.21010971069336,-45.2102165222168,-45.210323333740234,-45.210426330566406,-45.210533142089844,-45.210636138916016,-45.21073913574219,-45.210838317871094,-45.210941314697266,-45.21104049682617,-45.21113967895508,-45.21123504638672,-45.211334228515625,-45.211429595947266,-45.211524963378906,-45.21162033081055,-45.21171569824219,-45.21180725097656,-45.21189880371094,-45.21199417114258,-45.21208572387695,-45.21217346191406,-45.21226501464844,-45.21235656738281,-45.21244430541992,-45.21253204345703,-45.21261978149414,-45.21270751953125,-45.21279525756836,-45.21288299560547,-45.21296691894531,-45.21305465698242,-45.213138580322266,-45.21322250366211,-45.21330642700195,-45.2133903503418,-45.21347427368164,-45.21355438232422,-45.21363830566406,-45.21371841430664,-45.213802337646484,-45.21388244628906,-45.21396255493164,-45.21404266357422,-45.2141227722168,-45.214202880859375,-45.21427917480469,-45.214359283447266,-45.21443557739258,-45.214515686035156,-45.21459197998047,-45.21466827392578,-45.214744567871094,-45.214820861816406,-45.21489715576172,-45.21497344970703,-45.21504592895508,-45.21512222290039,-45.21519470214844,-45.21527099609375,-45.2153434753418,-45.215415954589844,-45.21548843383789,-45.21556091308594,-45.215633392333984,-45.21570587158203,-45.21577835083008,-45.21584701538086,-45.215919494628906,-45.21598815917969,-45.216060638427734,-45.216129302978516,-45.2161979675293,-45.21626663208008,-45.21633529663086,-45.21640396118164,-45.21647262573242,-45.2165412902832,-45.21660614013672,-45.2166748046875,-45.216739654541016,-45.2168083190918,-45.21687316894531,-45.21693801879883,-45.217002868652344,-45.21706771850586,-45.217132568359375,-45.21719741821289,-45.21725845336914,-45.217323303222656,-45.21738815307617,-45.21744918823242,-45.21751403808594,-45.21757507324219,-45.21763610839844,-45.21769714355469,-45.21775817871094,-45.21781921386719,-45.21788024902344,-45.21794128417969,-45.21799850463867,-45.21805953979492,-45.21812057495117,-45.218177795410156,-45.21823501586914,-45.21829605102539,-45.218353271484375,-45.21841049194336,-45.218467712402344,-45.21852493286133,-45.21857833862305,-45.21863555908203,-45.21868896484375,-45.2187385559082,-45.218788146972656,-45.21882629394531,-45.21884536743164,-45.21883773803711,-45.2187614440918,-45.21857452392578,-45.21820068359375,-45.21763610839844,-45.21712112426758,-45.217254638671875,-45.21828842163086,-45.21929168701172,-45.2192497253418,-45.21858596801758,-45.218482971191406,-45.219181060791016,-45.21964645385742,-45.2193489074707,-45.21905517578125,-45.21940231323242,-45.21983337402344,-45.219730377197266,-45.219505310058594,-45.219703674316406,-45.22002410888672,-45.219993591308594,-45.219852447509766,-45.21998596191406,-45.22021484375,-45.220218658447266,-45.22013473510742,-45.220237731933594,-45.22040557861328,-45.220420837402344,-45.22038269042969,-45.220462799072266,-45.22058868408203,-45.22061538696289,-45.220603942871094,-45.220664978027344,-45.22076416015625,-45.220802307128906,-45.22080612182617,-45.220855712890625,-45.2209358215332,-45.220977783203125,-45.22099304199219,-45.22103500366211,-45.221099853515625,-45.22114944458008,-45.22117233276367,-45.22120666503906,-45.22126388549805,-45.221309661865234,-45.22134017944336,-45.22137451171875,-45.22142028808594,-45.22146224975586,-45.221492767333984,-45.221519470214844,-45.22154998779297,-45.22159957885742,-45.22165298461914,-45.2216911315918,-45.221717834472656,-45.22175598144531,-45.2218017578125,-45.221839904785156,-45.22187042236328,-45.22190475463867,-45.22195053100586,-45.22198486328125,-45.222015380859375,-45.222049713134766,-45.22208786010742,-45.22212219238281,-45.2221565246582,-45.222190856933594,-45.222225189208984,-45.22225570678711,-45.222293853759766,-45.22232437133789,-45.222354888916016,-45.222389221191406,-45.2224235534668,-45.22245407104492,-45.22248458862305,-45.22251892089844,-45.22254943847656,-45.22257995605469,-45.22261047363281,-45.22264099121094,-45.22267150878906,-45.22270202636719,-45.22273254394531,-45.22276306152344,-45.22279357910156,-45.22282028198242,-45.22285079956055,-45.222877502441406,-45.22290802001953,-45.222938537597656,-45.222965240478516,-45.222991943359375,-45.2230224609375,-45.22304916381836,-45.22307586669922,-45.22310256958008,-45.22312927246094,-45.2231559753418,-45.223182678222656,-45.223209381103516,-45.223236083984375,-45.223262786865234,-45.223289489746094,-45.22331237792969,-45.22333908081055,-45.22336196899414,-45.223388671875,-45.22341537475586,-45.22343826293945,-45.22346115112305,-45.223487854003906,-45.2235107421875,-45.223533630371094,-45.22355651855469,-45.22358322143555,-45.22360610961914,-45.223628997802734,-45.22365188598633,-45.22367477416992,-45.223697662353516,-45.22372055053711,-45.22373962402344,-45.22376251220703,-45.223785400390625,-45.22380828857422,-45.22382736206055,-45.22385025024414,-45.22386932373047,-45.22389221191406,-45.22391128540039,-45.223934173583984,-45.22395324707031,-45.22397232055664,-45.223995208740234,-45.22401428222656,-45.22403335571289,-45.22405242919922,-45.22407150268555,-45.224090576171875,-45.2241096496582,-45.22412872314453,-45.22414779663086,-45.22416687011719,-45.224185943603516,-45.224205017089844,-45.22422409057617,-45.224239349365234,-45.22425842285156,-45.22427749633789,-45.22429275512695,-45.22431182861328,-45.22433090209961,-45.22434616088867,-45.224365234375,-45.22438049316406,-45.224395751953125,-45.22441482543945,-45.224430084228516,-45.22444534301758,-45.224464416503906,-45.22447967529297,-45.22449493408203,-45.224510192871094,-45.224525451660156,-45.22454071044922,-45.22455596923828,-45.224571228027344,-45.224586486816406,-45.22460174560547,-45.22461700439453,-45.224632263183594,-45.224647521972656,-45.22466278076172,-45.224674224853516,-45.22468948364258,-45.22470474243164,-45.22471618652344,-45.2247314453125,-45.2247428894043,-45.22475814819336,-45.224769592285156,-45.22478103637695,-45.224788665771484,-45.224796295166016,-45.224796295166016,-45.224788665771484,-45.22476577758789
-31.429183959960938,-31.563329696655273,-31.705524444580078,-31.855897903442383,-32.01435089111328,-32.180816650390625,-32.35538101196289,-32.53816223144531,-32.729087829589844,-32.9278678894043,-33.13398742675781,-33.34672546386719,-33.565216064453125,-33.78850555419922,-34.0156135559082,-34.245574951171875,-34.47740936279297,-34.71012878417969,-34.942840576171875,-35.17488098144531,-35.40587615966797,-35.635650634765625,-35.864013671875,-36.0905647277832,-36.314605712890625,-36.535186767578125,-36.75116729736328,-36.96131134033203,-37.164405822753906,-37.35935592651367,-37.54533004760742,-37.72181701660156,-37.88866424560547,-38.0460090637207,-38.19415283203125,-38.33344650268555,-38.46424865722656,-38.58689498901367,-38.70172119140625,-38.809104919433594,-38.90948486328125,-39.0034065246582,-39.09151077270508,-39.17448043823242,-39.252952575683594,-39.327430725097656,-39.39827346801758,-39.465728759765625,-39.53000259399414,-39.59627151489258,-39.66566467285156,-39.736595153808594,-39.80831527709961,-39.880252838134766,-39.951927185058594,-40.022926330566406,-40.092872619628906,-40.161434173583984,-40.22834777832031,-40.2934455871582,-40.35662078857422,-40.41777038574219,-40.476806640625,-40.53365707397461,-40.5882568359375,-40.64057159423828,-40.69061279296875,-40.73843765258789,-40.78413009643555,-40.82777404785156,-40.869441986083984,-40.90921401977539,-40.947166442871094,-40.9833984375,-41.01802062988281,-41.0511589050293,-41.08293533325195,-41.11345291137695,-41.14278030395508,-41.170989990234375,-41.1981315612793,-41.22425842285156,-41.249420166015625,-41.27365493774414,-41.29698944091797,-41.3194465637207,-41.341033935546875,-41.36176300048828,-41.38166427612305,-41.40074920654297,-41.4190559387207,-41.44301223754883,-41.46894836425781,-41.495853424072266,-41.523189544677734,-41.550601959228516,-41.57784652709961,-41.60476303100586,-41.631229400634766,-41.65717315673828,-41.68254470825195,-41.70732116699219,-41.73148727416992,-41.75504684448242,-41.77799987792969,-41.80036163330078,-41.822147369384766,-41.84337615966797,-41.86406326293945,-41.884239196777344,-41.9039192199707,-41.923133850097656,-41.94191360473633,-41.96027755737305,-41.97825622558594,-41.995872497558594,-42.013145446777344,-42.03009796142578,-42.0467414855957,-42.063087463378906,-42.07914352416992,-42.09490966796875,-42.110382080078125,-42.12556076049805,-42.140438079833984,-42.154998779296875,-42.16923522949219,-42.183135986328125,-42.19668197631836,-42.20986557006836,-42.22267150878906,-42.23509216308594,-42.24711227416992,-42.258731842041016,-42.269935607910156,-42.28072738647461,-42.29110336303711,-42.301063537597656,-42.31061553955078,-42.31976318359375,-42.328514099121094,-42.336875915527344,-42.34486389160156,-42.35249328613281,-42.35977554321289,-42.366722106933594,-42.373355865478516,-42.37969207763672,-42.3857421875,-42.39152526855469,-42.397056579589844,-42.40235137939453,-42.40742874145508,-42.41230010986328,-42.4169807434082,-42.42148208618164,-42.42581558227539,-42.429996490478516,-42.43403625488281,-42.43793869018555,-42.44171905517578,-42.44538497924805,-42.44894790649414,-42.452415466308594,-42.45579147338867,-42.4590950012207,-42.46232223510742,-42.465492248535156,-42.46860885620117,-42.4716796875,-42.4747200012207,-42.47773361206055,-42.480735778808594,-42.48373031616211,-42.48673629760742,-42.48976135253906,-42.492820739746094,-42.49592590332031,-42.499088287353516,-42.502323150634766,-42.50564956665039,-42.50907897949219,-42.51262664794922,-42.51631164550781,-42.5201530456543,-42.524166107177734,-42.52836990356445,-42.532779693603516,-42.53742218017578,-42.54230880737305,-42.547462463378906,-42.55289840698242,-42.55863952636719,-42.564701080322266,-42.57109832763672,-42.577850341796875,-42.5849609375,-42.59244918823242,-42.600318908691406,-42.60857009887695,-42.61720657348633,-42.626216888427734,-42.63559341430664,-42.645320892333984,-42.65536880493164,-42.66571044921875,-42.67631149291992,-42.6871223449707,-42.698097229003906,-42.70917892456055,-42.720314025878906,-42.731441497802734,-42.74250411987305,-42.75343704223633,-42.76418685913086,-42.77471160888672,-42.78496551513672,-42.79491424560547,-42.804527282714844,-42.813785552978516,-42.82267379760742,-42.831172943115234,-42.83927536010742,-42.846961975097656,-42.85422897338867,-42.86105728149414,-42.86743927001953,-42.87337112426758,-42.87884521484375,-42.88386917114258,-42.88844680786133,-42.89259719848633,-42.89633560180664,-42.89969253540039,-42.9026985168457,-42.9053840637207,-42.90778732299805,-42.90993881225586,-42.9118766784668,-42.91362380981445,-42.91520690917969,-42.916648864746094,-42.91796112060547,-42.91916275024414,-42.92026138305664,-42.921268463134766,-42.92218780517578,-42.923030853271484,-42.92380142211914,-42.92451095581055,-42.9251594543457,-42.92575454711914,-42.92630386352539,-42.92680740356445,-42.927276611328125,-42.927711486816406,-42.9281120300293,-42.92848205566406,-42.92882537841797,-42.929134368896484,-42.929420471191406,-42.9296760559082,-42.929908752441406,-42.93011474609375,-42.9302978515625,-42.93046188354492,-42.93060302734375,-42.930728912353516,-42.93083953857422,-42.93093490600586,-42.9310188293457,-42.931095123291016,-42.93115997314453,-42.931217193603516,-42.93126678466797,-42.931312561035156,-42.93135070800781,-42.9313850402832,-42.931419372558594,-42.93144607543945,-42.93147659301758,-42.93149948120117,-42.93152618408203,-42.931549072265625,-42.93157196044922,-42.93159484863281,-42.931617736816406,-42.931640625,-42.931663513183594,-42.93168640136719,-42.93170928955078,-42.931732177734375,-42.93175506591797,-42.93178176879883,-42.93180465698242,-42.931827545166016,-42.93185043334961,-42.9318733215332,-42.9318962097168,-42.931922912597656,-42.93194580078125,-42.931968688964844,-42.93199157714844,-42.93201446533203,-42.932037353515625,-42.93205642700195,-42.93207931518555,-42.93210220336914,-42.932125091552734,-42.93214797973633,-42.932167053222656,-42.93218994140625,-42.932212829589844,-42.93223190307617,-42.932254791259766,-42.932273864746094,-42.93229675292969,-42.932315826416016,-42.93233871459961,-42.93235778808594,-42.932376861572266,-42.93239974975586,-42.93241882324219,-42.932437896728516,-42.93246078491211,-42.93247985839844,-42.932498931884766,-42.93252182006836,-42.93254089355469,-42.932559967041016,-42.932579040527344,-42.93259811401367,-42.9326171875,-42.932640075683594,-42.93265914916992,-42.93267822265625,-42.93269729614258,-42.932716369628906,-42.932735443115234,-42.93275451660156,-42.93277359008789,-42.93279266357422,-42.93281173706055,-42.932830810546875,-42.9328498840332,-42.93286895751953,-42.93288803100586,-42.93290328979492,-42.93292236328125,-42.93294143676758,-42.932960510253906,-42.932979583740234,-42.93299865722656,-42.933013916015625,-42.93303298950195,-42.93305206298828,-42.93307113647461,-42.93308639526367,-42.93310546875,-42.93312454223633,-42.93313980102539,-42.93315887451172,-42.93317794799805,-42.93319320678711,-42.93321228027344,-42.9332275390625,-42.93324661254883,-42.933265686035156,-42.93328094482422,-42.93330001831055,-42.93331527709961,-42.93333435058594,-42.933349609375,-42.93336868286133,-42.93338394165039,-42.93340301513672,-42.93341827392578,-42.933433532714844,-42.93345260620117,-42.933467864990234,-42.93348693847656,-42.933502197265625,-42.93351745605469,-42.933536529541016,-42.93355178833008,-42.93356704711914,-42.93358612060547,-42.93360137939453,-42.933616638183594,-42.933631896972656,-42.933650970458984,-42.93366622924805,-42.93368148803711,-42.93369674682617,-42.9337158203125,-42.93373107910156,-42.933746337890625,-42.93376159667969,-42.93377685546875,-42.93379211425781,-42.933807373046875,-42.9338264465332,-42.933841705322266,-42.93385696411133,-42.93387222290039,-42.93388748168945,-42.933902740478516,-42.93391799926758,-42.93393325805664,-42.9339485168457,-42.933963775634766,-42.93397903442383,-42.93399429321289,-42.93400955200195,-42.934024810791016,-42.93404006958008,-42.93405532836914,-42.9340705871582,-42.934085845947266,-42.93410110473633,-42.93411636352539,-42.93413162231445,-42.934146881103516,-42.93416213989258,-42.93417739868164,-42.9341926574707,-42.934207916259766,-42.93422317504883,-42.934234619140625,-42.93424987792969,-42.93426513671875,-42.93428039550781,-42.934295654296875,-42.93431091308594,-42.934326171875,-42.93434143066406,-42.934356689453125,-42.93436813354492,-42.934383392333984,-42.93439865112305,-42.93441390991211,-42.93442916870117,-42.934444427490234,-42.9344596862793,-42.934471130371094,-42.934486389160156,-42.93450164794922,-42.93451690673828,-42.934532165527344,-42.934547424316406,-42.93456268310547,-42.934574127197266,-42.93458938598633,-42.93460464477539,-42.93461990356445,-42.934635162353516,-42.93465042114258,-42.93466567993164,-42.93467712402344,-42.9346923828125,-42.93470764160156,-42.934722900390625,-42.93473815917969,-42.93475341796875,-42.93476867675781,-42.934783935546875,-42.93479919433594,-42.934814453125,-42.93482971191406,-42.93484115600586,-42.93485641479492,-42.934871673583984,-42.93488693237305,-42.93490219116211,-42.93491744995117,-42.934932708740234,-42.9349479675293,-42.93496322631836,-42.93497848510742,-42.934993743896484,-42.93500900268555,-42.93502426147461,-42.93503952026367,-42.93505859375,-42.93507385253906,-42.935089111328125,-42.93510437011719,-42.93511962890625,-42.93513488769531,-42.935150146484375,-42.93516540527344,-42.935184478759766,-42.93519973754883,-42.93521499633789,-42.93523025512695,-42.935245513916016,-42.935264587402344,-42.935279846191406,-42.93529510498047,-42.9353141784668,-42.93532943725586,-42.93534469604492,-42.93536376953125,-42.93537902832031,-42.935394287109375,-42.9354133605957,-42.935428619384766,-42.935447692871094,-42.935462951660156,-42.935482025146484,-42.93549728393555,-42.935516357421875,-42.93553161621094,-42.935550689697266,-42.935569763183594,-42.935585021972656,-42.935604095458984,-42.93562316894531,-42.935638427734375,-42.9356575012207,-42.93567657470703,-42.935691833496094,-42.93571090698242,-42.93572998046875,-42.93574905395508,-42.935768127441406,-42.935787200927734,-42.93580627441406,-42.93582534790039,-42.93584442138672,-42.93586349487305,-42.935882568359375,-42.9359016418457,-42.93592071533203,-42.93593978881836,-42.93595886230469,-42.935977935791016,-42.93600082397461,-42.93601989746094,-42.936038970947266,-42.93606185913086,-42.93608093261719,-42.936100006103516,-42.93612289428711,-42.93614196777344,-42.93616485595703,-42.93618392944336,-42.93620681762695,-42.93622970581055,-42.936248779296875,-42.93627166748047,-42.93629455566406,-42.93631362915039,-42.936336517333984,-42.93635940551758,-42.93638229370117,-42.936405181884766,-42.93642807006836,-42.93645095825195,-42.93647384643555,-42.93649673461914,-42.936519622802734,-42.93654251098633,-42.93656539916992,-42.93659210205078,-42.936614990234375,-42.93663787841797,-42.93666458129883,-42.93668746948242,-42.936710357666016,-42.936737060546875,-42.93675994873047,-42.93678665161133,-42.93681335449219,-42.93683624267578,-42.93686294555664,-42.9368896484375,-42.93691635131836,-42.93694305419922,-42.93696975708008,-42.93699645996094,-42.9370231628418,-42.937049865722656,-42.937076568603516,-42.937103271484375,-42.937129974365234,-42.937156677246094,-42.93718719482422,-42.93721389770508,-42.9372444152832,-42.93727111816406,-42.93730163574219,-42.93732833862305,-42.93735885620117,-42.9373893737793,-42.93741989135742,-42.93744659423828,-42.937477111816406,-42.93750762939453,-42.937538146972656,-42.93756866455078,-42.937599182128906,-42.9376335144043,-42.93766403198242,-42.93769454956055,-42.93772888183594,-42.93775939941406,-42.93779373168945,-42.93782424926758,-42.93785858154297,-42.937889099121094,-42.937923431396484,-42.937957763671875,-42.937992095947266,-42.938026428222656,-42.93806076049805,-42.93809509277344,-42.93812942504883,-42.93816375732422,-42.938201904296875,-42.938236236572266,-42.93827438354492,-42.93830871582031,-42.93834686279297,-42.93838119506836,-42.938419342041016,-42.93845748901367,-42.93849563598633,-42.938533782958984,-42.93857192993164,-42.9386100769043,-42.93864822387695,-42.93868637084961,-42.938724517822266,-42.93876647949219,-42.938804626464844,-42.938846588134766,-42.93888473510742,-42.938926696777344,-42.938968658447266,-42.93901062011719,-42.93905258178711,-42.93909454345703,-42.93913650512695,-42.939178466796875,-42.9392204284668,-42.939266204833984,-42.939308166503906,-42.939353942871094,-42.939395904541016,-42.9394416809082,-42.93948745727539,-42.93953323364258,-42.939579010009766,-42.93962478637695,-42.93967056274414,-42.93971633911133,-42.939762115478516,-42.93981170654297,-42.939857482910156,-42.93990707397461,-42.93995666503906,-42.94000244140625,-42.9400520324707,-42.940101623535156,-42.94015121459961,-42.94020080566406,-42.94025421142578,-42.940303802490234,-42.94035339355469,-42.940406799316406,-42.940460205078125,-42.94050979614258,-42.9405632019043,-42.940616607666016,-42.940670013427734,-42.94072341918945,-42.94077682495117,-42.940834045410156,-42.940887451171875,-42.94094467163086,-42.94099807739258,-42.94105529785156,-42.94111251831055,-42.94116973876953,-42.941226959228516,-42.9412841796875,-42.941341400146484,-42.941402435302734,-42.94145965576172,-42.94152069091797,-42.94157791137695,-42.9416389465332,-42.94169998168945,-42.9417610168457,-42.94182205200195,-42.9418830871582,-42.94194793701172,-42.94200897216797,-42.942073822021484,-42.942134857177734,-42.94219970703125,-42.942264556884766,-42.94232940673828,-42.9423942565918,-42.94245910644531,-42.94252395629883,-42.94259262084961,-42.942657470703125,-42.942726135253906,-42.94279479980469,-42.94286346435547,-42.94293212890625,-42.94300079345703,-42.94306945800781,-42.943138122558594,-42.94321060180664,-42.94327926635742,-42.94335174560547,-42.943424224853516,-42.94349670410156,-42.94356918334961,-42.943641662597656,-42.9437141418457,-42.943790435791016,-42.94386291503906,-42.943939208984375,-42.94401550292969,-42.944087982177734,-42.94416427612305,-42.944244384765625,-42.94432067871094,-42.94439697265625,-42.94447708129883,-42.94455337524414,-42.94463348388672,-42.9447135925293,-42.944793701171875,-42.94487380981445,-42.94495391845703,-42.94503402709961,-42.94511413574219,-42.94519805908203,-42.945281982421875,-42.94536209106445,-42.9454460144043,-42.94552993774414,-42.945613861083984,-42.945701599121094,-42.94578552246094,-42.94586944580078,-42.94595718383789,-42.946044921875,-42.946128845214844,-42.94621658325195,-42.94630432128906,-42.94639587402344,-42.94648361206055,-42.946571350097656,-42.94666290283203,-42.94675064086914,-42.946842193603516,-42.94693374633789,-42.947025299072266,-42.94711685180664,-42.947208404541016,-42.94729995727539,-42.94739532470703,-42.947486877441406,-42.94758224487305,-42.94767761230469,-42.94777297973633,-42.94786834716797,-42.94796371459961,-42.94805908203125,-42.94815444946289,-42.94824981689453,-42.94834899902344,-42.948448181152344,-42.948543548583984,-42.94864273071289,-42.9487419128418,-42.9488410949707,-42.94894027709961,-42.949039459228516,-42.94914245605469,-42.949241638183594,-42.9493408203125,-42.94944381713867,-42.949546813964844,-42.949649810791016,-42.94974899291992,-42.949851989746094,-42.949954986572266,-42.9500617980957,-42.950164794921875,-42.95026779174805,-42.950374603271484,-42.950477600097656,-42.950584411621094,-42.950687408447266,-42.9507942199707,-42.95090103149414,-42.95100784301758,-42.951114654541016,-42.95122146606445,-42.95132827758789,-42.95143508911133,-42.95154571533203,-42.95165252685547,-42.951759338378906,-42.95186996459961,-42.95197677612305,-42.95208740234375,-42.95219802856445,-42.95230484008789,-42.952415466308594,-42.9525260925293,-42.95263671875,-42.9527473449707,-42.952857971191406,-42.95296859741211,-42.95307922363281,-42.95319366455078,-42.953304290771484,-42.95341491699219,-42.953529357910156,-42.95363998413086,-42.95375061035156,-42.95386505126953,-42.953975677490234,-42.9540901184082,-42.95420455932617,-42.954315185546875,-42.954429626464844,-42.95454406738281,-42.954654693603516,-42.954769134521484,-42.95488357543945,-42.95499801635742,-42.955108642578125,-42.955223083496094,-42.95533752441406,-42.95545196533203,-42.95556640625,-42.95568084716797,-42.95579528808594,-42.955909729003906,-42.956024169921875,-42.95613479614258,-42.95624923706055,-42.956363677978516,-42.956478118896484,-42.95659255981445,-42.95670700073242,-42.95682144165039,-42.95693588256836,-42.95705032348633,-42.9571647644043,-42.957279205322266,-42.95738983154297,-42.95750427246094,-42.957618713378906,-42.957733154296875,-42.957847595214844,-42.95795822143555,-42.958072662353516,-42.958187103271484,-42.95829772949219,-42.958412170410156,-42.958526611328125,-42.95863723754883,-42.9587516784668,-42.9588623046875,-42.9589729309082,-42.95908737182617,-42.959197998046875,-42.95930862426758,-42.95942306518555,-42.95953369140625,-42.95964431762695,-42.959754943847656,-42.95986557006836,-42.95997619628906,-42.960086822509766,-42.96019744873047,-42.960304260253906,-42.96041488647461,-42.96052551269531,-42.96063232421875,-42.96073913574219,-42.96084976196289,-42.96095657348633,-42.961063385009766,-42.96117401123047,-42.961280822753906,-42.961387634277344,-42.961490631103516,-42.96159744262695,-42.96170425415039,-42.96181106567383,-42.9619140625,-42.96202087402344,-42.96212387084961,-42.96222686767578,-42.96232986450195,-42.962432861328125,-42.9625358581543,-42.96263885498047,-42.96274185180664,-42.96284484863281,-42.96294403076172,-42.96304702758789,-42.9631462097168,-42.9632453918457,-42.96334457397461,-42.963443756103516,-42.96354293823242,-42.96364212036133,-42.963741302490234,-42.963836669921875,-42.963932037353516,-42.96403121948242,-42.96412658691406,-42.9642219543457,-42.964317321777344,-42.964412689208984,-42.96450424194336,-42.964599609375,-42.964691162109375,-42.964786529541016,-42.96487808227539,-42.964969635009766,-42.96506118774414,-42.965152740478516,-42.965240478515625,-42.96533203125,-42.96541976928711,-42.96550750732422,-42.96559524536133,-42.96568298339844,-42.96577072143555,-42.965858459472656,-42.965946197509766,-42.96603012084961,-42.96611404418945,-42.9661979675293,-42.96628189086914,-42.966365814208984,-42.96644973754883,-42.96653366088867,-42.96661376953125,-42.96669387817383,-42.96677780151367,-42.96685791015625,-42.96693801879883,-42.96701431274414,-42.96709442138672,-42.96717071533203,-42.96725082397461,-42.96732711791992,-42.967403411865234,-42.96747970581055,-42.96755599975586,-42.967628479003906,-42.96770477294922,-42.967777252197266,-42.96784973144531,-42.96792221069336,-42.967994689941406,-42.96806716918945,-42.968135833740234,-42.96820831298828,-42.96827697753906,-42.968345642089844,-42.968414306640625,-42.968482971191406,-42.96855163574219,-42.96862030029297,-42.968685150146484,-42.96875,-42.96881866455078,-42.9688835144043,-42.96894454956055,-42.96900939941406,-42.96907424926758,-42.96913528442383,-42.969200134277344,-42.969261169433594,-42.969322204589844,-42.969383239746094,-42.96944046020508,-42.96950149536133,-42.96956253051758,-42.96961975097656,-42.96967697143555,-42.96973419189453,-42.969791412353516,-42.9698486328125,-42.969905853271484,-42.9699592590332,-42.97001647949219,-42.970069885253906,-42.970123291015625,-42.970176696777344,-42.97023010253906,-42.97028350830078,-42.970333099365234,-42.97038650512695,-42.970436096191406,-42.97048568725586,-42.97053527832031,-42.970584869384766,-42.97063446044922,-42.97068405151367,-42.970733642578125,-42.97077941894531,-42.9708251953125,-42.97087478637695,-42.97092056274414,-42.97096633911133,-42.971012115478516,-42.97105407714844,-42.971099853515625,-42.97114181518555,-42.971187591552734,-42.971229553222656,-42.97127151489258,-42.9713134765625,-42.97135543823242,-42.971397399902344,-42.971439361572266,-42.97147750854492,-42.971519470214844,-42.9715576171875,-42.971595764160156,-42.97163772583008,-42.971675872802734,-42.97171401977539,-42.97174835205078,-42.97178649902344,-42.971824645996094,-42.971858978271484,-42.97189712524414,-42.97193145751953,-42.97196578979492,-42.97200012207031,-42.9720344543457,-42.972068786621094,-42.972103118896484,-42.97213363647461,-42.97216796875,-42.97220230102539,-42.972232818603516,-42.97226333618164,-42.972293853759766,-42.972328186035156,-42.97235870361328,-42.972389221191406,-42.972415924072266,-42.97244644165039,-42.972476959228516,-42.972503662109375,-42.9725341796875,-42.97256088256836,-42.972591400146484,-42.972618103027344,-42.9726448059082,-42.97267150878906,-42.97269821166992,-42.97272491455078,-42.97275161743164,-42.972774505615234,-42.972801208496094,-42.97282791137695,-42.97285079956055,-42.972877502441406,-42.972900390625,-42.972923278808594,-42.97294616699219,-42.97296905517578,-42.97299575805664,-42.97301483154297,-42.97303771972656,-42.973060607910156,-42.97308349609375,-42.973106384277344,-42.97312545776367,-42.973148345947266,-42.973167419433594,-42.97319030761719,-42.973209381103516,-42.973228454589844,-42.97324752807617,-42.973270416259766,-42.973289489746094,-42.97330856323242,-42.97332763671875,-42.97334671020508,-42.97336196899414,-42.97338104248047,-42.9734001159668,-42.97341537475586,-42.97343444824219,-42.973453521728516,-42.97346878051758,-42.97348403930664,-42.97350311279297,-42.97351837158203,-42.973533630371094,-42.97355270385742,-42.973567962646484,-42.97358322143555,-42.97359848022461,-42.97361373901367,-42.973628997802734,-42.9736442565918,-42.973655700683594,-42.973670959472656,-42.97368621826172,-42.97370147705078,-42.97371292114258,-42.97372817993164,-42.97373962402344,-42.9737548828125,-42.9737663269043,-42.97378158569336,-42.973793029785156,-42.97380447387695,-42.973819732666016,-42.97383117675781,-42.97384262084961,-42.973854064941406,-42.9738655090332,-42.973876953125,-42.9738883972168,-42.973899841308594,-42.97391128540039,-42.97392272949219,-42.973934173583984,-42.97394561767578,-42.97395706176758,-42.97396469116211,-42.973976135253906,-42.9739875793457,-42.973995208740234,-42.97400665283203,-42.97401428222656,-42.97402572631836,-42.97403335571289,-42.97404479980469,-42.97405242919922,-42.974063873291016,-42.97407150268555,-42.97407913208008,-42.974090576171875,-42.974098205566406,-42.97410583496094,-42.97411346435547,-42.974124908447266,-42.9741325378418,-42.97414016723633,-42.97414779663086,-42.97415542602539,-42.97416305541992,-42.97417068481445,-42.974178314208984,-42.974185943603516,-42.97419357299805,-42.97420120239258,-42.97420883178711,-42.974212646484375
-31.149478912353516,-31.26454734802246,-31.381193161010742,-31.49859619140625,-31.615806579589844,-31.731496810913086,-31.844154357910156,-31.95255470275879,-32.056427001953125,-32.15680694580078,-32.25543975830078,-32.35347366333008,-32.45085525512695,-32.54677200317383,-32.640132904052734,-32.7301139831543,-32.81688690185547,-32.90203857421875,-32.987571716308594,-33.07447052001953,-33.162723541259766,-33.25239562988281,-33.3450813293457,-33.44374084472656,-33.55035400390625,-33.66507339477539,-33.78706741333008,-33.91628646850586,-34.05489730834961,-34.20402526855469,-34.36094284057617,-34.523719787597656,-34.69427490234375,-34.87174606323242,-35.05253219604492,-35.23899459838867,-35.43349838256836,-35.63424301147461,-35.846012115478516,-36.07020568847656,-36.30593490600586,-36.556060791015625,-36.81486129760742,-37.08208465576172,-37.35185241699219,-37.62297058105469,-37.891746520996094,-38.15788269042969,-38.418312072753906,-38.6741828918457,-38.922210693359375,-39.16419982910156,-39.39764404296875,-39.62247848510742,-39.83818817138672,-40.04153060913086,-40.23188781738281,-40.40763473510742,-40.567134857177734,-40.71140670776367,-40.84140396118164,-40.957332611083984,-41.060577392578125,-41.15359878540039,-41.238765716552734,-41.318328857421875,-41.394813537597656,-41.47025680541992,-41.54522705078125,-41.61891174316406,-41.690223693847656,-41.7588996887207,-41.82560729980469,-41.89128494262695,-41.956298828125,-42.015052795410156,-42.073883056640625,-42.13218688964844,-42.18975830078125,-42.24624252319336,-42.301414489746094,-42.35512924194336,-42.40717315673828,-42.45745849609375,-42.50614547729492,-42.553409576416016,-42.5992431640625,-42.643653869628906,-42.68679428100586,-42.7288818359375,-42.769954681396484,-42.80990982055664,-42.84868621826172,-42.88638687133789,-42.92322540283203,-42.95934295654297,-42.99477767944336,-43.02950668334961,-43.06351852416992,-43.09683609008789,-43.129478454589844,-43.161434173583984,-43.192657470703125,-43.22309112548828,-43.25267028808594,-43.28136444091797,-43.30915832519531,-43.336055755615234,-43.362056732177734,-43.38713836669922,-43.411258697509766,-43.434391021728516,-43.45651626586914,-43.477638244628906,-43.497772216796875,-43.51690673828125,-43.534976959228516,-43.55183410644531,-43.567596435546875,-43.583518981933594,-43.60008239746094,-43.614723205566406,-43.62727355957031,-43.65270233154297,-43.68156051635742,-43.71110153198242,-43.74312973022461,-43.774566650390625,-43.805721282958984,-43.83736801147461,-43.86720657348633,-43.89666748046875,-43.92512130737305,-43.9517822265625,-43.97793197631836,-44.002384185791016,-44.02554702758789,-44.047794342041016,-44.06828689575195,-44.087852478027344,-44.106201171875,-44.123165130615234,-44.13932800292969,-44.15420150756836,-44.16803741455078,-44.1810417175293,-44.19288635253906,-44.20394515991211,-44.214168548583984,-44.223445892333984,-44.23207473754883,-44.23991394042969,-44.24701690673828,-44.25357437133789,-44.25946807861328,-44.264808654785156,-44.26969909667969,-44.2740592956543,-44.27801513671875,-44.281620025634766,-44.28483200073242,-44.28776550292969,-44.29043960571289,-44.2928352355957,-44.2950439453125,-44.29707336425781,-44.29891586303711,-44.300636291503906,-44.30224609375,-44.303733825683594,-44.30514144897461,-44.30648422241211,-44.30774688720703,-44.308963775634766,-44.31014633178711,-44.311279296875,-44.31238555908203,-44.313480377197266,-44.31454849243164,-44.31560516357422,-44.31665802001953,-44.31770706176758,-44.318756103515625,-44.3198127746582,-44.32087326049805,-44.32194519042969,-44.323036193847656,-44.32414245605469,-44.32526397705078,-44.326412200927734,-44.32758712768555,-44.32878875732422,-44.330020904541016,-44.3312873840332,-44.33258819580078,-44.33393096923828,-44.33531951904297,-44.33675003051758,-44.338233947753906,-44.33977127075195,-44.341365814208984,-44.34302520751953,-44.34475326538086,-44.34654998779297,-44.348426818847656,-44.35039138793945,-44.35244369506836,-44.35459518432617,-44.356849670410156,-44.35921859741211,-44.36170959472656,-44.36433029174805,-44.36709213256836,-44.3700065612793,-44.373085021972656,-44.376338958740234,-44.37977981567383,-44.383426666259766,-44.38729476928711,-44.39139938354492,-44.3957633972168,-44.4004020690918,-44.40534210205078,-44.41060256958008,-44.41621017456055,-44.42219543457031,-44.428585052490234,-44.43540954589844,-44.44269943237305,-44.450496673583984,-44.458831787109375,-44.46773910522461,-44.477264404296875,-44.48744201660156,-44.498313903808594,-44.509910583496094,-44.52227783203125,-44.53544235229492,-44.54943084716797,-44.56427764892578,-44.579994201660156,-44.596595764160156,-44.61408233642578,-44.63245391845703,-44.651695251464844,-44.67177963256836,-44.69266891479492,-44.714317321777344,-44.736663818359375,-44.7596321105957,-44.783138275146484,-44.80707931518555,-44.83134460449219,-44.855796813964844,-44.880306243896484,-44.90470886230469,-44.928855895996094,-44.952571868896484,-44.97569274902344,-44.99805450439453,-45.019500732421875,-45.03989791870117,-45.05911636352539,-45.07707214355469,-45.09369659423828,-45.10894775390625,-45.122825622558594,-45.135345458984375,-45.14655303955078,-45.15652084350586,-45.16533660888672,-45.173095703125,-45.17991638183594,-45.18590545654297,-45.1911735534668,-45.195831298828125,-45.1999626159668,-45.20364761352539,-45.20695114135742,-45.209922790527344,-45.21260070800781,-45.21501159667969,-45.2171745300293,-45.21910095214844,-45.22080612182617,-45.2222900390625,-45.22357177734375,-45.22465896606445,-45.22557067871094,-45.226322174072266,-45.226932525634766,-45.22742462158203,-45.227821350097656,-45.228145599365234,-45.228416442871094,-45.22865295410156,-45.22886657714844,-45.229068756103516,-45.22926712036133,-45.229454040527344,-45.22962188720703,-45.2297248840332,-45.229698181152344,-45.22943115234375,-45.22891616821289,-45.22860336303711,-45.22937774658203,-45.230926513671875,-45.231483459472656,-45.2308464050293,-45.2307243347168,-45.2317008972168,-45.23221206665039,-45.23176574707031,-45.231788635253906,-45.23249816894531,-45.232635498046875,-45.232322692871094,-45.232582092285156,-45.233009338378906,-45.232887268066406,-45.2327995300293,-45.233131408691406,-45.23326110839844,-45.23310852050781,-45.23321533203125,-45.233436584472656,-45.2333869934082,-45.233341217041016,-45.23350143432617,-45.23357009887695,-45.23350143432617,-45.233551025390625,-45.23366165161133,-45.23365020751953,-45.23362731933594,-45.233707427978516,-45.2337532043457,-45.233726501464844,-45.23374938964844,-45.23381805419922,-45.23382568359375,-45.23381805419922,-45.23386001586914,-45.2338981628418,-45.2338981628418,-45.233909606933594,-45.23394775390625,-45.233970642089844,-45.233970642089844,-45.23398971557617,-45.2340202331543,-45.234031677246094,-45.234039306640625,-45.23405838012695,-45.23408126831055,-45.234092712402344,-45.234100341796875,-45.2341194152832,-45.234134674072266,-45.23414611816406,-45.23415756225586,-45.23417282104492,-45.234188079833984,-45.234195709228516,-45.23420715332031,-45.234222412109375,-45.23423385620117,-45.23424530029297,-45.2342529296875,-45.2342643737793,-45.23427963256836,-45.23428726196289,-45.23429870605469,-45.23430633544922,-45.234317779541016,-45.23432922363281,-45.234336853027344,-45.23434829711914,-45.23435974121094,-45.23436737060547,-45.234375,-45.2343864440918,-45.23439407348633,-45.234405517578125,-45.234413146972656,-45.23442459106445,-45.234432220458984,-45.234439849853516,-45.23445129394531,-45.234458923339844,-45.234466552734375,-45.234474182128906,-45.2344856262207,-45.234493255615234,-45.234500885009766,-45.2345085144043,-45.23451614379883,-45.23452377319336,-45.234535217285156,-45.23454284667969,-45.23455047607422,-45.23455810546875,-45.23456573486328,-45.23457336425781,-45.234580993652344,-45.234588623046875,-45.234596252441406,-45.23460388183594,-45.23461151123047,-45.234619140625,-45.23462677001953,-45.23463439941406,-45.234642028808594,-45.234649658203125,-45.234657287597656,-45.23466491699219,-45.23467254638672,-45.23468017578125,-45.23468780517578,-45.23469161987305
-32.88214111328125,-33.01809310913086,-33.15394592285156,-33.28932571411133,-33.42502975463867,-33.56171798706055,-33.69953536987305,-33.838157653808594,-33.97691345214844,-34.115020751953125,-34.25173568725586,-34.38649368286133,-34.519020080566406,-34.6494140625,-34.77804946899414,-34.9054069519043,-35.031917572021484,-35.1578483581543,-35.28335189819336,-35.40848159790039,-35.53321838378906,-35.657466888427734,-35.78105545043945,-35.90376663208008,-36.02537536621094,-36.14567184448242,-36.264495849609375,-36.38174819946289,-36.49739074707031,-36.61145782470703,-36.724021911621094,-36.83515548706055,-36.94491195678711,-37.05325698852539,-37.16007995605469,-37.265159606933594,-37.3681755065918,-37.468711853027344,-37.56629180908203,-37.66038131713867,-37.75047302246094,-37.83613967895508,-37.917144775390625,-37.993499755859375,-38.06549072265625,-38.13361740112305,-38.19844436645508,-38.260433197021484,-38.31989669799805,-38.37698745727539,-38.431785583496094,-38.484317779541016,-38.53464889526367,-38.582889556884766,-38.62920379638672,-38.673805236816406,-38.7169075012207,-38.75868225097656,-38.80671691894531,-38.85824203491211,-38.91145706176758,-38.965248107910156,-39.018898010253906,-39.07197570800781,-39.12421798706055,-39.175514221191406,-39.225868225097656,-39.275325775146484,-39.323970794677734,-39.3719367980957,-39.41933059692383,-39.46622848510742,-39.5126838684082,-39.5587158203125,-39.60429763793945,-39.6494026184082,-39.69398498535156,-39.738006591796875,-39.78142166137695,-39.824195861816406,-39.86630630493164,-39.90772247314453,-39.948429107666016,-39.98841857910156,-40.02770233154297,-40.0662956237793,-40.10423278808594,-40.14156723022461,-40.178348541259766,-40.214630126953125,-40.25046920776367,-40.28589630126953,-40.32094955444336,-40.355648040771484,-40.38999938964844,-40.424007415771484,-40.457672119140625,-40.49098587036133,-40.523929595947266,-40.556488037109375,-40.588645935058594,-40.62037658691406,-40.65165710449219,-40.68246078491211,-40.712772369384766,-40.742576599121094,-40.77185821533203,-40.800621032714844,-40.8288688659668,-40.85661697387695,-40.883880615234375,-40.91067886352539,-40.93702697753906,-40.962928771972656,-40.98838806152344,-41.013397216796875,-41.03793716430664,-41.061988830566406,-41.08552169799805,-41.108516693115234,-41.130943298339844,-41.15279006958008,-41.17405319213867,-41.19473648071289,-41.2148551940918,-41.23442459106445,-41.25347137451172,-41.27201461791992,-41.29008102416992,-41.30767822265625,-41.32481002807617,-41.34148406982422,-41.357696533203125,-41.373443603515625,-41.388729095458984,-41.40355682373047,-41.41793441772461,-41.439510345458984,-41.46356201171875,-41.48875427246094,-41.514404296875,-41.54001998901367,-41.56524658203125,-41.58985900878906,-41.61370849609375,-41.636653900146484,-41.658607482910156,-41.67951583862305,-41.699344635009766,-41.71806716918945,-41.735687255859375,-41.75223922729492,-41.767765045166016,-41.78230285644531,-41.79591369628906,-41.80867004394531,-41.820640563964844,-41.831886291503906,-41.84247589111328,-41.852481842041016,-41.86195755004883,-41.8709602355957,-41.87953567504883,-41.88772964477539,-41.89557647705078,-41.903106689453125,-41.91034698486328,-41.91731643676758,-41.92402648925781,-41.93049621582031,-41.936729431152344,-41.9427375793457,-41.94852828979492,-41.95410919189453,-41.95948791503906,-41.96466827392578,-41.96965789794922,-41.97446823120117,-41.97910690307617,-41.983577728271484,-41.987892150878906,-41.99205780029297,-41.99608612060547,-41.99998092651367,-42.00375747680664,-42.007415771484375,-42.01097106933594,-42.014427185058594,-42.017791748046875,-42.02107238769531,-42.02427291870117,-42.02739715576172,-42.03045654296875,-42.033447265625,-42.036376953125,-42.03924560546875,-42.042057037353516,-42.04481506347656,-42.04751968383789,-42.0501708984375,-42.052772521972656,-42.055328369140625,-42.057830810546875,-42.06028747558594,-42.06269836425781,-42.065059661865234,-42.0673828125,-42.06965637207031,-42.07189178466797,-42.0740852355957,-42.07624053955078,-42.0783576965332,-42.08043670654297,-42.082481384277344,-42.08449172973633,-42.08646774291992,-42.088417053222656,-42.09033966064453,-42.09223556518555,-42.0941047668457,-42.09595489501953,-42.09778594970703,-42.0995979309082,-42.10139465332031,-42.10318374633789,-42.104957580566406,-42.10673141479492,-42.108497619628906,-42.11026382446289,-42.112037658691406,-42.11381912231445,-42.11560821533203,-42.1174201965332,-42.1192512512207,-42.12111282348633,-42.12300491333008,-42.12493896484375,-42.126922607421875,-42.128963470458984,-42.131065368652344,-42.133243560791016,-42.1355094909668,-42.13786697387695,-42.14033508300781,-42.14292907714844,-42.14565658569336,-42.148536682128906,-42.15158462524414,-42.15481948852539,-42.158260345458984,-42.16192626953125,-42.16584014892578,-42.170021057128906,-42.17448806762695,-42.17926788330078,-42.18437957763672,-42.18984603881836,-42.195682525634766,-42.2019157409668,-42.20855712890625,-42.21562576293945,-42.22312927246094,-42.2310791015625,-42.23948287963867,-42.24833679199219,-42.25764083862305,-42.26738739013672,-42.27756118774414,-42.28813934326172,-42.29909896850586,-42.31040573120117,-42.322021484375,-42.333900451660156,-42.345985412597656,-42.358219146728516,-42.37053680419922,-42.382869720458984,-42.395145416259766,-42.407291412353516,-42.41923141479492,-42.430904388427734,-42.44224548339844,-42.45319747924805,-42.46371841430664,-42.47377014160156,-42.48332595825195,-42.492374420166016,-42.50090026855469,-42.508907318115234,-42.51640319824219,-42.52340316772461,-42.52992630004883,-42.5359992980957,-42.54165267944336,-42.54691696166992,-42.55183410644531,-42.55643844604492,-42.560768127441406,-42.564857482910156,-42.568748474121094,-42.57246780395508,-42.57604217529297,-42.579498291015625,-42.58285140991211,-42.586116790771484,-42.589298248291016,-42.592403411865234,-42.59543228149414,-42.5983772277832,-42.60123825073242,-42.60401153564453,-42.606689453125,-42.60926818847656,-42.61174392700195,-42.61410903930664,-42.61635971069336,-42.618499755859375,-42.62052917480469,-42.622440338134766,-42.62424087524414,-42.62593078613281,-42.62751388549805,-42.62899398803711,-42.630374908447266,-42.63166427612305,-42.63286209106445,-42.63398361206055,-42.63502502441406,-42.6359977722168,-42.636905670166016,-42.63775634765625,-42.638553619384766,-42.63930130004883,-42.6400032043457,-42.640663146972656,-42.64128494262695,-42.64187240600586,-42.64242172241211,-42.6429443359375,-42.6434326171875,-42.64389419555664,-42.64432907104492,-42.64474105834961,-42.64512634277344,-42.64548873901367,-42.64582824707031,-42.646148681640625,-42.646446228027344,-42.646728515625,-42.64698791503906,-42.64723205566406,-42.647464752197266,-42.64767837524414,-42.64787673950195,-42.64806365966797,-42.64823913574219,-42.64840316772461,-42.648555755615234,-42.64870071411133,-42.648834228515625,-42.64896011352539,-42.649078369140625,-42.649192810058594,-42.649295806884766,-42.64939880371094,-42.64949035644531,-42.64958190917969,-42.64966583251953,-42.64974594116211,-42.64982223510742,-42.64989471435547,-42.64996337890625,-42.650028228759766,-42.650089263916016,-42.650146484375,-42.650203704833984,-42.6502571105957,-42.650306701660156,-42.65035629272461,-42.6504020690918,-42.650447845458984,-42.650489807128906,-42.65053176879883,-42.650569915771484,-42.65060806274414,-42.6506462097168,-42.65068054199219,-42.65071487426758,-42.6507453918457,-42.65077590942383,-42.65080642700195,-42.65083694458008,-42.6508674621582,-42.65089416503906,-42.65092086791992,-42.65094757080078,-42.650970458984375,-42.650997161865234,-42.65102005004883,-42.65104293823242,-42.651065826416016,-42.651084899902344,-42.65110778808594,-42.651126861572266,-42.65114974975586,-42.65116882324219,-42.651187896728516,-42.651206970214844,-42.65122604370117,-42.651241302490234,-42.65126037597656,-42.65127944946289,-42.65129470825195,-42.651309967041016,-42.65132522583008,-42.651344299316406,-42.65135955810547,-42.651371002197266,-42.65138626098633,-42.65140151977539,-42.65141677856445,-42.65142822265625,-42.65144348144531,-42.65145492553711,-42.65147018432617,-42.65148162841797,-42.651493072509766,-42.65150451660156,-42.651519775390625,-42.65153121948242,-42.65154266357422,-42.651554107666016,-42.65156173706055,-42.651573181152344,-42.65158462524414,-42.65159606933594,-42.65160369873047,-42.651615142822266,-42.6516227722168,-42.651634216308594,-42.651641845703125,-42.65165328979492,-42.65166091918945,-42.651668548583984,-42.65167999267578,-42.65168762207031,-42.651695251464844,-42.651702880859375,-42.651710510253906,-42.65171813964844,-42.65172576904297,-42.6517333984375,-42.65174102783203,-42.65174865722656,-42.651756286621094,-42.651763916015625,-42.651771545410156,-42.65177536010742
-30.30120277404785,-30.449913024902344,-30.592639923095703,-30.73031234741211,-30.8653507232666,-31.000289916992188,-31.136449813842773,-31.274126052856445,-31.413087844848633,-31.552900314331055,-31.693077087402344,-31.83319664001465,-31.97286605834961,-32.11172103881836,-32.249446868896484,-32.38581466674805,-32.5206413269043,-32.653724670410156,-32.78483963012695,-32.91375732421875,-33.040287017822266,-33.16429901123047,-33.28574752807617,-33.404659271240234,-33.5211296081543,-33.635345458984375,-33.747589111328125,-33.85826873779297,-33.967857360839844,-34.076839447021484,-34.18562698364258,-34.294517517089844,-34.40370178222656,-34.513267517089844,-34.623287200927734,-34.73383331298828,-34.84503173828125,-34.957027435302734,-35.06993103027344,-35.18370056152344,-35.298091888427734,-35.412662506103516,-35.526832580566406,-35.64006805419922,-35.752010345458984,-35.86259460449219,-35.97203063964844,-36.08062744140625,-36.1885871887207,-36.2958869934082,-36.402462005615234,-36.50859832763672,-36.61509704589844,-36.7229118347168,-36.83256149291992,-36.94406509399414,-37.057823181152344,-37.17533493041992,-37.29787826538086,-37.42522048950195,-37.557498931884766,-37.69668960571289,-37.843345642089844,-37.996376037597656,-38.15702438354492,-38.32463455200195,-38.49696731567383,-38.67477035522461,-38.85512161254883,-39.03819274902344,-39.22269058227539,-39.40869903564453,-39.59579849243164,-39.7833137512207,-39.96927261352539,-40.152435302734375,-40.32951736450195,-40.500152587890625,-40.6625862121582,-40.81729507446289,-40.96487045288086,-41.10436248779297,-41.235862731933594,-41.35914993286133,-41.473777770996094,-41.58082580566406,-41.681861877441406,-41.777469635009766,-41.86738586425781,-41.95127868652344,-42.029048919677734,-42.1007080078125,-42.16643142700195,-42.22647476196289,-42.2808952331543,-42.32969665527344,-42.37307357788086,-42.41156768798828,-42.44596481323242,-42.478057861328125,-42.50957489013672,-42.539886474609375,-42.568687438964844,-42.59609603881836,-42.62249755859375,-42.64815902709961,-42.6730842590332,-42.69717025756836,-42.720367431640625,-42.742679595947266,-42.76416015625,-42.78490447998047,-42.80503463745117,-42.824684143066406,-42.843994140625,-42.863094329833984,-42.88209915161133,-42.901084899902344,-42.92008590698242,-42.939125061035156,-42.95825958251953,-42.9775505065918,-42.99706268310547,-43.01683807373047,-43.03691864013672,-43.057334899902344,-43.078125,-43.09930419921875,-43.120872497558594,-43.14280319213867,-43.165069580078125,-43.18763732910156,-43.210472106933594,-43.2335090637207,-43.25666046142578,-43.279815673828125,-43.3028564453125,-43.32564926147461,-43.34806442260742,-43.369937896728516,-43.391090393066406,-43.41122817993164,-43.429691314697266,-43.44607162475586,-43.464176177978516,-43.483131408691406,-43.496055603027344,-43.510746002197266,-43.52437973022461,-43.53445053100586,-43.54669189453125,-43.55499267578125,-43.56436538696289,-43.572113037109375,-43.57893753051758,-43.586158752441406,-43.59147262573242,-43.597999572753906,-43.61524200439453,-43.637611389160156,-43.661251068115234,-43.68711853027344,-43.7131233215332,-43.740135192871094,-43.76683807373047,-43.79397201538086,-43.820674896240234,-43.8474235534668,-43.87375259399414,-43.899993896484375,-43.925933837890625,-43.95170593261719,-43.97730255126953,-44.00273132324219,-44.028076171875,-44.05320739746094,-44.07828140258789,-44.103111267089844,-44.12789535522461,-44.15241241455078,-44.17689514160156,-44.20113754272461,-44.22538757324219,-44.24947738647461,-44.27362060546875,-44.29771041870117,-44.321922302246094,-44.346214294433594,-44.37068557739258,-44.39535903930664,-44.42026901245117,-44.445472717285156,-44.470943450927734,-44.49674987792969,-44.52281951904297,-44.54918670654297,-44.57576370239258,-44.60252380371094,-44.629371643066406,-44.656219482421875,-44.6829719543457,-44.7094841003418,-44.73565673828125,-44.761322021484375,-44.786354064941406,-44.810611724853516,-44.833953857421875,-44.85627365112305,-44.87745666503906,-44.89742660522461,-44.916133880615234,-44.93354797363281,-44.949684143066406,-44.964569091796875,-44.97826385498047,-44.99083709716797,-45.00236129760742,-45.012916564941406,-45.02257537841797,-45.031402587890625,-45.039466857910156,-45.04681396484375,-45.053497314453125,-45.05955505371094,-45.065032958984375,-45.069976806640625,-45.07442092895508,-45.07841110229492,-45.081993103027344,-45.085208892822266,-45.088104248046875,-45.09071731567383,-45.09309005737305,-45.09524917602539,-45.09722900390625,-45.09904479980469,-45.1007194519043,-45.10226821899414,-45.103702545166016,-45.105037689208984,-45.10627365112305,-45.10742950439453,-45.10850524902344,-45.10951232910156,-45.11045455932617,-45.11133575439453,-45.11216735839844,-45.11294174194336,-45.11367416381836,-45.11435317993164,-45.114990234375,-45.115577697753906,-45.11612319946289,-45.11661911010742,-45.11707305908203,-45.11748504638672,-45.117855072021484,-45.11818313598633,-45.11848068237305,-45.118743896484375,-45.11897659301758,-45.11918640136719,-45.11936950683594,-45.119537353515625,-45.119686126708984,-45.11981964111328,-45.119937896728516,-45.12004852294922,-45.120147705078125,-45.120235443115234,-45.12031555175781,-45.120391845703125,-45.12045669555664,-45.12051773071289,-45.120574951171875,-45.12062454223633,-45.12067413330078,-45.1207160949707,-45.12075424194336,-45.120792388916016,-45.12082290649414,-45.120853424072266,-45.120880126953125,-45.12090301513672,-45.12092208862305,-45.120941162109375,-45.12095642089844,-45.120967864990234,-45.12097930908203,-45.12099075317383,-45.121002197265625,-45.121009826660156,-45.12101745605469,-45.12102127075195,-45.121028900146484,-45.12103271484375,-45.121036529541016,-45.12104415893555
-31.317306518554688,-31.729738235473633,-32.157840728759766,-32.57747268676758,-32.969200134277344,-33.3197021484375,-33.622711181640625,-33.878700256347656,-34.09303283691406,-34.27337646484375,-34.427425384521484,-34.56169509887695,-34.68123245239258,-34.78988265991211,-34.890602111816406,-34.98577880859375,-35.077423095703125,-35.16731643676758,-35.257102966308594,-35.348350524902344,-35.442562103271484,-35.53135681152344,-35.62676239013672,-35.728858947753906,-35.837860107421875,-35.953914642333984,-36.0770263671875,-36.206974029541016,-36.34330368041992,-36.4853401184082,-36.632286071777344,-36.78334426879883,-36.93793487548828,-37.095916748046875,-37.25776672363281,-37.42466735839844,-37.59834289550781,-37.78061294555664,-37.972679138183594,-38.17440414428711,-38.383827209472656,-38.59722900390625,-38.809818267822266,-39.01699447631836,-39.21580505371094,-39.40584945678711,-39.588993072509766,-39.767791748046875,-39.94349670410156,-40.11503601074219,-40.27949142456055,-40.433815002441406,-40.576690673828125,-40.709354400634766,-40.83476257324219,-40.95560836791992,-41.07261657714844,-41.184364318847656,-41.28861999511719,-41.3841667175293,-41.4716796875,-41.55308532714844,-41.6300163269043,-41.70272445678711,-41.770286560058594,-41.8317985534668,-41.88746643066406,-41.938716888427734,-41.98727035522461,-42.034095764160156,-42.08293533325195,-42.13262176513672,-42.1818733215332,-42.23039245605469,-42.278419494628906,-42.32609558105469,-42.3731575012207,-42.41903305053711,-42.46320724487305,-42.505558013916016,-42.54629135131836,-42.585628509521484,-42.62356948852539,-42.65987777709961,-42.69435119628906,-42.72702407836914,-42.75815963745117,-42.788063049316406,-42.816871643066406,-42.84457015991211,-42.87114334106445,-42.89668273925781,-42.921390533447266,-42.94541931152344,-42.96879577636719,-42.991458892822266,-43.013362884521484,-43.03455352783203,-43.055137634277344,-43.07518768310547,-43.094703674316406,-43.113651275634766,-43.132041931152344,-43.149925231933594,-43.1673583984375,-43.184356689453125,-43.200889587402344,-43.21693801879883,-43.232513427734375,-43.247650146484375,-43.26237487792969,-43.27668380737305,-43.29057312011719,-43.304054260253906,-43.317161560058594,-43.329933166503906,-43.34238052368164,-43.3545036315918,-43.3663215637207,-43.37784194946289,-43.38908767700195,-43.40007019042969,-43.41078186035156,-43.42123031616211,-43.43142318725586,-43.44137954711914,-43.45111083984375,-43.46062088012695,-43.46992111206055,-43.479026794433594,-43.48794937133789,-43.496707916259766,-43.505313873291016,-43.5137825012207,-43.52212142944336,-43.530357360839844,-43.53850173950195,-43.54656219482422,-43.554561614990234,-43.56250762939453,-43.57041549682617,-43.578304290771484,-43.586181640625,-43.59405517578125,-43.60193634033203,-43.609840393066406,-43.61777114868164,-43.625736236572266,-43.63373565673828,-43.64178466796875,-43.649879455566406,-43.65802764892578,-43.666229248046875,-43.67448806762695,-43.682796478271484,-43.691162109375,-43.699581146240234,-43.708045959472656,-43.716552734375,-43.725101470947266,-43.73368453979492,-43.74229431152344,-43.75092315673828,-43.759559631347656,-43.7681999206543,-43.77682876586914,-43.785438537597656,-43.79401779174805,-43.802555084228516,-43.811038970947266,-43.8194580078125,-43.827796936035156,-43.83604431152344,-43.84418869018555,-43.85222244262695,-43.86012649536133,-43.86789321899414,-43.875511169433594,-43.88296890258789,-43.890262603759766,-43.897377014160156,-43.9043083190918,-43.91105270385742,-43.91759490966797,-43.92394256591797,-43.93008041381836,-43.93601608276367,-43.94174575805664,-43.947265625,-43.95258331298828,-43.95769500732422,-43.962608337402344,-43.96732711791992,-43.97185516357422,-43.976200103759766,-43.98036575317383,-43.9843635559082,-43.98820114135742,-43.991886138916016,-43.99542999267578,-43.998836517333984,-44.00211715698242,-44.005287170410156,-44.00834655761719,-44.011314392089844,-44.014198303222656,-44.01700210571289,-44.01974105834961,-44.02242660522461,-44.02505874633789,-44.02765655517578,-44.03022003173828,-44.03276443481445,-44.03529739379883,-44.03782272338867,-44.04035186767578,-44.04288864135742,-44.045448303222656,-44.048030853271484,-44.05064392089844,-44.05330276489258,-44.05600357055664,-44.05876159667969,-44.06158447265625,-44.06447219848633,-44.067440032958984,-44.070491790771484,-44.07363510131836,-44.076881408691406,-44.080230712890625,-44.083702087402344,-44.08729934692383,-44.09103012084961,-44.094905853271484,-44.09893798828125,-44.10313034057617,-44.10750198364258,-44.112056732177734,-44.1168098449707,-44.121768951416016,-44.126949310302734,-44.132362365722656,-44.13801574707031,-44.14392852783203,-44.150108337402344,-44.15657043457031,-44.16332244873047,-44.170379638671875,-44.17774963378906,-44.18544387817383,-44.19347381591797,-44.20184326171875,-44.21056365966797,-44.21963882446289,-44.229068756103516,-44.238861083984375,-44.24900817871094,-44.2595100402832,-44.27035903930664,-44.28154754638672,-44.293060302734375,-44.30488204956055,-44.31699752807617,-44.32938003540039,-44.342002868652344,-44.35484313964844,-44.36787033081055,-44.38104248046875,-44.39433670043945,-44.4077033996582,-44.42111587524414,-44.434532165527344,-44.447914123535156,-44.46123123168945,-44.47444152832031,-44.48751449584961,-44.50042724609375,-44.51314926147461,-44.52566146850586,-44.53794860839844,-44.54999542236328,-44.561798095703125,-44.57335662841797,-44.58466720581055,-44.59574890136719,-44.606605529785156,-44.61725997924805,-44.62772750854492,-44.638038635253906,-44.648216247558594,-44.65829086303711,-44.66828918457031,-44.678245544433594,-44.68818664550781,-44.69814682006836,-44.70814514160156,-44.71821212768555,-44.728370666503906,-44.738643646240234,-44.74903869628906,-44.759578704833984,-44.770263671875,-44.78110122680664,-44.79208755493164,-44.80321502685547,-44.81447982788086,-44.825862884521484,-44.83734130859375,-44.84889221191406,-44.8604850769043,-44.87208557128906,-44.88365936279297,-44.89516067504883,-44.906551361083984,-44.91778564453125,-44.92881393432617,-44.93959045410156,-44.950077056884766,-44.96022415161133,-44.969993591308594,-44.97935104370117,-44.98826599121094,-44.99671173095703,-45.004676818847656,-45.012142181396484,-45.01911544799805,-45.02559280395508,-45.03158950805664,-45.03712463378906,-45.04221725463867,-45.04690170288086,-45.05120849609375,-45.05516815185547,-45.05882263183594,-45.06220245361328,-45.06534194946289,-45.068275451660156,-45.07102584838867,-45.0736198425293,-45.076080322265625,-45.07841873168945,-45.08064651489258,-45.0827751159668,-45.084808349609375,-45.08674621582031,-45.08859634399414,-45.09035110473633,-45.09200668334961,-45.093570709228516,-45.095035552978516,-45.096397399902344,-45.09766387939453,-45.09883117675781,-45.09990310668945,-45.10087966918945,-45.10177230834961,-45.102577209472656,-45.10330581665039,-45.10396194458008,-45.10455322265625,-45.10508346557617,-45.105560302734375,-45.10599136352539,-45.106380462646484,-45.106727600097656,-45.1070442199707,-45.10733413696289,-45.10759353637695,-45.10783004760742,-45.10804748535156,-45.108245849609375,-45.10842514038086,-45.10859298706055,-45.108741760253906,-45.10887908935547,-45.109004974365234,-45.1091194152832,-45.109222412109375,-45.10931396484375,-45.109397888183594,-45.109474182128906,-45.10954284667969,-45.10960388183594,-45.109657287597656,-45.10970687866211,-45.10974884033203,-45.10978698730469,-45.10982131958008,-45.1098518371582,-45.10988235473633,-45.10990524291992,-45.109928131103516,-45.10995101928711,-45.10997009277344,-45.1099853515625,-45.11000442504883,-45.110015869140625,-45.11003112792969,-45.11004638671875,-45.11005783081055,-45.110069274902344,-45.11008071899414,-45.11009216308594,-45.110103607177734,-45.11011505126953,-45.11012268066406,-45.11013412475586,-45.110145568847656,-45.11015319824219,-45.11016082763672,-45.110172271728516,-45.11017990112305,-45.110191345214844,-45.110198974609375,-45.110206604003906,-45.1102180480957,-45.110225677490234,-45.11023712158203,-45.11024475097656,-45.110252380371094,-45.11026382446289,-45.11027145385742,-45.11028289794922,-45.11029052734375,-45.11030197143555,-45.110313415527344,-45.110321044921875,-45.11033248901367,-45.11034393310547,-45.1103515625,-45.1103630065918,-45.110374450683594,-45.11038589477539,-45.11039352416992,-45.11040496826172,-45.110416412353516,-45.11042785644531,-45.11043930053711,-45.110450744628906,-45.1104621887207,-45.1104736328125,-45.1104850769043,-45.110496520996094,-45.11050796508789,-45.11051940917969,-45.110530853271484,-45.11054611206055,-45.110557556152344,-45.11056900024414,-45.1105842590332,-45.110595703125,-45.1106071472168,-45.11062240600586,-45.110633850097656,-45.11064910888672,-45.110660552978516,-45.11067581176758,-45.11069107055664,-45.11070251464844,-45.1107177734375,-45.11073303222656,-45.110748291015625,-45.11076354980469,-45.110774993896484,-45.11079025268555,-45.11080551147461,-45.11082077026367,-45.11083984375,-45.11085510253906,-45.110870361328125,-45.11088562011719,-45.11090087890625,-45.11091995239258,-45.11093521118164,-45.1109504699707,-45.11096954345703,-45.110984802246094,-45.11100387573242,-45.111019134521484,-45.11103820800781,-45.11105728149414,-45.11107635498047,-45.11109161376953,-45.11111068725586,-45.11112976074219,-45.111148834228516,-45.111167907714844,-45.11118698120117,-45.1112060546875,-45.111228942871094,-45.11124801635742,-45.11126708984375,-45.11128616333008,-45.11130905151367,-45.111328125,-45.111351013183594,-45.11137008666992,-45.111392974853516,-45.11141586303711,-45.11143493652344,-45.11145782470703,-45.111480712890625,-45.11150360107422,-45.11152648925781,-45.111549377441406,-45.111572265625,-45.111595153808594,-45.11162185668945,-45.11164474487305,-45.11166763305664,-45.1116943359375,-45.111717224121094,-45.11174392700195,-45.11176681518555,-45.111793518066406,-45.111820220947266,-45.111846923828125,-45.11186981201172,-45.11189651489258,-45.11192321777344,-45.1119499206543,-45.11198043823242,-45.11200714111328,-45.11203384399414,-45.112060546875,-45.112091064453125,-45.112117767333984,-45.11214828491211,-45.11217498779297,-45.112205505371094,-45.11223602294922,-45.11226272583008,-45.1122932434082,-45.11232376098633,-45.11235427856445,-45.11238479614258,-45.1124153137207,-45.11244583129883,-45.11248016357422,-45.112510681152344,-45.11254119873047,-45.11257553100586,-45.112606048583984,-45.112640380859375,-45.1126708984375,-45.11270523071289,-45.11273956298828,-45.11277389526367,-45.1128044128418,-45.11283874511719,-45.11287307739258,-45.11290740966797,-45.11294174194336,-45.112979888916016,-45.113014221191406,-45.1130485534668,-45.11308670043945,-45.113121032714844,-45.113155364990234,-45.11319351196289,-45.11323165893555,-45.11326599121094,-45.113304138183594,-45.11334228515625,-45.11337661743164,-45.1134147644043,-45.11345291137695,-45.11349105834961,-45.113529205322266,-45.11356735229492,-45.11360549926758,-45.1136474609375,-45.113685607910156,-45.11372375488281,-45.11376190185547,-45.11380386352539,-45.11384201049805,-45.11388397216797,-45.113922119140625,-45.11396408081055,-45.1140022277832,-45.114044189453125,-45.11408233642578,-45.1141242980957,-45.114166259765625,-45.11420822143555,-45.1142463684082,-45.114288330078125,-45.11433029174805,-45.11437225341797,-45.11441421508789,-45.11445617675781,-45.114498138427734,-45.114540100097656,-45.11458206176758,-45.1146240234375,-45.11466598510742,-45.114707946777344,-45.114749908447266,-45.11479187011719,-45.11483383178711,-45.1148796081543,-45.11492156982422,-45.11496353149414,-45.11500549316406,-45.115047454833984,-45.11509323120117,-45.115135192871094,-45.115177154541016,-45.11521911621094,-45.11526107788086,-45.11530685424805,-45.11534881591797,-45.11539077758789,-45.11543273925781,-45.115478515625,-45.11552047729492,-45.115562438964844,-45.115604400634766,-45.11565017700195,-45.115692138671875,-45.1157341003418,-45.11577606201172,-45.11581802368164,-45.11585998535156,-45.115901947021484,-45.11594772338867,-45.115989685058594,-45.116031646728516,-45.11607360839844,-45.11611557006836,-45.11615753173828,-45.1161994934082,-45.116241455078125,-45.11627960205078,-45.1163215637207,-45.116363525390625,-45.11640548706055,-45.11644744873047,-45.116485595703125,-45.11652755737305,-45.11656951904297,-45.116607666015625,-45.11664962768555,-45.11669158935547,-45.116729736328125,-45.11676788330078,-45.1168098449707,-45.11684799194336,-45.11688995361328,-45.11692810058594,-45.116966247558594,-45.11700439453125,-45.117042541503906,-45.11708068847656,-45.11711883544922,-45.117156982421875,-45.11719512939453,-45.11723327636719,-45.117271423339844,-45.1173095703125,-45.11734390258789,-45.11738204956055,-45.1174201965332,-45.117454528808594,-45.11749267578125,-45.11752700805664,-45.11756134033203,-45.11759948730469,-45.11763381958008,-45.11766815185547,-45.11770248413086,-45.11773681640625,-45.11777114868164,-45.11780548095703,-45.11783981323242,-45.11787414550781,-45.11790466308594,-45.11793899536133,-45.11797332763672,-45.118003845214844,-45.118038177490234,-45.11806869506836,-45.118099212646484,-45.118133544921875,-45.1181640625,-45.118194580078125,-45.11822509765625,-45.118255615234375,-45.1182861328125,-45.118316650390625,-45.11834716796875,-45.118377685546875,-45.118404388427734,-45.11843490600586,-45.118465423583984,-45.118492126464844,-45.1185188293457,-45.11854934692383,-45.11857604980469,-45.11860275268555,-45.11863327026367,-45.11865997314453,-45.11868667602539,-45.11871337890625,-45.11874008178711,-45.1187629699707,-45.11878967285156,-45.11881637573242,-45.11884307861328,-45.118865966796875,-45.118892669677734,-45.11891555786133,-45.11894226074219,-45.11896514892578,-45.118988037109375,-45.119014739990234,-45.11903762817383,-45.11906051635742,-45.119083404541016,-45.11910629272461,-45.1191291809082,-45.1191520690918,-45.11917495727539,-45.11919403076172,-45.11921691894531,-45.119239807128906,-45.119258880615234,-45.11928176879883,-45.119300842285156,-45.11932373046875,-45.11934280395508,-45.119361877441406,-45.119384765625,-45.11940383911133,-45.119422912597656,-45.119441986083984,-45.11946105957031,-45.11948013305664,-45.11949920654297,-45.1195182800293,-45.119537353515625,-45.11955642700195,-45.119571685791016,-45.119590759277344,-45.11960983276367,-45.119625091552734,-45.11964416503906,-45.119659423828125,-45.11967849731445,-45.119693756103516,-45.119712829589844,-45.119728088378906,-45.11974334716797,-45.1197624206543,-45.11977767944336,-45.11979293823242,-45.119808197021484,-45.11982345581055,-45.11983871459961,-45.11985397338867,-45.119869232177734,-45.1198844909668,-45.11989974975586,-45.119911193847656,-45.11992645263672,-45.11994171142578,-45.119956970214844,-45.11996841430664,-45.1199836730957,-45.1199951171875,-45.12001037597656,-45.12002182006836,-45.12003707885742,-45.12004852294922,-45.12006378173828,-45.12007522583008,-45.120086669921875,-45.12010192871094,-45.120113372802734,-45.12012481689453,-45.12013626098633,-45.120147705078125,-45.12016296386719,-45.120174407958984,-45.12018585205078,-45.12019729614258,-45.120208740234375,-45.12022018432617,-45.1202278137207,-45.1202392578125,-45.1202507019043,-45.120262145996094,-45.12027359008789,-45.12028503417969,-45.12029266357422,-45.120304107666016,-45.12031555175781,-45.120323181152344,-45.12033462524414,-45.12034225463867,-45.12035369873047,-45.120361328125,-45.1203727722168,-45.12038040161133,-45.120391845703125,-45.120399475097656,-45.12041091918945,-45.120418548583984,-45.120426177978516,-45.12043762207031,-45.120445251464844,-45.120452880859375,-45.120460510253906,-45.1204719543457,-45.120479583740234,-45.120487213134766,-45.1204948425293,-45.12050247192383,-45.12051010131836,-45.12051773071289,-45.12052536010742,-45.12053298950195,-45.120540618896484,-45.120548248291016,-45.12055587768555,-45.12056350708008,-45.12057113647461,-45.12057876586914,-45.12058639526367,-45.1205940246582,-45.120601654052734,-45.120609283447266,-45.12061309814453
-32.2562255859375,-32.472251892089844,-32.679115295410156,-32.880653381347656,-33.07653045654297,-33.26682662963867,-33.45235061645508,-33.63359832763672,-33.81044006347656,-33.98245620727539,-34.14931869506836,-34.31103515625,-34.467987060546875,-34.62084197998047,-34.77036666870117,-34.917293548583984,-35.06223678588867,-35.20564270019531,-35.34779357910156,-35.48880386352539,-35.628658294677734,-35.767242431640625,-35.90434646606445,-36.039730072021484,-36.17314529418945,-36.304378509521484,-36.43326950073242,-36.55972671508789,-36.68368911743164,-36.80509567260742,-36.923828125,-37.03971862792969,-37.152549743652344,-37.262081146240234,-37.36805725097656,-37.470245361328125,-37.568443298339844,-37.6624870300293,-37.752281188964844,-37.83782196044922,-37.91920471191406,-37.99662780761719,-38.07039260864258,-38.1408576965332,-38.20840072631836,-38.273380279541016,-38.33612060546875,-38.39689254760742,-38.455928802490234,-38.51344680786133,-38.56964111328125,-38.62473678588867,-38.6789665222168,-38.747318267822266,-38.82333755493164,-38.904335021972656,-38.98889923095703,-39.076080322265625,-39.16511154174805,-39.25534439086914,-39.3461799621582,-39.437068939208984,-39.527488708496094,-39.61695861816406,-39.70502853393555,-39.79133605957031,-39.87562942504883,-39.95779800415039,-40.0378303527832,-40.11573028564453,-40.191490173339844,-40.26511001586914,-40.33662414550781,-40.40611267089844,-40.47370147705078,-40.53959274291992,-40.60402297973633,-40.66720199584961,-40.72924041748047,-40.790122985839844,-40.84971618652344,-40.9078483581543,-40.964351654052734,-41.019134521484375,-41.07217788696289,-41.12352752685547,-41.173248291015625,-41.22142028808594,-41.26811599731445,-41.313453674316406,-41.3575553894043,-41.400550842285156,-41.44253158569336,-41.4835090637207,-41.523414611816406,-41.5621452331543,-41.59959411621094,-41.63570022583008,-41.67044448852539,-41.70383834838867,-41.73591232299805,-41.766700744628906,-41.7962646484375,-41.82466506958008,-41.85197830200195,-41.87825393676758,-41.90351104736328,-41.92774200439453,-41.958648681640625,-41.991947174072266,-42.02638244628906,-42.0612678527832,-42.096168518066406,-42.130802154541016,-42.16496658325195,-42.19852828979492,-42.23136901855469,-42.26338577270508,-42.29450225830078,-42.32465362548828,-42.35378646850586,-42.381874084472656,-42.40890121459961,-42.43484878540039,-42.4597282409668,-42.483551025390625,-42.50633239746094,-42.528099060058594,-42.548885345458984,-42.56871032714844,-42.58760452270508,-42.605594635009766,-42.62269973754883,-42.63895797729492,-42.654396057128906,-42.669044494628906,-42.682945251464844,-42.69612121582031,-42.7086181640625,-42.720462799072266,-42.731689453125,-42.742332458496094,-42.75241470336914,-42.76197052001953,-42.771026611328125,-42.77961349487305,-42.787750244140625,-42.795467376708984,-42.80278778076172,-42.80973815917969,-42.81633758544922,-42.82260513305664,-42.82857131958008,-42.83424758911133,-42.83965301513672,-42.84480667114258,-42.84972381591797,-42.85441589355469,-42.85890197753906,-42.863189697265625,-42.86729049682617,-42.871219635009766,-42.87498092651367,-42.87858963012695,-42.88205337524414,-42.885379791259766,-42.888572692871094,-42.89164352416992,-42.894596099853516,-42.89743423461914,-42.90016555786133,-42.902793884277344,-42.90532302856445,-42.90776062011719,-42.91010665893555,-42.91236877441406,-42.914546966552734,-42.91664123535156,-42.918663024902344,-42.92061233520508,-42.9224853515625,-42.924293518066406,-42.9260368347168,-42.92771530151367,-42.92933654785156,-42.9308967590332,-42.93240737915039,-42.933860778808594,-42.93526840209961,-42.93662643432617,-42.93794631958008,-42.93922424316406,-42.94046401977539,-42.94166946411133,-42.942840576171875,-42.94398880004883,-42.945106506347656,-42.946197509765625,-42.947269439697266,-42.94831848144531,-42.949344635009766,-42.950355529785156,-42.95134735107422,-42.95232009887695,-42.95328140258789,-42.954219818115234,-42.95514678955078,-42.95606231689453,-42.95695877075195,-42.95784378051758,-42.958717346191406,-42.95957946777344,-42.960426330566406,-42.961265563964844,-42.96209716796875,-42.96291732788086,-42.96372604370117,-42.96453094482422,-42.965328216552734,-42.96611785888672,-42.96690368652344,-42.967681884765625,-42.96845626831055,-42.96923065185547,-42.970001220703125,-42.97077178955078,-42.97154235839844,-42.972320556640625,-42.97309875488281,-42.97388458251953,-42.97467803955078,-42.975486755371094,-42.97631072998047,-42.97715759277344,-42.97802734375,-42.97892761230469,-42.979862213134766,-42.9808464050293,-42.98188400268555,-42.98298645019531,-42.98416519165039,-42.985443115234375,-42.98683166503906,-42.98835754394531,-42.99003982543945,-42.99191665649414,-42.994022369384766,-42.996395111083984,-42.999088287353516,-43.00215530395508,-43.005653381347656,-43.00965881347656,-43.014244079589844,-43.01948165893555,-43.025447845458984,-43.0322265625,-43.03987503051758,-43.0484504699707,-43.05799102783203,-43.06850814819336,-43.07999801635742,-43.09242630004883,-43.10573196411133,-43.11983108520508,-43.134620666503906,-43.14997482299805,-43.16575241088867,-43.181800842285156,-43.19796371459961,-43.21407699584961,-43.229984283447266,-43.245540618896484,-43.26060104370117,-43.27504348754883,-43.28876495361328,-43.30168151855469,-43.313720703125,-43.324832916259766,-43.33498764038086,-43.34417724609375,-43.35240936279297,-43.35972595214844,-43.366180419921875,-43.37185287475586,-43.3768310546875,-43.38120651245117,-43.38507843017578,-43.38853073120117,-43.39165496826172,-43.39452362060547,-43.3972053527832,-43.39975357055664,-43.4022102355957,-43.40460968017578,-43.4069709777832,-43.4093017578125,-43.41160583496094,-43.41387939453125,-43.41611099243164,-43.41828918457031,-43.42040252685547,-43.42243957519531,-43.42438507080078,-43.42622756958008,-43.42796325683594,-43.4295768737793,-43.43107223510742,-43.43244552612305,-43.43370056152344,-43.43484115600586,-43.43587112426758,-43.43680191040039,-43.43764114379883,-43.43839645385742,-43.43907928466797,-43.439693450927734,-43.44024658203125,-43.44075393676758,-43.44121551513672,-43.4416389465332,-43.44203186035156,-43.44239044189453,-43.44272232055664,-43.44303512573242,-43.443321228027344,-43.44358444213867,-43.44383239746094,-43.444061279296875,-43.444271087646484,-43.44446563720703,-43.44464111328125,-43.444801330566406,-43.444950103759766,-43.44508361816406,-43.44520568847656,-43.4453125,-43.445411682128906,-43.44550323486328,-43.44558334350586,-43.445655822753906,-43.44572067260742,-43.44578170776367,-43.44583511352539,-43.445884704589844,-43.44593048095703,-43.44597244262695,-43.44601058959961,-43.446044921875,-43.44607925415039,-43.446109771728516,-43.446136474609375,-43.446163177490234,-43.44618606567383,-43.44620895385742,-43.446231842041016,-43.446250915527344,-43.44626998901367,-43.4462890625,-43.44630432128906,-43.446319580078125,-43.44633483886719,-43.44635009765625,-43.44636154174805,-43.44637680053711,-43.446388244628906,-43.44640350341797,-43.446414947509766,-43.44642639160156,-43.446441650390625,-43.44645309448242,-43.44646453857422,-43.446475982666016,-43.44648742675781,-43.44649887084961,-43.446510314941406,-43.44652557373047,-43.446537017822266,-43.44654846191406,-43.446556091308594,-43.44656753540039,-43.44657897949219,-43.446590423583984,-43.44660186767578,-43.44661331176758,-43.446624755859375,-43.44663619995117,-43.4466438293457,-43.4466552734375,-43.4466667175293,-43.446678161621094,-43.44668960571289,-43.44669723510742,-43.44670867919922,-43.446720123291016,-43.44673156738281,-43.446739196777344,-43.44675064086914,-43.44676208496094,-43.446773529052734,-43.446781158447266,-43.44679260253906,-43.44680404663086,-43.44681167602539,-43.44682312011719,-43.446834564208984,-43.446842193603516,-43.44685363769531,-43.44686508178711,-43.44687271118164,-43.44688415527344,-43.44689178466797,-43.446903228759766,-43.44691467285156,-43.446922302246094,-43.44693374633789,-43.44694137573242,-43.44695281982422,-43.44696044921875,-43.44697189331055,-43.44697952270508,-43.446990966796875,-43.446998596191406,-43.4470100402832,-43.447017669677734,-43.44702911376953,-43.44703674316406,-43.44704818725586,-43.44705581665039,-43.44706726074219,-43.44707489013672,-43.447086334228516,-43.44709396362305,-43.44710159301758,-43.447113037109375,-43.447120666503906,-43.4471321105957,-43.447139739990234,-43.447147369384766,-43.44715881347656,-43.447166442871094,-43.447174072265625,-43.44718551635742,-43.44719314575195,-43.447200775146484,-43.44721221923828,-43.44721984863281,-43.447227478027344,-43.447235107421875,-43.44724655151367,-43.4472541809082,-43.447261810302734,-43.447269439697266,-43.44728088378906,-43.447288513183594,-43.447296142578125,-43.447303771972656,-43.44731521606445,-43.447322845458984,-43.447330474853516,-43.44733810424805,-43.44734573364258,-43.44735336303711,-43.447364807128906,-43.44737243652344,-43.44738006591797,-43.4473876953125,-43.44739532470703,-43.44740295410156,-43.447410583496094,-43.447418212890625,-43.44742965698242,-43.44743728637695,-43.447444915771484,-43.447452545166016,-43.44746017456055,-43.44746780395508,-43.44747543334961,-43.44748306274414,-43.44749069213867,-43.4474983215332,-43.447505950927734,-43.447513580322266,-43.4475212097168,-43.44752883911133,-43.44753646850586,-43.44754409790039,-43.44755172729492,-43.44755935668945,-43.447566986083984,-43.447574615478516,-43.44758224487305,-43.44758605957031
-34.620819091796875,-34.82369613647461,-35.01798629760742,-35.20328903198242,-35.379730224609375,-35.548648834228516,-35.71223068237305,-35.87223434448242,-36.0291633605957,-36.182552337646484,-36.3316650390625,-36.476078033447266,-36.61591720581055,-36.75162124633789,-36.88344192504883,-37.011356353759766,-37.13528823852539,-37.255287170410156,-37.37160873413086,-37.48464584350586,-37.594764709472656,-37.70210266113281,-37.80646896362305,-37.90746307373047,-38.00479507446289,-38.0986442565918,-38.18985366821289,-38.279624938964844,-38.36895751953125,-38.45821762084961,-38.547298431396484,-38.63618469238281,-38.72550582885742,-38.8162841796875,-38.908912658691406,-39.002689361572266,-39.09659194946289,-39.19026565551758,-39.283966064453125,-39.377479553222656,-39.46979522705078,-39.56027603149414,-39.649478912353516,-39.73797607421875,-39.825347900390625,-39.911251068115234,-39.99616622924805,-40.08005905151367,-40.16195297241211,-40.24150848388672,-40.31912612915039,-40.39463424682617,-40.46794509887695,-40.53968048095703,-40.60983657836914,-40.67787170410156,-40.74397277832031,-40.808197021484375,-40.87034225463867,-40.93092346191406,-40.990135192871094,-41.04764938354492,-41.10367965698242,-41.15827560424805,-41.211517333984375,-41.263980865478516,-41.31576919555664,-41.367042541503906,-41.4179801940918,-41.46855545043945,-41.519229888916016,-41.5702018737793,-41.621673583984375,-41.67380905151367,-41.726566314697266,-41.780128479003906,-41.834442138671875,-41.889549255371094,-41.94514846801758,-42.001060485839844,-42.05705642700195,-42.11308670043945,-42.1689338684082,-42.224464416503906,-42.279396057128906,-42.333595275878906,-42.386783599853516,-42.438720703125,-42.4891471862793,-42.53784942626953,-42.584808349609375,-42.63005828857422,-42.67369079589844,-42.715877532958984,-42.75679016113281,-42.79656982421875,-42.83530807495117,-42.873069763183594,-42.909934997558594,-42.946006774902344,-42.98107147216797,-43.01716613769531,-43.05385208129883,-43.0907096862793,-43.12731170654297,-43.163330078125,-43.19860076904297,-43.23295593261719,-43.2662239074707,-43.298336029052734,-43.32928466796875,-43.359100341796875,-43.38777542114258,-43.415279388427734,-43.441627502441406,-43.46687316894531,-43.49106979370117,-43.514259338378906,-43.53649139404297,-43.55781173706055,-43.57826614379883,-43.59782791137695,-43.616397857666016,-43.633941650390625,-43.651153564453125,-43.668888092041016,-43.68563461303711,-43.700435638427734,-43.71527099609375,-43.73027038574219,-43.743587493896484,-43.75634765625,-43.76935577392578,-43.78107452392578,-43.79217529296875,-43.80340576171875,-43.813594818115234,-43.823265075683594,-43.832950592041016,-43.8417854309082,-43.85024642944336,-43.86359405517578,-43.87786865234375,-43.89299774169922,-43.908164978027344,-43.92287063598633,-43.93737030029297,-43.950958251953125,-43.963809967041016,-43.975852966308594,-43.986854553222656,-43.99711608886719,-44.00642776489258,-44.014957427978516,-44.02283477783203,-44.029945373535156,-44.03656005859375,-44.042686462402344,-44.04835891723633,-44.05375289916992,-44.05881881713867,-44.063682556152344,-44.068416595458984,-44.07299041748047,-44.077537536621094,-44.08206558227539,-44.08658981323242,-44.0911979675293,-44.09588623046875,-44.10068893432617,-44.10566711425781,-44.110801696777344,-44.11613082885742,-44.121673583984375,-44.12740707397461,-44.133358001708984,-44.13951873779297,-44.14586639404297,-44.15241241455078,-44.159149169921875,-44.166053771972656,-44.17314529418945,-44.180419921875,-44.187870025634766,-44.19552230834961,-44.203372955322266,-44.211429595947266,-44.21971130371094,-44.22822570800781,-44.236976623535156,-44.24597930908203,-44.25524139404297,-44.2647705078125,-44.274574279785156,-44.284671783447266,-44.29506301879883,-44.30576705932617,-44.316795349121094,-44.32815933227539,-44.33986282348633,-44.3519172668457,-44.36432647705078,-44.37709426879883,-44.39022445678711,-44.40371322631836,-44.41755676269531,-44.43174743652344,-44.4462776184082,-44.46112823486328,-44.476287841796875,-44.49172592163086,-44.507415771484375,-44.52332305908203,-44.53940963745117,-44.555625915527344,-44.57192611694336,-44.588253021240234,-44.60455322265625,-44.62076187133789,-44.63682556152344,-44.65267562866211,-44.66825866699219,-44.68352127075195,-44.698402404785156,-44.71285629272461,-44.726844787597656,-44.74032974243164,-44.75327682495117,-44.76567077636719,-44.777488708496094,-44.78873062133789,-44.79938507080078,-44.80946350097656,-44.81897735595703,-44.827938079833984,-44.836360931396484,-44.844276428222656,-44.85170364379883,-44.858665466308594,-44.865196228027344,-44.871315002441406,-44.877052307128906,-44.88242721557617,-44.88747024536133,-44.89220428466797,-44.896644592285156,-44.900814056396484,-44.904727935791016,-44.908409118652344,-44.911865234375,-44.91511535644531,-44.91817092895508,-44.92104721069336,-44.92374801635742,-44.92628860473633,-44.92867660522461,-44.93092346191406,-44.93303680419922,-44.935020446777344,-44.936885833740234,-44.93864059448242,-44.94028854370117,-44.941837310791016,-44.943294525146484,-44.944664001464844,-44.945953369140625,-44.947166442871094,-44.94831085205078,-44.94938659667969,-44.950401306152344,-44.951358795166016,-44.95226287841797,-44.95311737060547,-44.95392608642578,-44.954689025878906,-44.95541000366211,-44.956092834472656,-44.95673751831055,-44.95735168457031,-44.957923889160156,-44.958465576171875,-44.958961486816406,-44.95940017700195,-44.95975875854492,-44.96000289916992,-44.960121154785156,-44.96022415161133,-44.96063232421875,-44.96149444580078,-44.962318420410156,-44.96256637573242,-44.96250915527344,-44.962772369384766,-44.96340560913086,-44.963829040527344,-44.9638557434082,-44.96397399902344,-44.96440124511719,-44.964759826660156,-44.9648323059082,-44.964927673339844,-44.965240478515625,-44.965511322021484,-44.96558380126953,-44.96567916870117,-44.965919494628906,-44.966121673583984,-44.966190338134766,-44.96628189086914,-44.96646499633789,-44.966617584228516,-44.9666862487793,-44.966766357421875,-44.96691131591797,-44.9670295715332,-44.96709442138672,-44.967166900634766,-44.96727752685547,-44.967376708984375,-44.967437744140625,-44.967498779296875,-44.967586517333984,-44.96767044067383,-44.96772766113281,-44.96778106689453,-44.96785354614258,-44.967926025390625,-44.967979431152344,-44.9680290222168,-44.96808624267578,-44.9681510925293,-44.968204498291016,-44.9682502746582,-44.968299865722656,-44.968353271484375,-44.96840286254883,-44.968448638916016,-44.96849060058594,-44.96854019165039,-44.96858596801758,-44.968631744384766,-44.96867370605469,-44.96871566772461,-44.9687614440918,-44.96880340576172,-44.96884536743164,-44.96888732910156,-44.968929290771484,-44.968971252441406,-44.96901321411133,-44.969051361083984,-44.969093322753906,-44.96913146972656,-44.969173431396484,-44.969215393066406,-44.96925354003906,-44.969295501708984,-44.96933364868164,-44.96937561035156,-44.969417572021484,-44.96945571899414,-44.96949768066406,-44.96953582763672,-44.96957778930664,-44.96961975097656,-44.96965789794922,-44.96969985961914,-44.96974182128906,-44.969783782958984,-44.969825744628906,-44.96986770629883,-44.96990966796875,-44.96995162963867,-44.969993591308594,-44.970035552978516,-44.97007751464844,-44.97011947631836,-44.97016143798828,-44.97020721435547,-44.97024917602539,-44.97029495239258,-44.9703369140625,-44.97038269042969,-44.97042465209961,-44.9704704284668,-44.970516204833984,-44.97056198120117,-44.97060775756836,-44.97065353393555,-44.970699310302734,-44.97074508666992,-44.97079086303711,-44.9708366394043,-44.970882415771484,-44.97093200683594,-44.970977783203125,-44.97102737426758,-44.971073150634766,-44.97112274169922,-44.97117233276367,-44.97121810913086,-44.97126770019531,-44.971317291259766,-44.97136688232422,-44.97141647338867,-44.971466064453125,-44.97151565551758,-44.9715690612793,-44.97161865234375,-44.9716682434082,-44.97172164916992,-44.971771240234375,-44.971824645996094,-44.97187423706055,-44.971927642822266,-44.971981048583984,-44.9720344543457,-44.97208786010742,-44.972137451171875,-44.972190856933594,-44.97224426269531,-44.9723014831543,-44.972354888916016,-44.972408294677734,-44.97246170043945,-44.97251892089844,-44.972572326660156,-44.972625732421875,-44.97268295288086,-44.972740173339844,-44.97279357910156,-44.97285079956055,-44.972904205322266,-44.97296142578125,-44.97301483154297,-44.97307205200195,-44.973121643066406,-44.97317123413086,-44.97321319580078,-44.97323989868164,-44.973243713378906,-44.973201751708984,-44.97309112548828,-44.97289276123047,-44.97264862060547,-44.9725341796875,-44.97279357910156,-44.9733772277832,-44.973812103271484,-44.97377014160156,-44.9734992980957,-44.97346878051758,-44.97379684448242,-44.974098205566406,-44.97407531738281,-44.97392654418945,-44.97400665283203,-44.97427749633789,-44.97441482543945,-44.97435760498047,-44.97433853149414,-44.974483489990234,-44.974647521972656,-44.97468948364258,-44.974674224853516,-44.974735260009766,-44.97487258911133,-44.97496795654297,-44.974979400634766,-44.975006103515625,-44.9751091003418,-44.97521209716797,-44.975257873535156,-44.97528839111328,-44.9753532409668,-44.97544479370117,-44.97551727294922,-44.97555923461914,-44.975608825683594,-44.975685119628906,-44.97576141357422,-44.9758186340332,-44.975868225097656,-44.975929260253906,-44.97600173950195,-44.976070404052734,-44.97612380981445,-44.97617721557617,-44.97624206542969,-44.97631072998047,-44.976375579833984,-44.9764289855957,-44.97648620605469,-44.9765510559082,-44.97661590576172,-44.97667694091797,-44.97673416137695,-44.97679138183594,-44.97685241699219,-44.9769172668457,-44.97697830200195,-44.97703552246094,-44.97709274291992,-44.97715377807617,-44.97721481323242,-44.97727584838867,-44.977333068847656,-44.97739028930664,-44.97745132446289,-44.977508544921875,-44.977569580078125,-44.97762680053711,-44.977684020996094,-44.97774124145508,-44.97780227661133,-44.97785949707031,-44.9779167175293,-44.97797393798828,-44.978031158447266,-44.97808837890625,-44.978145599365234,-44.97819900512695,-44.97825622558594,-44.97831344604492,-44.97836685180664,-44.978424072265625,-44.978477478027344,-44.97853469848633,-44.97858810424805,-44.97864532470703,-44.97869873046875,-44.97875213623047,-44.97880554199219,-44.978858947753906,-44.978912353515625,-44.978965759277344,-44.97901916503906,-44.97907257080078,-44.979122161865234,-44.97917556762695,-44.979225158691406,-44.979278564453125,-44.97932815551758,-44.9793815612793,-44.97943115234375,-44.9794807434082,-44.979530334472656,-44.97957992553711,-44.97962951660156,-44.979679107666016,-44.97972869873047,-44.979774475097656,-44.97982406616211,-44.97987365722656,-44.97991943359375,-44.97996520996094,-44.98001480102539,-44.98006057739258,-44.980106353759766,-44.98015213012695,-44.98019790649414,-44.98024368286133,-44.98028564453125,-44.98033142089844,-44.980377197265625,-44.98041915893555,-44.980464935302734,-44.980506896972656,-44.98054885864258,-44.9805908203125,-44.98063278198242,-44.980674743652344,-44.980716705322266,-44.98075866699219,-44.98080062866211,-44.980838775634766,-44.98088073730469,-44.980918884277344,-44.980960845947266,-44.98099899291992,-44.98103713989258,-44.981075286865234,-44.98111343383789,-44.98115158081055,-44.9811897277832,-44.981224060058594,-44.98126220703125,-44.981300354003906,-44.9813346862793,-44.98136901855469,-44.981407165527344,-44.981441497802734,-44.981475830078125,-44.981510162353516,-44.981544494628906,-44.9815788269043,-44.98160934448242,-44.98164367675781,-44.9816780090332,-44.98170852661133,-44.98173904418945,-44.981773376464844,-44.98180389404297,-44.981834411621094,-44.98186492919922,-44.981895446777344,-44.98192596435547,-44.981956481933594,-44.98198318481445,-44.98201370239258,-44.98204040527344,-44.98207092285156,-44.98209762573242,-44.982120513916016,-44.982139587402344,-44.982154846191406,-44.982154846191406,-44.98212814331055,-44.98204803466797,-44.981876373291016,-44.98155975341797,-44.981082916259766,-44.98064422607422,-44.980712890625,-44.98151779174805,-44.98233413696289,-44.982330322265625,-44.981781005859375,-44.981632232666016,-44.98215103149414,-44.98255157470703,-44.982330322265625,-44.98204803466797,-44.982269287109375,-44.98262023925781,-44.98255920410156,-44.98234558105469,-44.982452392578125,-44.982704162597656,-44.982688903808594,-44.982547760009766,-44.98261642456055,-44.9827880859375,-44.9827880859375,-44.98270034790039,-44.98275375366211,-44.982872009277344,-44.98287582397461,-44.98282241821289,-44.98286437988281,-44.982948303222656,-44.98295593261719,-44.98292541503906,-44.98295593261719,-44.98301696777344,-44.983028411865234,-44.98301315307617,-44.98303985595703,-44.98308563232422,-44.983097076416016,-44.98309326171875,-44.98311233520508,-44.98314666748047,-44.98316192626953,-44.98316192626953,-44.983177185058594,-44.98320388793945,-44.983219146728516,-44.98322677612305,-44.983238220214844,-44.98325729370117,-44.9832763671875,-44.98328399658203,-44.98329162597656,-44.98331069946289,-44.98332595825195,-44.98333740234375,-44.98334503173828,-44.983360290527344,-44.98337173461914,-44.98338317871094,-44.983394622802734,-44.98340606689453,-44.98341751098633,-44.983428955078125,-44.98344039916992,-44.98344802856445,-44.98345947265625,-44.98347091674805,-44.983482360839844,-44.983489990234375,-44.98350143432617,-44.98351287841797,-44.9835205078125,-44.98352813720703,-44.98353958129883,-44.98354721069336,-44.983558654785156,-44.98356628417969,-44.98357391357422,-44.98358154296875,-44.98359298706055,-44.98360061645508,-44.98360824584961,-44.98361587524414,-44.98362350463867,-44.9836311340332,-44.983638763427734,-44.983646392822266,-44.9836540222168,-44.98366165161133,-44.98366928100586,-44.98367691040039,-44.98368453979492,-44.98368835449219
-33.95021057128906,-34.16029739379883,-34.36404037475586,-34.56069564819336,-34.75031280517578,-34.93283462524414,-35.10795593261719,-35.275428771972656,-35.43556594848633,-35.588584899902344,-35.73453903198242,-35.873748779296875,-36.00703430175781,-36.13568115234375,-36.26138687133789,-36.38613510131836,-36.511512756347656,-36.63846969604492,-36.767662048339844,-36.899818420410156,-37.03559875488281,-37.17513656616211,-37.318111419677734,-37.46440124511719,-37.613868713378906,-37.76565170288086,-37.918601989746094,-38.07204055786133,-38.225040435791016,-38.37611389160156,-38.52448654174805,-38.66899490356445,-38.80815887451172,-38.94142532348633,-39.06753921508789,-39.186065673828125,-39.296470642089844,-39.39830017089844,-39.491703033447266,-39.576568603515625,-39.653541564941406,-39.722835540771484,-39.78533172607422,-39.841522216796875,-39.892417907714844,-39.93867492675781,-39.98120880126953,-40.020660400390625,-40.06938552856445,-40.12233352661133,-40.177425384521484,-40.233482360839844,-40.28968048095703,-40.34543228149414,-40.4002799987793,-40.45391082763672,-40.50605010986328,-40.55658721923828,-40.60538864135742,-40.652496337890625,-40.697837829589844,-40.74150466918945,-40.78346252441406,-40.82381057739258,-40.86254119873047,-40.89972686767578,-40.9354133605957,-40.96965408325195,-41.0025520324707,-41.034156799316406,-41.0645751953125,-41.093875885009766,-41.12212371826172,-41.14938735961914,-41.175697326660156,-41.201087951660156,-41.22560119628906,-41.24925994873047,-41.272090911865234,-41.29415512084961,-41.315494537353516,-41.33616256713867,-41.35620880126953,-41.37570571899414,-41.39470672607422,-41.413265228271484,-41.43144226074219,-41.44929504394531,-41.466880798339844,-41.484256744384766,-41.50147247314453,-41.518558502197266,-41.5355110168457,-41.55220413208008,-41.568790435791016,-41.58631134033203,-41.60344314575195,-41.62001037597656,-41.637550354003906,-41.65435791015625,-41.67146301269531,-41.6888313293457,-41.70565414428711,-41.72314453125,-41.74017333984375,-41.75739288330078,-41.7747802734375,-41.79180908203125,-41.809268951416016,-41.82648849487305,-41.84373474121094,-41.86123275756836,-41.87847137451172,-41.89591979980469,-41.913475036621094,-41.930885314941406,-41.94852828979492,-41.96628189086914,-41.98399353027344,-42.00192642211914,-42.02009201049805,-42.038333892822266,-42.056800842285156,-42.075653076171875,-42.094844818115234,-42.114383697509766,-42.134403228759766,-42.15506362915039,-42.17643737792969,-42.198585510253906,-42.22159194946289,-42.24557876586914,-42.270652770996094,-42.29690170288086,-42.32438278198242,-42.353153228759766,-42.38330841064453,-42.41498565673828,-42.4481315612793,-42.48236083984375,-42.51735305786133,-42.55301284790039,-42.589263916015625,-42.62602615356445,-42.66307067871094,-42.69983673095703,-42.73573684692383,-42.770484924316406,-42.8039665222168,-42.836124420166016,-42.86688232421875,-42.89594268798828,-42.92290496826172,-42.94767761230469,-42.970462799072266,-42.991573333740234,-43.011253356933594,-43.029541015625,-43.04638671875,-43.06193923950195,-43.07656478881836,-43.09062576293945,-43.10431671142578,-43.11762619018555,-43.13052749633789,-43.14313507080078,-43.1556396484375,-43.16817092895508,-43.180702209472656,-43.19313430786133,-43.205406188964844,-43.22325897216797,-43.24333572387695,-43.264705657958984,-43.28670120239258,-43.309024810791016,-43.3315544128418,-43.35417938232422,-43.376861572265625,-43.39967727661133,-43.422664642333984,-43.445743560791016,-43.46881866455078,-43.491851806640625,-43.514793395996094,-43.537574768066406,-43.56013107299805,-43.58245849609375,-43.60456466674805,-43.62644577026367,-43.64808654785156,-43.669498443603516,-43.69070053100586,-43.71168518066406,-43.7324333190918,-43.7529296875,-43.773170471191406,-43.793148040771484,-43.81285095214844,-43.832275390625,-43.85142135620117,-43.87030792236328,-43.888946533203125,-43.907344818115234,-43.92551803588867,-43.9434814453125,-43.961246490478516,-43.97882843017578,-43.99623107910156,-44.013465881347656,-44.03053283691406,-44.04743957519531,-44.064186096191406,-44.08078384399414,-44.097232818603516,-44.113525390625,-44.12967300415039,-44.14566421508789,-44.16150665283203,-44.177188873291016,-44.19270706176758,-44.20806121826172,-44.22323989868164,-44.23823928833008,-44.253055572509766,-44.26768112182617,-44.28211212158203,-44.29634475708008,-44.31037902832031,-44.324214935302734,-44.33784484863281,-44.35127258300781,-44.36449432373047,-44.37751007080078,-44.390316009521484,-44.40291213989258,-44.41529846191406,-44.42747116088867,-44.43942642211914,-44.4511604309082,-44.46265411376953,-44.47386169433594,-44.4847297668457,-44.495243072509766,-44.505680084228516,-44.5165901184082,-44.527713775634766,-44.53798294067383,-44.547454833984375,-44.557212829589844,-44.56736755371094,-44.57691192626953,-44.58584976196289,-44.59505844116211,-44.60439682006836,-44.613155364990234,-44.621646881103516,-44.63038635253906,-44.63897705078125,-44.64712142944336,-44.65525436401367,-44.663490295410156,-44.671451568603516,-44.67917251586914,-44.68696212768555,-44.69472122192383,-44.70223617553711,-44.70966339111328,-44.71715545654297,-44.72456359863281,-44.73182678222656,-44.73908996582031,-44.74640655517578,-44.75366973876953,-44.76087951660156,-44.76814270019531,-44.77546691894531,-44.78279495239258,-44.79013442993164,-44.79755783081055,-44.80506896972656,-44.812618255615234,-44.820220947265625,-44.82790756225586,-44.835689544677734,-44.843528747558594,-44.85142135620117,-44.859378814697266,-44.86740493774414,-44.8754768371582,-44.88357925415039,-44.891700744628906,-44.899837493896484,-44.90798568725586,-44.91611862182617,-44.92421340942383,-44.93225860595703,-44.94025421142578,-44.94817352294922,-44.95600128173828,-44.963722229003906,-44.9713134765625,-44.9787712097168,-44.986080169677734,-44.993228912353516,-45.00019836425781,-45.006980895996094,-45.0135612487793,-45.019935607910156,-45.02609634399414,-45.03203582763672,-45.03774642944336,-45.0432243347168,-45.048465728759766,-45.05347442626953,-45.0582389831543,-45.06277084350586,-45.06706619262695,-45.071128845214844,-45.0749626159668,-45.07857131958008,-45.081966400146484,-45.08514404296875,-45.08811569213867,-45.09089279174805,-45.093475341796875,-45.09587478637695,-45.09809875488281,-45.10015869140625,-45.10205841064453,-45.10381317138672,-45.10542297363281,-45.106903076171875,-45.10825729370117,-45.109493255615234,-45.110626220703125,-45.11165237426758,-45.112586975097656,-45.113433837890625,-45.11419677734375,-45.11488342285156,-45.1154899597168,-45.11601257324219,-45.116451263427734,-45.11678695678711,-45.11701583862305,-45.11716842651367,-45.11736297607422,-45.11777877807617,-45.118408203125,-45.118961334228516,-45.11916732788086,-45.1191291809082,-45.11915969848633,-45.11943435668945,-45.11979293823242,-45.119956970214844,-45.11992263793945,-45.11992263793945,-45.12009048461914,-45.120296478271484,-45.120365142822266,-45.12032699584961,-45.12034606933594,-45.120460510253906,-45.120567321777344,-45.120582580566406,-45.12055587768555,-45.120582580566406,-45.12065887451172,-45.12070846557617,-45.12070083618164,-45.120689392089844,-45.12071228027344,-45.120758056640625,-45.12078094482422,-45.12077331542969,-45.120765686035156,-45.12078094482422,-45.12080764770508,-45.120819091796875,-45.120811462402344,-45.12080764770508,-45.120819091796875
-34.648712158203125,-34.811763763427734,-34.96687316894531,-35.11705780029297,-35.26523208618164,-35.412322998046875,-35.557369232177734,-35.69921875,-35.837284088134766,-35.97183609008789,-36.104270935058594,-36.237247467041016,-36.37429428100586,-36.51858901977539,-36.671478271484375,-36.83167266845703,-36.99555587768555,-37.158634185791016,-37.3180046081543,-37.47441101074219,-37.630916595458984,-37.78852462768555,-37.944156646728516,-38.09274673461914,-38.231597900390625,-38.36394119262695,-38.49588394165039,-38.628719329833984,-38.75795364379883,-38.879478454589844,-38.99519729614258,-39.110103607177734,-39.22461700439453,-39.33474349975586,-39.438724517822266,-39.540374755859375,-39.64323806762695,-39.745025634765625,-39.84194564819336,-39.934722900390625,-40.025909423828125,-40.11423873901367,-40.19700241088867,-40.2755126953125,-40.35319900512695,-40.430145263671875,-40.50491714477539,-40.57891845703125,-40.65403747558594,-40.729068756103516,-40.802703857421875,-40.87624740600586,-40.95028305053711,-41.0233154296875,-41.0952262878418,-41.16709899902344,-41.238136291503906,-41.30728530883789,-41.3752326965332,-41.441864013671875,-41.5059814453125,-41.56768798828125,-41.62704086303711,-41.68296432495117,-41.73531723022461,-41.78449630737305,-41.8300895690918,-41.87234878540039,-41.912052154541016,-41.94919967651367,-41.988983154296875,-42.030982971191406,-42.07383728027344,-42.11677551269531,-42.159515380859375,-42.20161819458008,-42.24264144897461,-42.28244400024414,-42.32082748413086,-42.35750961303711,-42.39244842529297,-42.42563247680664,-42.456939697265625,-42.48638916015625,-42.514060974121094,-42.53993225097656,-42.564083099365234,-42.586669921875,-42.607791900634766,-42.627601623535156,-42.64631652832031,-42.6640739440918,-42.681034088134766,-42.69736099243164,-42.713165283203125,-42.728538513183594,-42.74358367919922,-42.75835418701172,-42.772884368896484,-42.7872314453125,-42.8014030456543,-42.81542205810547,-42.82931137084961,-42.84307098388672,-42.85670852661133,-42.87023162841797,-42.88362503051758,-42.89688491821289,-42.91000747680664,-42.922969818115234,-42.93576431274414,-42.9483757019043,-42.960784912109375,-42.97297668457031,-42.98493194580078,-42.99663543701172,-43.00807189941406,-43.01922607421875,-43.03009033203125,-43.04064178466797,-43.05088424682617,-43.06081008911133,-43.07041931152344,-43.0797119140625,-43.08869171142578,-43.09736251831055,-43.11116027832031,-43.12664031982422,-43.14299011230469,-43.159828186035156,-43.17677688598633,-43.19357681274414,-43.210060119628906,-43.226131439208984,-43.241703033447266,-43.25669479370117,-43.271034240722656,-43.284698486328125,-43.29770278930664,-43.31003189086914,-43.32168960571289,-43.33268356323242,-43.343040466308594,-43.35279846191406,-43.36199188232422,-43.37065124511719,-43.37880325317383,-43.38648986816406,-43.39375305175781,-43.40062713623047,-43.40713882446289,-43.41332244873047,-43.41920471191406,-43.42481231689453,-43.43016815185547,-43.4352912902832,-43.44020080566406,-43.44490432739258,-43.449424743652344,-43.45376968383789,-43.45794677734375,-43.46196746826172,-43.46583938598633,-43.469566345214844,-43.47315979003906,-43.476619720458984,-43.479957580566406,-43.48317337036133,-43.486270904541016,-43.489261627197266,-43.492149353027344,-43.49493408203125,-43.49761962890625,-43.50021743774414,-43.50272750854492,-43.50515365600586,-43.507503509521484,-43.5097770690918,-43.511985778808594,-43.51412582397461,-43.51620101928711,-43.51822280883789,-43.52018737792969,-43.522098541259766,-43.52396011352539,-43.525779724121094,-43.52755355834961,-43.5292854309082,-43.530975341796875,-43.532630920410156,-43.53425216674805,-43.53583908081055,-43.53739547729492,-43.53892135620117,-43.5404167175293,-43.54188537597656,-43.54332733154297,-43.54474639892578,-43.546142578125,-43.547515869140625,-43.548866271972656,-43.55019760131836,-43.551509857177734,-43.55280685424805,-43.55408477783203,-43.55534744262695,-43.55659484863281,-43.557830810546875,-43.559051513671875,-43.56026077270508,-43.561458587646484,-43.56264877319336,-43.5638313293457,-43.56500244140625,-43.566165924072266,-43.567325592041016,-43.568477630615234,-43.56962585449219,-43.570770263671875,-43.5719108581543,-43.57304382324219,-43.574180603027344,-43.575313568115234,-43.57644271850586,-43.577571868896484,-43.57870101928711,-43.579830169677734,-43.580963134765625,-43.58209228515625,-43.58322525024414,-43.5843620300293,-43.58549880981445,-43.58663558959961,-43.5877799987793,-43.588924407958984,-43.59007263183594,-43.591224670410156,-43.59238052368164,-43.59354019165039,-43.594703674316406,-43.59587478637695,-43.597049713134766,-43.598228454589844,-43.59941101074219,-43.60060119628906,-43.6017951965332,-43.602996826171875,-43.60420227050781,-43.60541534423828,-43.60663604736328,-43.60786056518555,-43.60908889770508,-43.610328674316406,-43.611572265625,-43.61281967163086,-43.614078521728516,-43.61534118652344,-43.61661148071289,-43.61789321899414,-43.61917495727539,-43.62046813964844,-43.621768951416016,-43.623077392578125,-43.62439727783203,-43.6257209777832,-43.62705612182617,-43.62839889526367,-43.62975311279297,-43.6311149597168,-43.63249206542969,-43.63387680053711,-43.63527297973633,-43.63668441772461,-43.63810729980469,-43.63954162597656,-43.640995025634766,-43.642459869384766,-43.643943786621094,-43.64544677734375,-43.646968841552734,-43.64850997924805,-43.65007400512695,-43.65166091918945,-43.65327072143555,-43.654911041259766,-43.656578063964844,-43.65827560424805,-43.660003662109375,-43.66176986694336,-43.66357421875,-43.6654167175293,-43.667301177978516,-43.66923141479492,-43.67121505737305,-43.67324447631836,-43.67533493041992,-43.67748260498047,-43.67969512939453,-43.68197250366211,-43.684326171875,-43.68675231933594,-43.68926239013672,-43.69186019897461,-43.694549560546875,-43.69733810424805,-43.700225830078125,-43.70322799682617,-43.70634460449219,-43.7095832824707,-43.71295166015625,-43.716453552246094,-43.72010040283203,-43.723899841308594,-43.72785186767578,-43.731971740722656,-43.736263275146484,-43.7407341003418,-43.745391845703125,-43.750240325927734,-43.75528335571289,-43.760536193847656,-43.7659912109375,-43.771663665771484,-43.777549743652344,-43.783653259277344,-43.789974212646484,-43.796512603759766,-43.80326461791992,-43.81022644042969,-43.81739044189453,-43.82474899291992,-43.83229446411133,-43.84001159667969,-43.84788513183594,-43.855899810791016,-43.86403274536133,-43.87226486206055,-43.88057327270508,-43.88893127441406,-43.89731216430664,-43.90570068359375,-43.91405487060547,-43.92235565185547,-43.93057632446289,-43.938690185546875,-43.94667053222656,-43.95449447631836,-43.96213912963867,-43.96958923339844,-43.9768180847168,-43.98381805419922,-43.99057388305664,-43.99707794189453,-44.00331497192383,-44.009281158447266,-44.01497268676758,-44.020389556884766,-44.02553176879883,-44.0303955078125,-44.03498840332031,-44.03931427001953,-44.04337692260742,-44.047183990478516,-44.050743103027344,-44.05406188964844,-44.057151794433594,-44.060020446777344,-44.06267547607422,-44.06513214111328,-44.06739807128906,-44.069480895996094,-44.07139587402344,-44.073150634765625,-44.07475280761719,-44.07622146606445,-44.07755661010742,-44.078773498535156,-44.07987594604492,-44.08087921142578,-44.081787109375,-44.082611083984375,-44.083351135253906,-44.084022521972656,-44.084625244140625,-44.085166931152344,-44.085655212402344,-44.086097717285156,-44.086490631103516,-44.08684539794922,-44.08716583251953,-44.08745193481445,-44.08770751953125,-44.08793640136719,-44.0881462097168,-44.08833312988281,-44.088497161865234,-44.08864974975586,-44.08877944946289,-44.08889389038086,-44.088985443115234,-44.08903503417969,-44.089019775390625,-44.08888244628906,-44.08853530883789,-44.08793258666992,-44.087303161621094,-44.08739471435547,-44.088592529296875,-44.089691162109375,-44.08946990966797,-44.08871078491211,-44.08888626098633,-44.08977508544922,-44.089927673339844,-44.08939743041992,-44.089447021484375,-44.09005355834961,-44.09012222290039,-44.089778900146484,-44.08991241455078,-44.09031295776367,-44.09027099609375,-44.09008026123047,-44.090274810791016,-44.09050750732422,-44.090415954589844,-44.090354919433594,-44.09054946899414,-44.09065628051758,-44.090572357177734,-44.090599060058594,-44.090755462646484,-44.090789794921875,-44.09074401855469,-44.0908088684082,-44.09091567993164,-44.09092330932617,-44.090911865234375,-44.09098434448242,-44.09105682373047,-44.09105682373047,-44.09107208251953,-44.09113693237305,-44.0911865234375,-44.09119415283203,-44.09122085571289,-44.09127426147461,-44.091312408447266,-44.09132766723633,-44.09135818481445,-44.09140396118164,-44.09143829345703,-44.09145736694336,-44.091487884521484,-44.091529846191406,-44.09156036376953,-44.091583251953125,-44.09161376953125,-44.091651916503906,-44.09168243408203,-44.09170913696289,-44.091739654541016,-44.091773986816406,-44.09180450439453,-44.09183120727539,-44.091861724853516,-44.091896057128906,-44.0919303894043,-44.091957092285156,-44.09198760986328,-44.09202194213867,-44.0920524597168,-44.09208679199219,-44.09211730957031,-44.09214782714844,-44.09218215942383,-44.09221649169922,-44.092247009277344,-44.092281341552734,-44.092315673828125,-44.092350006103516,-44.092384338378906,-44.09242248535156,-44.09245681762695,-44.09249496459961,-44.092529296875,-44.092567443847656,-44.09260559082031,-44.09264373779297,-44.092681884765625,-44.09272003173828,-44.0927619934082,-44.09280014038086,-44.09284210205078,-44.0928840637207,-44.09292984008789,-44.09297180175781,-44.093017578125,-44.09306335449219,-44.093109130859375,-44.09315490722656,-44.093204498291016,-44.09325408935547,-44.09330368041992,-44.09335708618164,-44.09341049194336,-44.09346389770508,-44.0935173034668,-44.09357452392578,-44.093631744384766,-44.093692779541016,-44.093753814697266,-44.093814849853516,-44.093875885009766,-44.09394454956055,-44.09400939941406,-44.094078063964844,-44.094146728515625,-44.09421920776367,-44.094295501708984,-44.0943717956543,-44.09444808959961,-44.09452819824219,-44.09461212158203,-44.094696044921875,-44.094783782958984,-44.094871520996094,-44.09496307373047,-44.09505844116211,-44.095157623291016,-44.09525680541992,-44.095359802246094,-44.09546661376953,-44.09557342529297,-44.09568786621094,-44.095802307128906,-44.09592056274414,-44.09604263305664,-44.096168518066406,-44.09629821777344,-44.096431732177734,-44.0965690612793,-44.09671401977539,-44.096858978271484,-44.097007751464844,-44.097164154052734,-44.09732437133789,-44.09748840332031,-44.09765625,-44.09783172607422,-44.0980110168457,-44.09819412231445,-44.098384857177734,-44.09858322143555,-44.098785400390625,-44.09899139404297,-44.099205017089844,-44.09942626953125,-44.09965515136719,-44.09988784790039,-44.100128173828125,-44.100372314453125,-44.10062789916992,-44.10089111328125,-44.101158142089844,-44.10143280029297,-44.10171890258789,-44.10200881958008,-44.10231018066406,-44.10261535644531,-44.10293197631836,-44.10325622558594,-44.10358810424805,-44.10393142700195,-44.104278564453125,-44.104637145996094,-44.10500717163086,-44.10538101196289,-44.10576629638672,-44.10615921020508,-44.106563568115234,-44.10697555541992,-44.10739517211914,-44.107826232910156,-44.1082649230957,-44.10871505737305,-44.10917282104492,-44.10963821411133,-44.110111236572266,-44.110595703125,-44.111087799072266,-44.11159133911133,-44.112098693847656,-44.11261749267578,-44.11314392089844,-44.113677978515625,-44.114219665527344,-44.114768981933594,-44.11532974243164,-44.11589431762695,-44.1164665222168,-44.117042541503906,-44.11763000488281,-44.118221282958984,-44.11882019042969,-44.119422912597656,-44.120033264160156,-44.120643615722656,-44.12126159667969,-44.12187576293945,-44.12248611450195,-44.12308120727539,-44.123653411865234,-44.12417984008789,-44.1246223449707,-44.12495040893555,-44.12517166137695,-44.12541580200195,-44.12599182128906,-44.12715148925781,-44.128623962402344,-44.12972640991211,-44.13016128540039,-44.1303596496582,-44.130924224853516,-44.13198471069336,-44.1330451965332,-44.133670806884766,-44.134037017822266,-44.134620666503906,-44.135528564453125,-44.136417388916016,-44.13701629638672,-44.13749313354492,-44.138145446777344,-44.13896942138672,-44.13971710205078,-44.14028549194336,-44.140830993652344,-44.141502380371094,-44.142242431640625,-44.14289474487305,-44.14345169067383,-44.14402389526367,-44.14467239379883,-44.14533233642578,-44.14592361450195,-44.146461486816406,-44.14702606201172,-44.14762878417969,-44.148216247558594,-44.14875793457031,-44.14927291870117,-44.14980697631836,-44.150352478027344,-44.15087890625,-44.15137481689453,-44.15185546875,-44.152339935302734,-44.152828216552734,-44.15330123901367,-44.153751373291016,-44.1541862487793,-44.15462112426758,-44.155052185058594,-44.15547180175781,-44.15587615966797,-44.1562614440918,-44.156646728515625,-44.15702438354492,-44.15739440917969,-44.157745361328125,-44.15808868408203,-44.15842056274414,-44.158748626708984,-44.15906524658203,-44.15937423706055,-44.15966796875,-44.15995407104492,-44.16023635864258,-44.16050720214844,-44.160770416259766,-44.1610221862793,-44.1612663269043,-44.16150665283203,-44.16173553466797,-44.161956787109375,-44.16217041015625,-44.162376403808594,-44.162574768066406,-44.16276931762695,-44.1629524230957,-44.16313171386719,-44.16330337524414,-44.16347122192383,-44.16362762451172,-44.16378402709961,-44.16393280029297,-44.1640739440918,-44.16421127319336,-44.16434097290039,-44.164466857910156,-44.164588928222656,-44.164703369140625,-44.164817810058594,-44.16492462158203,-44.1650276184082,-44.16512680053711,-44.16522216796875,-44.16530990600586,-44.16539764404297,-44.16548156738281,-44.16556167602539,-44.1656379699707,-44.16571044921875,-44.1657829284668,-44.16584777832031,-44.16591262817383,-44.16597366333008,-44.16603469848633,-44.16608810424805,-44.166141510009766,-44.166194915771484,-44.16624450683594,-44.166290283203125,-44.16633605957031,-44.166378021240234,-44.166419982910156,-44.16645812988281,-44.16649627685547,-44.16653060913086,-44.16656494140625,-44.166595458984375,-44.166629791259766,-44.166656494140625,-44.16668701171875,-44.16671371459961,-44.1667366027832,-44.16676330566406,-44.166786193847656,-44.16680908203125,-44.16682815551758,-44.166847229003906,-44.166866302490234,-44.16688537597656,-44.16690444946289,-44.16691970825195,-44.166934967041016,-44.16695022583008,-44.16696548461914,-44.1669807434082,-44.1669921875,-44.1670036315918,-44.167015075683594,-44.16702651977539,-44.16703796386719,-44.167049407958984,-44.167057037353516,-44.16706466674805,-44.167076110839844,-44.167083740234375,-44.167091369628906,-44.16709899902344,-44.16710662841797,-44.1671142578125,-44.167118072509766,-44.1671257019043,-44.16712951660156
-31.747406005859375,-31.884979248046875,-32.02059555053711,-32.15360641479492,-32.283607482910156,-32.410499572753906,-32.53457260131836,-32.65648651123047,-32.777130126953125,-32.89745330810547,-33.018402099609375,-33.14097595214844,-33.266292572021484,-33.395626068115234,-33.530303955078125,-33.67131805419922,-33.8188362121582,-33.97180938720703,-34.12813186645508,-34.28583908081055,-34.44552993774414,-34.61011505126953,-34.78042221069336,-34.95375442504883,-35.12522888183594,-35.29005813598633,-35.44746017456055,-35.60147476196289,-35.75469207763672,-35.906002044677734,-36.05256652832031,-36.1919059753418,-36.324466705322266,-36.45466613769531,-36.58614730834961,-36.71761703491211,-36.8455810546875,-36.96931457519531,-37.09215545654297,-37.216773986816406,-37.341835021972656,-37.46477508544922,-37.58612060546875,-37.70929718017578,-37.83560562133789,-37.96290588378906,-38.08976745605469,-38.217716217041016,-38.34739303588867,-38.47603225708008,-38.60120391845703,-38.7239875793457,-38.84502410888672,-38.9621696472168,-39.075435638427734,-39.18752670288086,-39.29833221435547,-39.40683364868164,-39.51493453979492,-39.62272644042969,-39.728519439697266,-39.833778381347656,-39.93877029418945,-40.042259216308594,-40.14564514160156,-40.24789810180664,-40.34773254394531,-40.44565963745117,-40.53989028930664,-40.631126403808594,-40.719295501708984,-40.80414962768555,-40.88646697998047,-40.96510696411133,-41.04076385498047,-41.11235046386719,-41.18047332763672,-41.244510650634766,-41.305015563964844,-41.361637115478516,-41.414886474609375,-41.46458053588867,-41.51136016845703,-41.555179595947266,-41.5968017578125,-41.639225006103516,-41.68339538574219,-41.72789764404297,-41.772315979003906,-41.816139221191406,-41.859439849853516,-41.90193557739258,-41.9436149597168,-41.98417282104492,-42.02363967895508,-42.0618896484375,-42.099002838134766,-42.13493728637695,-42.16975021362305,-42.203487396240234,-42.23622131347656,-42.26809310913086,-42.299156188964844,-42.32957458496094,-42.35939025878906,-42.388729095458984,-42.41765594482422,-42.44626235961914,-42.47465896606445,-42.5029182434082,-42.531131744384766,-42.55933380126953,-42.587581634521484,-42.615928649902344,-42.644405364990234,-42.67305374145508,-42.7018928527832,-42.73093032836914,-42.760189056396484,-42.789669036865234,-42.81936264038086,-42.84925079345703,-42.87929916381836,-42.90946578979492,-42.93971252441406,-42.96998977661133,-43.0002326965332,-43.0303840637207,-43.060367584228516,-43.09010696411133,-43.11952209472656,-43.14853286743164,-43.17704772949219,-43.204994201660156,-43.23229217529297,-43.258888244628906,-43.28472900390625,-43.30976486206055,-43.3339729309082,-43.35733413696289,-43.37983703613281,-43.401493072509766,-43.42231750488281,-43.44232940673828,-43.46156311035156,-43.48004913330078,-43.49782943725586,-43.51494216918945,-43.53142547607422,-43.54732131958008,-43.56266784667969,-43.57750701904297,-43.591880798339844,-43.60582733154297,-43.619384765625,-43.63258361816406,-43.64545440673828,-43.658016204833984,-43.67025375366211,-43.69166946411133,-43.71626663208008,-43.74250793457031,-43.769378662109375,-43.79623031616211,-43.82278823852539,-43.84898376464844,-43.87474822998047,-43.89991760253906,-43.92424774169922,-43.947547912597656,-43.96977615356445,-43.991004943847656,-44.011356353759766,-44.03092575073242,-44.049800872802734,-44.068058013916016,-44.08580780029297,-44.10318374633789,-44.12031936645508,-44.1373176574707,-44.154258728027344,-44.17121124267578,-44.188228607177734,-44.205360412597656,-44.22266387939453,-44.24018096923828,-44.2579345703125,-44.27592849731445,-44.29414749145508,-44.31257629394531,-44.33118438720703,-44.34994888305664,-44.368839263916016,-44.387840270996094,-44.406925201416016,-44.426082611083984,-44.44529724121094,-44.464542388916016,-44.48380661010742,-44.50307083129883,-44.522315979003906,-44.54152297973633,-44.56067657470703,-44.57975769042969,-44.5987434387207,-44.61760711669922,-44.636329650878906,-44.654869079589844,-44.673187255859375,-44.69120407104492,-44.70879364013672,-44.725765228271484,-44.742122650146484,-44.75876998901367,-44.77665328979492,-44.79387664794922,-44.808841705322266,-44.823665618896484,-44.839595794677734,-44.85431671142578,-44.86756896972656,-44.8814811706543,-44.895145416259766,-44.907283782958984,-44.91944885253906,-44.93170928955078,-44.9427490234375,-44.95344543457031,-44.96428298950195,-44.974220275878906,-44.98365020751953,-44.9931755065918,-45.002071380615234,-45.01041030883789,-45.018775939941406,-45.02672576904297,-45.034141540527344,-45.04150390625,-45.048606872558594,-45.055240631103516,-45.06174087524414,-45.068084716796875,-45.07404327392578,-45.079803466796875,-45.0854606628418,-45.0908203125,-45.0959358215332,-45.100948333740234,-45.10575485229492,-45.11030578613281,-45.11471939086914,-45.118988037109375,-45.12302780151367,-45.12689971923828,-45.13064956665039,-45.13421630859375,-45.13759994506836,-45.14085388183594,-45.14397048950195,-45.14691925048828,-45.14972686767578,-45.15242004394531,-45.15497589111328,-45.15739440917969,-45.159698486328125,-45.16189956665039,-45.16398239135742,-45.165950775146484,-45.16783142089844,-45.169620513916016,-45.17131042480469,-45.172916412353516,-45.174442291259766,-45.175899505615234,-45.17728042602539,-45.178592681884766,-45.17984390258789,-45.18103790283203,-45.18217468261719,-45.183258056640625,-45.18429183959961,-45.18528366088867,-45.18622970581055,-45.187137603759766,-45.18800735473633,-45.1888427734375,-45.18964385986328,-45.19041442871094,-45.191158294677734,-45.191871643066406,-45.192562103271484,-45.1932258605957,-45.193870544433594,-45.194488525390625,-45.195091247558594,-45.195674896240234,-45.19623947143555,-45.19678497314453,-45.19731521606445,-45.19783020019531,-45.19832992553711,-45.19881820678711,-45.19929122924805,-45.19975280761719,-45.200199127197266,-45.20063781738281,-45.20106506347656,-45.201480865478516,-45.20188522338867,-45.2022819519043,-45.20267105102539,-45.20304870605469,-45.20342254638672,-45.20378494262695,-45.204139709472656,-45.204490661621094,-45.204830169677734,-45.20516586303711,-45.20549774169922,-45.2058219909668,-45.206138610839844,-45.20645523071289,-45.206764221191406,-45.20706558227539,-45.207366943359375,-45.20766067504883,-45.207950592041016,-45.20823669433594,-45.208518981933594,-45.20880126953125,-45.209075927734375,-45.209346771240234,-45.209617614746094,-45.20988082885742,-45.21014404296875,-45.21040344238281,-45.21065902709961,-45.210914611816406,-45.21116256713867,-45.21141052246094,-45.21165466308594,-45.21189880371094,-45.21213912963867,-45.21237564086914,-45.21261215209961,-45.21284484863281,-45.21307373046875,-45.21330261230469,-45.21352767944336,-45.213748931884766,-45.21397018432617,-45.21418762207031,-45.21440124511719,-45.21461486816406,-45.21482849121094,-45.21503829956055,-45.21524429321289,-45.215450286865234,-45.21565246582031,-45.215850830078125,-45.21604919433594,-45.21624755859375,-45.2164421081543,-45.21663284301758,-45.21682357788086,-45.217010498046875,-45.21719741821289,-45.21738052368164,-45.217559814453125,-45.21773910522461,-45.21791458129883,-45.21808624267578,-45.2182502746582,-45.21839904785156,-45.218528747558594,-45.21860885620117,-45.21860122680664,-45.21843719482422,-45.21805191040039,-45.21755599975586,-45.217464447021484,-45.218345642089844,-45.21961975097656,-45.2199821472168,-45.21943664550781,-45.21924591064453,-45.21998977661133,-45.220645904541016,-45.220462799072266,-45.22023391723633,-45.2206916809082,-45.22120666503906,-45.22113800048828,-45.22102737426758,-45.22138595581055,-45.22174835205078,-45.22171401977539,-45.221702575683594,-45.222007751464844,-45.22225570678711,-45.22224426269531,-45.22230529785156,-45.22256088256836,-45.22273254394531,-45.222747802734375,-45.22284698486328,-45.22305679321289,-45.22318649291992,-45.223228454589844,-45.22333908081055,-45.2235107421875,-45.22361755371094,-45.22367858886719,-45.22378921508789,-45.223934173583984,-45.224029541015625,-45.224098205566406,-45.224205017089844,-45.224327087402344,-45.22441864013672,-45.22449493408203,-45.22459030151367,-45.224700927734375,-45.224788665771484,-45.22486114501953,-45.224952697753906,-45.22504806518555,-45.225135803222656,-45.2252082824707,-45.22529220581055,-45.225379943847656,-45.225460052490234,-45.22553253173828,-45.225608825683594,-45.22568893432617,-45.22576904296875,-45.2258415222168,-45.22591018676758,-45.225982666015625,-45.22605895996094,-45.22612762451172,-45.226192474365234,-45.226261138916016,-45.2263298034668,-45.22639465332031,-45.22645950317383,-45.22652053833008,-45.226585388183594,-45.226646423339844,-45.226707458496094,-45.226768493652344,-45.22682571411133,-45.22688674926758,-45.22694396972656,-45.22700119018555,-45.227054595947266,-45.227108001708984,-45.22716522216797,-45.22721862792969,-45.22726821899414,-45.22732162475586,-45.22737121582031,-45.227420806884766,-45.22747039794922,-45.22751998901367,-45.227569580078125,-45.22761535644531,-45.2276611328125,-45.22770690917969,-45.227752685546875,-45.22779846191406,-45.227840423583984,-45.227882385253906,-45.227928161621094,-45.227970123291016,-45.22800827026367,-45.228050231933594,-45.228092193603516,-45.22813034057617,-45.22816848754883,-45.228206634521484,-45.22824478149414,-45.2282829284668,-45.22832107543945,-45.228355407714844,-45.2283935546875,-45.22842788696289,-45.22846221923828,-45.22849655151367,-45.22853088378906,-45.22856521606445,-45.22859573364258,-45.22863006591797,-45.228660583496094,-45.228694915771484,-45.22872543334961,-45.228755950927734,-45.22878646850586,-45.228816986083984,-45.22884750366211,-45.22887420654297,-45.228904724121094,-45.22893142700195,-45.22896194458008,-45.22898864746094,-45.2290153503418,-45.229042053222656,-45.229068756103516,-45.229095458984375,-45.229122161865234,-45.229148864746094,-45.22917556762695,-45.22919845581055,-45.229225158691406,-45.229248046875,-45.22927474975586,-45.22929763793945,-45.22932052612305,-45.22934341430664,-45.2293701171875,-45.229393005371094,-45.22941589355469,-45.229434967041016,-45.22945785522461,-45.2294807434082,-45.2295036315918,-45.229522705078125,-45.22954559326172,-45.22956848144531,-45.22958755493164,-45.229610443115234,-45.22962951660156,-45.22964859008789,-45.229671478271484,-45.22969055175781,-45.22970962524414,-45.22972869873047,-45.2297477722168,-45.229766845703125,-45.22978591918945,-45.22980499267578,-45.22982406616211,-45.22984313964844,-45.229862213134766,-45.229881286621094,-45.22990036010742,-45.229915618896484,-45.22993469238281,-45.22995376586914,-45.2299690246582,-45.22998809814453,-45.23000717163086,-45.23002243041992,-45.23004150390625,-45.23005676269531,-45.230072021484375,-45.2300910949707,-45.230106353759766,-45.230125427246094,-45.230140686035156,-45.23015594482422,-45.23017120361328,-45.23019027709961,-45.23020553588867,-45.230220794677734,-45.2302360534668,-45.23025131225586,-45.230262756347656,-45.23027420043945,-45.230281829833984,-45.23028564453125,-45.23027038574219,-45.2302360534668,-45.23014831542969,-45.22997283935547,-45.229652404785156,-45.2291374206543,-45.228511810302734,-45.228153228759766,-45.22861099243164,-45.229740142822266,-45.230464935302734,-45.23016357421875,-45.22949981689453,-45.2294921875,-45.230167388916016,-45.230552673339844,-45.23023986816406,-45.22990417480469,-45.23014831542969,-45.230567932128906,-45.23053741455078,-45.23025894165039,-45.230289459228516,-45.23058319091797,-45.23066711425781,-45.23049545288086,-45.23044967651367,-45.230628967285156,-45.23073959350586,-45.23065185546875,-45.2305908203125,-45.23069381713867,-45.23079299926758,-45.23076248168945,-45.230709075927734,-45.23075866699219,-45.23084259033203,-45.2308464050293,-45.23080825805664,-45.230831146240234,-45.230892181396484,-45.23091506958008,-45.23089599609375,-45.230899810791016,-45.23094177246094,-45.23097229003906,-45.23097229003906,-45.2309684753418,-45.230995178222656,-45.23102569580078,-45.23103713989258,-45.23103713989258,-45.231048583984375,-45.231075286865234,-45.23109436035156,-45.231101989746094,-45.231109619140625,-45.23112869262695,-45.23114776611328,-45.23115921020508,-45.23116683959961,-45.23118209838867,-45.231197357177734,-45.23121643066406,-45.231224060058594,-45.23123550415039,-45.23125076293945,-45.231266021728516,-45.23128128051758,-45.231292724609375,-45.23130416870117,-45.231319427490234,-45.2313346862793,-45.231346130371094,-45.23135757446289,-45.23137283325195,-45.23138427734375,-45.23139953613281,-45.231414794921875,-45.23142623901367,-45.23143768310547,-45.23145294189453,-45.23146438598633,-45.23147964477539,-45.23149108886719,-45.23150634765625,-45.23151779174805,-45.23153305053711,-45.231544494628906,-45.23155975341797,-45.231571197509766,-45.23158264160156,-45.231597900390625,-45.23160934448242,-45.231624603271484,-45.23163604736328,-45.231651306152344,-45.23166275024414,-45.2316780090332,-45.231689453125,-45.23170471191406,-45.23171615600586,-45.231727600097656,-45.23174285888672,-45.231754302978516,-45.23176956176758,-45.231781005859375,-45.23179626464844,-45.231807708740234,-45.2318229675293,-45.231834411621094,-45.23184585571289,-45.23186111450195,-45.23187255859375,-45.23188781738281,-45.23189926147461,-45.23191452026367,-45.23192596435547,-45.23194122314453,-45.23195266723633,-45.231964111328125,-45.23197937011719,-45.231990814208984,-45.23200607299805,-45.232017517089844,-45.232032775878906,-45.2320442199707,-45.232059478759766,-45.23207092285156,-45.23208236694336,-45.23209762573242,-45.23210906982422,-45.23212432861328,-45.23213577270508,-45.23215103149414,-45.23216247558594,-45.232173919677734,-45.2321891784668,-45.232200622558594,-45.232215881347656,-45.23222732543945,-45.232242584228516,-45.23225402832031,-45.23226547241211,-45.23228073120117,-45.23229217529297,-45.23230743408203,-45.23231887817383,-45.232330322265625,-45.23234558105469,-45.232357025146484,-45.23237228393555,-45.232383728027344,-45.232398986816406,-45.2324104309082,-45.232421875,-45.23243713378906,-45.23244857788086,-45.23246383666992,-45.23247528076172,-45.232486724853516,-45.23250198364258,-45.232513427734375,-45.23252868652344,-45.232540130615234,-45.23255157470703,-45.232566833496094,-45.23257827758789,-45.23259353637695,-45.23260498046875,-45.23261642456055,-45.23263168334961,-45.232643127441406,-45.2326545715332,-45.232669830322266,-45.23268127441406,-45.232696533203125,-45.23270797729492,-45.23271942138672,-45.23273468017578,-45.23274612426758,-45.232757568359375,-45.23277282714844,-45.232784271240234,-45.2327995300293,-45.232810974121094,-45.23282241821289,-45.23283767700195,-45.23284912109375,-45.23286056518555,-45.23287582397461,-45.232887268066406,-45.2328987121582,-45.232913970947266,-45.23292541503906,-45.23293685913086,-45.23295211791992,-45.23296356201172,-45.232975006103516,-45.23298645019531,-45.233001708984375,-45.23301315307617,-45.23302459716797,-45.233036041259766,-45.23304748535156,-45.233055114746094,-45.233062744140625,-45.233070373535156,-45.23306655883789,-45.233055114746094,-45.2330207824707
-33.54920196533203,-33.70390319824219,-33.861961364746094,-34.02265930175781,-34.18555450439453,-34.35013198852539,-34.515682220458984,-34.681480407714844,-34.84685516357422,-35.011138916015625,-35.17361831665039,-35.333580017089844,-35.490413665771484,-35.64360809326172,-35.79270553588867,-35.93733596801758,-36.077266693115234,-36.21239471435547,-36.342647552490234,-36.46794891357422,-36.5882453918457,-36.703521728515625,-36.813743591308594,-36.91886520385742,-37.018882751464844,-37.1138801574707,-37.203975677490234,-37.28935623168945,-37.37028884887695,-37.447086334228516,-37.520084381103516,-37.58966064453125,-37.6562614440918,-37.72036361694336,-37.78242111206055,-37.842857360839844,-37.90199661254883,-37.95999526977539,-38.01685333251953,-38.07246398925781,-38.12681579589844,-38.18037796020508,-38.23365020751953,-38.286659240722656,-38.339088439941406,-38.390541076660156,-38.440792083740234,-38.49007797241211,-38.538856506347656,-38.587406158447266,-38.64314270019531,-38.70395278930664,-38.767940521240234,-38.834102630615234,-38.901832580566406,-38.97055435180664,-39.03962707519531,-39.10847854614258,-39.17668914794922,-39.24407196044922,-39.310546875,-39.37586212158203,-39.439632415771484,-39.50160598754883,-39.56180953979492,-39.62028503417969,-39.67687225341797,-39.73135757446289,-39.783790588378906,-39.834381103515625,-39.88313293457031,-39.92997360229492,-39.975059509277344,-40.018653869628906,-40.06081771850586,-40.10158157348633,-40.14116287231445,-40.179779052734375,-40.21747589111328,-40.254356384277344,-40.29061508178711,-40.32634735107422,-40.361610412597656,-40.39653015136719,-40.43120193481445,-40.465667724609375,-40.49999237060547,-40.53425979614258,-40.5684928894043,-40.60270690917969,-40.636932373046875,-40.671173095703125,-40.70539474487305,-40.73955154418945,-40.77360916137695,-40.807498931884766,-40.841121673583984,-40.874393463134766,-40.9072265625,-40.93951416015625,-40.971168518066406,-41.002113342285156,-41.03227996826172,-41.06161880493164,-41.090110778808594,-41.117740631103516,-41.14452362060547,-41.17049026489258,-41.1956901550293,-41.22018814086914,-41.244056701660156,-41.26738739013672,-41.29025650024414,-41.312747955322266,-41.334957122802734,-41.35694885253906,-41.37880325317383,-41.40058135986328,-41.422332763671875,-41.444095611572266,-41.46590805053711,-41.48778533935547,-41.509742736816406,-41.531776428222656,-41.55388641357422,-41.57605743408203,-41.59827423095703,-41.620506286621094,-41.64273452758789,-41.6649284362793,-41.68705368041992,-41.70907974243164,-41.730979919433594,-41.752723693847656,-41.7742805480957,-41.79562759399414,-41.816741943359375,-41.83760452270508,-41.858192443847656,-41.87849426269531,-41.89849853515625,-41.91818618774414,-41.937557220458984,-41.95659637451172,-41.975303649902344,-41.99366760253906,-42.011688232421875,-42.029361724853516,-42.046688079833984,-42.06366729736328,-42.080299377441406,-42.096580505371094,-42.11251449584961,-42.12810516357422,-42.14335250854492,-42.16562271118164,-42.19053649902344,-42.216915130615234,-42.24409866333008,-42.271644592285156,-42.29924011230469,-42.32665252685547,-42.35373306274414,-42.38037109375,-42.40650177001953,-42.43208312988281,-42.457088470458984,-42.48151779174805,-42.5053825378418,-42.52871322631836,-42.55154800415039,-42.57392883300781,-42.59589385986328,-42.61747360229492,-42.63871383666992,-42.65964889526367,-42.68031692504883,-42.70073699951172,-42.72092819213867,-42.74090576171875,-42.76069259643555,-42.78030014038086,-42.79974365234375,-42.819026947021484,-42.83816146850586,-42.85716247558594,-42.876033782958984,-42.894775390625,-42.91339111328125,-42.93186950683594,-42.95021438598633,-42.96841812133789,-42.9864616394043,-43.00434494018555,-43.02204513549805,-43.039554595947266,-43.056861877441406,-43.07394027709961,-43.090782165527344,-43.10737228393555,-43.12368392944336,-43.13970184326172,-43.1554069519043,-43.170772552490234,-43.185787200927734,-43.2004280090332,-43.21467208862305,-43.22850036621094,-43.24189758300781,-43.254844665527344,-43.26732635498047,-43.279327392578125,-43.29084014892578,-43.301849365234375,-43.31235122680664,-43.32233810424805,-43.33180618286133,-43.340755462646484,-43.34918212890625,-43.35709762573242,-43.364501953125,-43.37140655517578,-43.3778190612793,-43.38375473022461,-43.38922882080078,-43.39426040649414,-43.398860931396484,-43.40305709838867,-43.40686798095703,-43.410316467285156,-43.413421630859375,-43.41621398925781,-43.41870880126953,-43.420936584472656,-43.422916412353516,-43.4246711730957,-43.42622756958008,-43.42759704589844,-43.42880630493164,-43.429874420166016,-43.43081283569336,-43.431644439697266,-43.432376861572266,-43.43302536010742,-43.4336051940918,-43.434120178222656,-43.43458557128906,-43.43500518798828,-43.43539047241211,-43.43574142456055,-43.43606185913086,-43.436363220214844,-43.4366455078125,-43.43690872192383,-43.43716049194336,-43.43739700317383,-43.437625885009766,-43.437843322753906,-43.438053131103516,-43.43825149536133,-43.438446044921875,-43.43863296508789,-43.43881607055664,-43.43899154663086,-43.43915939331055,-43.43932342529297,-43.439483642578125,-43.43963623046875,-43.43978500366211,-43.4399299621582,-43.44007110595703,-43.440208435058594,-43.44034194946289,-43.44047164916992,-43.44059753417969,-43.44071960449219,-43.44083786010742,-43.440956115722656,-43.44106674194336,-43.44117736816406,-43.4412841796875,-43.44139099121094,-43.44149398803711,-43.441593170166016,-43.44169235229492,-43.44178771972656,-43.4418830871582,-43.44197463989258,-43.44206619262695,-43.44215393066406,-43.44224166870117,-43.442325592041016,-43.44240951538086,-43.44248962402344,-43.442569732666016,-43.442649841308594,-43.442726135253906,-43.44280242919922,-43.44287872314453,-43.44295120239258,-43.443023681640625,-43.44309616088867,-43.44316482543945,-43.443233489990234,-43.44329833984375,-43.44336700439453,-43.44343185424805,-43.44349670410156,-43.44355773925781,-43.44362258911133,-43.44368362426758,-43.44374465942383,-43.44380187988281,-43.44386291503906,-43.44392013549805,-43.44397735595703,-43.444034576416016,-43.444087982177734,-43.44414520263672,-43.44419860839844,-43.444252014160156,-43.444305419921875,-43.444358825683594,-43.44440841674805,-43.4444580078125,-43.44451141357422,-43.44456100463867,-43.44460678100586,-43.44465637207031,-43.444705963134766,-43.44475173950195,-43.44479751586914,-43.44484329223633,-43.444889068603516,-43.4449348449707,-43.44498062133789,-43.44502258300781,-43.445068359375,-43.44511032104492,-43.445152282714844,-43.445194244384766,-43.44523620605469,-43.445274353027344,-43.445316314697266,-43.44535827636719,-43.445396423339844,-43.4454345703125,-43.445472717285156,-43.44551086425781,-43.44554901123047,-43.445587158203125,-43.44562530517578,-43.44565963745117,-43.44569778442383,-43.44573211669922,-43.44576644897461,-43.445804595947266,-43.445838928222656,-43.44587326049805,-43.44590377807617,-43.44593811035156,-43.44597244262695,-43.44600296020508,-43.44603729248047,-43.446067810058594,-43.44609832763672,-43.44613265991211,-43.446163177490234,-43.44619369506836,-43.446224212646484,-43.44625473022461,-43.44628143310547,-43.446311950683594,-43.44634246826172,-43.44636917114258,-43.4463996887207,-43.44642639160156,-43.44645309448242,-43.44647979736328,-43.44650650024414,-43.446537017822266,-43.44655990600586,-43.44658660888672,-43.44661331176758,-43.44664001464844,-43.4466667175293,-43.44668960571289,-43.44671630859375,-43.446739196777344,-43.4467658996582,-43.4467887878418,-43.44681167602539,-43.446834564208984,-43.44685745239258,-43.44688034057617,-43.446903228759766,-43.44692611694336,-43.44694900512695,-43.44697189331055,-43.44699478149414,-43.44701385498047,-43.44703674316406,-43.447059631347656,-43.447078704833984,-43.44709777832031,-43.447120666503906,-43.447139739990234,-43.44715881347656,-43.447181701660156,-43.447200775146484,-43.44721984863281,-43.44723892211914,-43.44725799560547,-43.4472770690918,-43.447296142578125,-43.44731140136719,-43.447330474853516,-43.447349548339844,-43.447364807128906,-43.447383880615234,-43.44740295410156,-43.447418212890625,-43.44743728637695,-43.447452545166016,-43.44746780395508,-43.44748306274414,-43.44750213623047,-43.44751739501953,-43.447532653808594,-43.447547912597656,-43.44756317138672,-43.44757843017578,-43.447593688964844,-43.447608947753906,-43.44762420654297,-43.44763946533203,-43.447654724121094,-43.447669982910156,-43.44768142700195,-43.447696685791016,-43.44771194458008,-43.447723388671875,-43.44773864746094,-43.447750091552734,-43.4477653503418,-43.447776794433594,-43.447792053222656,-43.44780349731445,-43.44781494140625,-43.44783020019531,-43.44784164428711,-43.447853088378906,-43.4478645324707,-43.4478759765625,-43.44789123535156,-43.44790267944336,-43.447914123535156,-43.44792556762695,-43.44793701171875,-43.44794464111328,-43.44795608520508,-43.447967529296875,-43.44797897338867,-43.44799041748047,-43.448001861572266,-43.4480094909668,-43.448020935058594,-43.44803237915039,-43.44804000854492,-43.44805145263672,-43.448062896728516,-43.44807052612305,-43.448081970214844,-43.448089599609375,-43.448097229003906,-43.4481086730957,-43.448116302490234,-43.44812774658203,-43.44813537597656,-43.448143005371094,-43.44815444946289,-43.44816207885742,-43.44816970825195,-43.448177337646484,-43.448184967041016,-43.44819641113281,-43.448204040527344,-43.448211669921875,-43.448219299316406,-43.44822692871094,-43.44823455810547,-43.4482421875,-43.44824981689453,-43.44825744628906,-43.448265075683594,-43.448272705078125,-43.448280334472656,-43.44828414916992
-33.438453674316406,-33.53824996948242,-33.63764953613281,-33.73646926879883,-33.83449935913086,-33.93301773071289,-34.03325653076172,-34.13520812988281,-34.238285064697266,-34.34183120727539,-34.44574737548828,-34.5511360168457,-34.65898513793945,-34.76890563964844,-34.87996292114258,-34.992027282714844,-35.10610580444336,-35.22233200073242,-35.339454650878906,-35.45643997192383,-35.57384490966797,-35.69197463989258,-35.8094482421875,-35.925540924072266,-36.04114532470703,-36.15603256225586,-36.26902389526367,-36.3802604675293,-36.49021911621094,-36.5977897644043,-36.70256423950195,-36.8050537109375,-36.904693603515625,-37.00128936767578,-37.0957145690918,-37.18796157836914,-37.27812194824219,-37.367088317871094,-37.45487976074219,-37.54143524169922,-37.627235412597656,-37.71208572387695,-37.79595184326172,-37.8792724609375,-37.96192169189453,-38.04397964477539,-38.12556076049805,-38.206336975097656,-38.286376953125,-38.36562728881836,-38.44389343261719,-38.52132034301758,-38.59786605834961,-38.673702239990234,-38.74911117553711,-38.82416915893555,-38.899192810058594,-38.974388122558594,-39.050048828125,-39.12652587890625,-39.204044342041016,-39.282958984375,-39.36343765258789,-39.44580078125,-39.53025817871094,-39.61725997924805,-39.70720672607422,-39.80070495605469,-39.89824295043945,-40.00028610229492,-40.107032775878906,-40.218387603759766,-40.333980560302734,-40.453033447265625,-40.57451629638672,-40.6971549987793,-40.81975173950195,-40.941341400146484,-41.061397552490234,-41.17966079711914,-41.294464111328125,-41.40449523925781,-41.52473068237305,-41.63002395629883,-41.740196228027344,-41.838523864746094,-41.93837356567383,-42.02705001831055,-42.11699676513672,-42.196128845214844,-42.27619934082031,-42.34514617919922,-42.41403579711914,-42.47205352783203,-42.52945327758789,-42.5777702331543,-42.62533950805664,-42.6657600402832,-42.70490264892578,-42.738128662109375,-42.769195556640625,-42.795631408691406,-42.8198356628418,-42.85068893432617,-42.8836784362793,-42.9184684753418,-42.95232391357422,-42.986934661865234,-43.02004623413086,-43.05321502685547,-43.08514404296875,-43.11642837524414,-43.1468391418457,-43.176048278808594,-43.20463180541992,-43.23185729980469,-43.258628845214844,-43.28416442871094,-43.30928039550781,-43.33331298828125,-43.35685348510742,-43.379493713378906,-43.40162658691406,-43.42313766479492,-43.444271087646484,-43.465057373046875,-43.48558807373047,-43.50593566894531,-43.52610778808594,-43.546207427978516,-43.56624984741211,-43.58636474609375,-43.60655975341797,-43.626930236816406,-43.6474609375,-43.66820526123047,-43.68915939331055,-43.71035385131836,-43.73182678222656,-43.75355911254883,-43.77559280395508,-43.79787826538086,-43.820457458496094,-43.843257904052734,-43.86634063720703,-43.8896369934082,-43.91318893432617,-43.93693161010742,-43.96086120605469,-43.98494338989258,-44.00914001464844,-44.0334358215332,-44.05775451660156,-44.08207321166992,-44.10631561279297,-44.13042449951172,-44.15433883666992,-44.17799377441406,-44.201332092285156,-44.224281311035156,-44.24679183959961,-44.26880645751953,-44.29026794433594,-44.311134338378906,-44.33135223388672,-44.35088348388672,-44.369686126708984,-44.38772201538086,-44.404972076416016,-44.421417236328125,-44.43703842163086,-44.45183563232422,-44.465797424316406,-44.47893142700195,-44.491241455078125,-44.50273513793945,-44.513423919677734,-44.5233268737793,-44.53246307373047,-44.54085159301758,-44.54852294921875,-44.55550003051758,-44.57304763793945,-44.593849182128906,-44.61626052856445,-44.63951110839844,-44.663150787353516,-44.686702728271484,-44.70982360839844,-44.73226547241211,-44.75386428833008,-44.774574279785156,-44.79435348510742,-44.81317138671875,-44.83102035522461,-44.847904205322266,-44.86383056640625,-44.878868103027344,-44.89311981201172,-44.906646728515625,-44.91949462890625,-44.931739807128906,-44.94345474243164,-44.95468521118164,-44.965492248535156,-44.975948333740234,-44.98610305786133,-44.99597930908203,-45.005592346191406,-45.014976501464844,-45.02413558959961,-45.03307342529297,-45.04179000854492,-45.05027389526367,-45.05850601196289,-45.06647491455078,-45.07415771484375,-45.08154296875,-45.088626861572266,-45.09540557861328,-45.10187911987305,-45.1080436706543,-45.113914489746094,-45.1194953918457,-45.12480926513672,-45.12986755371094,-45.134681701660156,-45.13926315307617,-45.14363098144531,-45.14778518676758,-45.1517448425293,-45.155513763427734,-45.15909957885742,-45.16250991821289,-45.16575622558594,-45.168846130371094,-45.17178726196289,-45.174583435058594,-45.17724609375,-45.179786682128906,-45.18220138549805,-45.184505462646484,-45.18669509887695,-45.18878173828125,-45.190765380859375,-45.19265365600586,-45.19444274902344,-45.196144104003906,-45.197757720947266,-45.19928741455078,-45.200740814208984,-45.202117919921875,-45.20342254638672,-45.20466232299805,-45.205841064453125,-45.20695877075195,-45.20802307128906,-45.20903396606445,-45.20999526977539,-45.21091079711914,-45.2117805480957,-45.212608337402344,-45.21339797973633,-45.21414566040039,-45.21486282348633,-45.215545654296875,-45.2161979675293,-45.216819763183594,-45.21741485595703,-45.21798324584961,-45.21852493286133,-45.21904373168945,-45.21954345703125,-45.22001647949219,-45.22047424316406,-45.220909118652344,-45.22132873535156,-45.22172927856445,-45.22211456298828,-45.22248458862305,-45.22283935546875,-45.22317886352539,-45.2235107421875,-45.22382354736328,-45.22412872314453,-45.224422454833984,-45.224708557128906,-45.22498321533203,-45.22524642944336,-45.225502014160156,-45.22574996948242,-45.225990295410156,-45.22622299194336,-45.22644805908203,-45.22666549682617,-45.22687530517578,-45.227081298828125,-45.2272834777832,-45.22747802734375,-45.227664947509766,-45.227848052978516,-45.228023529052734,-45.22818374633789,-45.22832489013672,-45.228416442871094,-45.22840118408203,-45.22815704345703,-45.227508544921875,-45.226531982421875,-45.22629928588867,-45.22793960571289,-45.22957229614258,-45.22901153564453,-45.228153228759766,-45.22917938232422,-45.230140686035156,-45.229469299316406,-45.22937774658203,-45.23038864135742,-45.23038864135742,-45.22996520996094,-45.2305793762207,-45.23094177246094,-45.23058319091797,-45.230857849121094,-45.23130798339844,-45.23112106323242,-45.2311897277832,-45.23160171508789,-45.231563568115234,-45.23154067993164,-45.23186492919922,-45.23193359375,-45.23188400268555,-45.232112884521484,-45.23224639892578,-45.23221206665039,-45.232357025146484,-45.23251724243164,-45.232513427734375,-45.23259735107422,-45.23275375366211,-45.2327880859375,-45.23283386230469,-45.232967376708984,-45.2330322265625,-45.23306655883789,-45.2331657409668,-45.233253479003906,-45.2332878112793,-45.233360290527344,-45.23344802856445,-45.23349380493164,-45.23354721069336,-45.23362731933594,-45.23368453979492,-45.233726501464844,-45.23379135131836,-45.233856201171875,-45.23390197753906,-45.233951568603516,-45.234012603759766,-45.23406219482422,-45.23410415649414,-45.23415756225586,-45.23421096801758,-45.234249114990234,-45.23429489135742,-45.234344482421875,-45.2343864440918,-45.23442459106445,-45.23447036743164,-45.23451232910156,-45.23455047607422,-45.234588623046875,-45.23462677001953,-45.23466491699219,-45.234703063964844,-45.234737396240234,-45.234771728515625,-45.234806060791016,-45.234840393066406,-45.23487091064453,-45.23490524291992,-45.23493576049805,-45.23496627807617,-45.2349967956543,-45.23502731323242,-45.23505401611328,-45.23508071899414,-45.235107421875,-45.23513412475586,-45.23516082763672,-45.23518753051758,-45.23521041870117,-45.23523712158203,-45.235260009765625,-45.23528289794922,-45.23530578613281,-45.235328674316406,-45.2353515625,-45.23537063598633,-45.23539352416992,-45.23541259765625,-45.23543167114258,-45.235450744628906,-45.235469818115234,-45.23548889160156,-45.23550796508789,-45.23552322387695,-45.23554229736328,-45.235557556152344,-45.235572814941406,-45.235591888427734,-45.2356071472168,-45.23562240600586,-45.23563766479492,-45.235652923583984,-45.23566436767578,-45.235679626464844,-45.235694885253906,-45.2357063293457,-45.235721588134766,-45.23573303222656,-45.23574447631836,-45.235755920410156,-45.23576736450195,-45.23577880859375,-45.23579025268555,-45.235801696777344,-45.23581314086914,-45.23582458496094,-45.235836029052734,-45.235843658447266,-45.23585510253906,-45.235862731933594,-45.23587417602539,-45.23588180541992,-45.23589324951172,-45.23590087890625,-45.23590850830078,-45.23591613769531,-45.23592758178711,-45.23593521118164,-45.23594284057617,-45.2359504699707,-45.235958099365234,-45.235965728759766,-45.23596954345703,-45.23597717285156,-45.235984802246094,-45.235992431640625
-31.149797439575195,-31.375988006591797,-31.602779388427734,-31.828702926635742,-32.05253219604492,-32.27342224121094,-32.490623474121094,-32.70343017578125,-32.91114807128906,-33.11305618286133,-33.3084831237793,-33.496925354003906,-33.67815399169922,-33.85220718383789,-34.01935577392578,-34.18004608154297,-34.334861755371094,-34.48447799682617,-34.62959671020508,-34.77092361450195,-34.90910720825195,-35.044715881347656,-35.17819595336914,-35.30986404418945,-35.43988800048828,-35.56833267211914,-35.695186614990234,-35.82041549682617,-35.94398880004883,-36.065895080566406,-36.1861686706543,-36.304847717285156,-36.4219856262207,-36.53761672973633,-36.651790618896484,-36.76454544067383,-36.875911712646484,-36.98591613769531,-37.094539642333984,-37.20171356201172,-37.30731201171875,-37.41117477416992,-37.51314163208008,-37.61305236816406,-37.71076965332031,-37.80617904663086,-37.89918518066406,-37.98969268798828,-38.07765197753906,-38.16302490234375,-38.245819091796875,-38.3260612487793,-38.403778076171875,-38.47900390625,-38.55177307128906,-38.62214279174805,-38.690185546875,-38.75600814819336,-38.8197135925293,-38.881465911865234,-38.94145584106445,-38.99982833862305,-39.056671142578125,-39.112064361572266,-39.16604995727539,-39.23042678833008,-39.30049514770508,-39.37377166748047,-39.44894790649414,-39.525169372558594,-39.601829528808594,-39.678504943847656,-39.754825592041016,-39.830535888671875,-39.90541076660156,-39.97930145263672,-40.052101135253906,-40.12375259399414,-40.1942138671875,-40.263465881347656,-40.33149337768555,-40.39826583862305,-40.46376419067383,-40.527950286865234,-40.5908088684082,-40.6523323059082,-40.7125244140625,-40.771400451660156,-40.828975677490234,-40.885257720947266,-40.94023895263672,-40.99390411376953,-41.04622268676758,-41.0971565246582,-41.14667510986328,-41.19474411010742,-41.241336822509766,-41.28641891479492,-41.32996368408203,-41.37193298339844,-41.41229248046875,-41.451019287109375,-41.488094329833984,-41.52350997924805,-41.55727767944336,-41.58940887451172,-41.61992645263672,-41.64885330200195,-41.67622375488281,-41.70206069946289,-41.726402282714844,-41.74928665161133,-41.770755767822266,-41.790863037109375,-41.80965805053711,-41.83003234863281,-41.85098648071289,-41.8720817565918,-41.89312744140625,-41.914031982421875,-41.934757232666016,-41.95530319213867,-41.97568130493164,-41.99591827392578,-42.01604461669922,-42.036102294921875,-42.056121826171875,-42.07614517211914,-42.09620666503906,-42.1163444519043,-42.13658905029297,-42.1569709777832,-42.17751693725586,-42.19824981689453,-42.21918869018555,-42.240360260009766,-42.26176834106445,-42.2834358215332,-42.305362701416016,-42.32755661010742,-42.35000991821289,-42.37272262573242,-42.39568328857422,-42.41887283325195,-42.44227600097656,-42.46586608886719,-42.48961639404297,-42.51350402832031,-42.5374870300293,-42.56153869628906,-42.58561706542969,-42.60969161987305,-42.63372039794922,-42.65766525268555,-42.681488037109375,-42.70514678955078,-42.728607177734375,-42.7518310546875,-42.7747802734375,-42.797420501708984,-42.81972885131836,-42.841670989990234,-42.863224029541016,-42.88437271118164,-42.90510559082031,-42.925411224365234,-42.94528579711914,-42.964725494384766,-42.983734130859375,-43.002315521240234,-43.020469665527344,-43.0382080078125,-43.05552291870117,-43.07242202758789,-43.08890151977539,-43.104957580566406,-43.12058639526367,-43.13577651977539,-43.15052032470703,-43.16481399536133,-43.17864990234375,-43.192020416259766,-43.20492172241211,-43.217350006103516,-43.22930145263672,-43.24078369140625,-43.251800537109375,-43.26234817504883,-43.27244186401367,-43.28208541870117,-43.291290283203125,-43.30006408691406,-43.308414459228516,-43.31635665893555,-43.32390213012695,-43.33106231689453,-43.33784866333008,-43.344276428222656,-43.35035705566406,-43.356101989746094,-43.361534118652344,-43.366661071777344,-43.37150192260742,-43.37607192993164,-43.3803825378418,-43.38444900512695,-43.38828659057617,-43.39190673828125,-43.395320892333984,-43.39854049682617,-43.401573181152344,-43.4044303894043,-43.40711975097656,-43.409645080566406,-43.41201400756836,-43.41423797607422,-43.41631317138672,-43.41825485229492,-43.42006301879883,-43.42174530029297,-43.423309326171875,-43.42475891113281,-43.42610168457031,-43.42734909057617,-43.428497314453125,-43.429561614990234,-43.43054962158203,-43.431461334228516,-43.43230438232422,-43.43308639526367,-43.433815002441406,-43.43449401855469,-43.43512725830078,-43.43571853637695,-43.436275482177734,-43.43679428100586,-43.437286376953125,-43.437747955322266,-43.43818283081055,-43.4385986328125,-43.438987731933594,-43.43935775756836,-43.4397087097168,-43.44004440307617,-43.44036102294922,-43.4406623840332,-43.44095230102539,-43.441226959228516,-43.441490173339844,-43.44173812866211,-43.441978454589844,-43.44221115112305,-43.44243240356445,-43.44264221191406,-43.44284439086914,-43.44303894042969,-43.44322967529297,-43.44342041015625,-43.443607330322266,-43.443782806396484,-43.443946838378906,-43.44411087036133,-43.44427490234375,-43.44443130493164,-43.444580078125,-43.444725036621094,-43.44486999511719,-43.44500732421875,-43.44514083862305,-43.44527053833008,-43.44540023803711,-43.44552230834961,-43.445640563964844,-43.44575881958008,-43.44586944580078,-43.445980072021484,-43.44608688354492,-43.44619369506836,-43.446292877197266,-43.44639205932617,-43.44648742675781,-43.44658279418945,-43.44667053222656,-43.44676208496094,-43.44684982299805,-43.44693374633789,-43.44701385498047,-43.44709777832031,-43.447174072265625,-43.44725036621094,-43.44732666015625,-43.4473991394043,-43.447471618652344,-43.44754409790039,-43.44761276245117,-43.44767761230469,-43.44774627685547,-43.44780731201172,-43.447872161865234,-43.447933197021484,-43.447994232177734,-43.448055267333984,-43.44811248779297,-43.44816970825195,-43.44822692871094,-43.448280334472656,-43.44833755493164,-43.44839096069336,-43.44844055175781,-43.44849395751953,-43.448543548583984,-43.44859313964844,-43.44864273071289,-43.448692321777344,-43.44873809814453,-43.44878387451172,-43.448829650878906,-43.448875427246094,-43.44892120361328,-43.4489631652832,-43.449005126953125,-43.44905090332031,-43.449092864990234,-43.44913101196289,-43.44917297363281,-43.44921112060547,-43.44925308227539,-43.44929122924805,-43.4493293762207,-43.44936752319336,-43.449405670166016,-43.449440002441406,-43.44947814941406,-43.44951248168945,-43.449546813964844,-43.4495849609375,-43.44961929321289,-43.44965362548828,-43.449684143066406,-43.4497184753418,-43.44975280761719,-43.44978332519531,-43.4498176574707,-43.44984817504883,-43.44987869262695,-43.44990921020508,-43.4499397277832,-43.44997024536133,-43.45000076293945,-43.45003128051758,-43.45005798339844,-43.45008850097656,-43.45011520385742,-43.45014572143555,-43.450172424316406,-43.450199127197266,-43.450225830078125,-43.450252532958984,-43.450279235839844,-43.4503059387207,-43.45033264160156,-43.45035934448242,-43.45038604736328,-43.450408935546875,-43.450435638427734,-43.450462341308594,-43.45048522949219,-43.45051193237305,-43.45053482055664,-43.450557708740234,-43.45058059692383,-43.45060729980469,-43.45063018798828,-43.450653076171875,-43.45067596435547,-43.45069885253906,-43.450721740722656,-43.45074462890625,-43.45076370239258,-43.45078659057617,-43.450809478759766,-43.45083236694336,-43.45085144042969,-43.45087432861328,-43.45089340209961,-43.4509162902832,-43.45093536376953,-43.450958251953125,-43.45097732543945,-43.45099639892578,-43.451019287109375,-43.4510383605957,-43.45105743408203,-43.45107650756836,-43.45109558105469,-43.451114654541016,-43.451133728027344,-43.45115661621094,-43.451171875,-43.45119094848633,-43.451210021972656,-43.451229095458984,-43.45124816894531,-43.45126724243164,-43.45128631591797,-43.45130157470703,-43.45132064819336,-43.45133972167969,-43.45135498046875,-43.45137405395508,-43.451393127441406,-43.45140838623047,-43.4514274597168,-43.45144271850586,-43.45146179199219,-43.45147705078125,-43.45149230957031,-43.45151138305664,-43.4515266418457,-43.451541900634766,-43.451560974121094,-43.451576232910156,-43.45159149169922,-43.45160675048828,-43.45162582397461,-43.45164108276367,-43.451656341552734,-43.4516716003418,-43.451683044433594,-43.451698303222656,-43.45170974731445,-43.451725006103516,-43.45174026489258,-43.451759338378906,-43.451778411865234,-43.4517936706543,-43.451805114746094,-43.451820373535156,-43.45183563232422,-43.45185470581055,-43.45186996459961,-43.451881408691406,-43.45189666748047,-43.45191192626953,-43.451927185058594,-43.45193862915039,-43.45195388793945,-43.451969146728516,-43.45198440551758,-43.451995849609375,-43.45201110839844,-43.452022552490234,-43.4520378112793,-43.45205307006836,-43.452064514160156,-43.45207977294922,-43.452091217041016,-43.45210647583008,-43.45212173461914,-43.45213317871094,-43.452144622802734,-43.4521598815918,-43.452171325683594,-43.452186584472656,-43.45219802856445,-43.452213287353516,-43.45222473144531,-43.45223617553711,-43.45225143432617,-43.45226287841797,-43.452274322509766,-43.45228958129883,-43.452301025390625,-43.45231246948242,-43.452327728271484,-43.45233917236328,-43.45235061645508,-43.452362060546875,-43.45237350463867,-43.452388763427734,-43.45240020751953,-43.45241165161133,-43.452423095703125,-43.45243453979492,-43.45244598388672,-43.45246124267578,-43.45247268676758,-43.452484130859375,-43.45249557495117,-43.45250701904297,-43.452518463134766,-43.45252990722656,-43.45254135131836,-43.452552795410156,-43.45256423950195,-43.45257568359375,-43.45258712768555,-43.452598571777344,-43.45261001586914,-43.45262145996094,-43.452632904052734,-43.45264434814453,-43.45265579223633,-43.452667236328125,-43.45267868041992,-43.45268630981445,-43.45269775390625,-43.45270919799805,-43.452720642089844,-43.45273208618164,-43.45274353027344,-43.45275115966797,-43.452762603759766,-43.45277404785156,-43.45278549194336,-43.452796936035156,-43.45280456542969,-43.452816009521484,-43.45282745361328,-43.45283889770508,-43.45284652709961,-43.452857971191406,-43.4528694152832,-43.452877044677734,-43.45288848876953,-43.45289993286133,-43.452911376953125,-43.452919006347656,-43.45293045043945,-43.452938079833984,-43.45294952392578,-43.45296096801758,-43.45296859741211,-43.452980041503906,-43.4529914855957,-43.452999114990234,-43.45301055908203,-43.45301818847656,-43.45302963256836,-43.45303726196289,-43.45304870605469,-43.45305633544922,-43.453067779541016,-43.45307540893555,-43.453086853027344,-43.453094482421875,-43.45310592651367,-43.4531135559082,-43.453125,-43.45313262939453,-43.45314407348633,-43.45315170288086,-43.453163146972656,-43.45317077636719,-43.45317840576172,-43.453189849853516,-43.45319747924805,-43.453208923339844,-43.453216552734375,-43.453224182128906,-43.4532356262207,-43.453243255615234,-43.453250885009766,-43.45326232910156,-43.453269958496094,-43.453277587890625,-43.45328903198242,-43.45329666137695,-43.453304290771484,-43.45331573486328,-43.45332336425781,-43.453330993652344,-43.453338623046875,-43.45335006713867,-43.4533576965332,-43.453365325927734,-43.453372955322266,-43.45338439941406,-43.453392028808594,-43.453399658203125,-43.453407287597656,-43.45341873168945,-43.453426361083984,-43.453433990478516,-43.45344161987305,-43.45344924926758,-43.45345687866211,-43.45346450805664,-43.45347595214844,-43.45348358154297,-43.4534912109375,-43.45349884033203,-43.4535026550293,-43.45351028442383,-43.453514099121094
-34.03290557861328,-34.21368408203125,-34.392311096191406,-34.56788635253906,-34.7399787902832,-34.90782165527344,-35.07074737548828,-35.228519439697266,-35.38144302368164,-35.53026580810547,-35.6757926940918,-35.818599700927734,-35.959205627441406,-36.09845733642578,-36.23744201660156,-36.376888275146484,-36.51687240600586,-36.656986236572266,-36.79756164550781,-36.941654205322266,-37.091793060302734,-37.247589111328125,-37.407508850097656,-37.572811126708984,-37.74637985229492,-37.92559051513672,-38.10727310180664,-38.29412078857422,-38.48487091064453,-38.674415588378906,-38.86424255371094,-39.0531005859375,-39.235679626464844,-39.41399383544922,-39.584964752197266,-39.74578094482422,-39.899112701416016,-40.041534423828125,-40.175479888916016,-40.30198669433594,-40.4207763671875,-40.535667419433594,-40.64542770385742,-40.75276565551758,-40.85755920410156,-40.95997619628906,-41.061180114746094,-41.15984344482422,-41.25749206542969,-41.352725982666016,-41.446781158447266,-41.5389518737793,-41.63001251220703,-41.71985626220703,-41.80870056152344,-41.89658737182617,-41.98334503173828,-42.06888198852539,-42.15278244018555,-42.23470687866211,-42.31424331665039,-42.39079666137695,-42.46416473388672,-42.53363800048828,-42.599246978759766,-42.66032028198242,-42.716976165771484,-42.76885223388672,-42.815975189208984,-42.858604431152344,-42.896846771240234,-42.93452453613281,-42.9720458984375,-43.0086555480957,-43.04393768310547,-43.07765579223633,-43.10976791381836,-43.14005661010742,-43.1685791015625,-43.19523620605469,-43.22013854980469,-43.24342727661133,-43.265235900878906,-43.28584671020508,-43.30541229248047,-43.32415771484375,-43.342227935791016,-43.359703063964844,-43.37669372558594,-43.393218994140625,-43.40930938720703,-43.42502212524414,-43.44034957885742,-43.45534133911133,-43.470027923583984,-43.48442077636719,-43.49858093261719,-43.512550354003906,-43.52638244628906,-43.5401611328125,-43.553958892822266,-43.56784439086914,-43.5818977355957,-43.5961799621582,-43.610748291015625,-43.625648498535156,-43.64092254638672,-43.65658187866211,-43.67265701293945,-43.689151763916016,-43.7060546875,-43.723358154296875,-43.74104690551758,-43.75908660888672,-43.77744674682617,-43.796085357666016,-43.81496047973633,-43.834022521972656,-43.85322189331055,-43.87251281738281,-43.89183807373047,-43.91115188598633,-43.93039321899414,-43.949501037597656,-43.96841049194336,-43.987056732177734,-44.005367279052734,-44.023277282714844,-44.040714263916016,-44.057621002197266,-44.07393264770508,-44.089599609375,-44.10456466674805,-44.11879348754883,-44.13225173950195,-44.1449089050293,-44.15675354003906,-44.16777420043945,-44.177974700927734,-44.1873664855957,-44.19596481323242,-44.203792572021484,-44.21088790893555,-44.21728515625,-44.223026275634766,-44.22815704345703,-44.24446487426758,-44.26416778564453,-44.28562545776367,-44.30783462524414,-44.3301887512207,-44.35226058959961,-44.37372970581055,-44.3943977355957,-44.41415023803711,-44.43289566040039,-44.45059585571289,-44.467254638671875,-44.48287582397461,-44.497474670410156,-44.51109313964844,-44.523780822753906,-44.535587310791016,-44.54657745361328,-44.55682373046875,-44.566410064697266,-44.57540512084961,-44.58388900756836,-44.591941833496094,-44.5996208190918,-44.60698318481445,-44.614078521728516,-44.62093734741211,-44.62757873535156,-44.63401412963867,-44.640254974365234,-44.646297454833984,-44.652137756347656,-44.65776443481445,-44.66317367553711,-44.66835403442383,-44.67330551147461,-44.67802047729492,-44.6824951171875,-44.686729431152344,-44.69072341918945,-44.69448471069336,-44.6980094909668,-44.70131301879883,-44.70439529418945,-44.707271575927734,-44.70994567871094,-44.71242904663086,-44.7147331237793,-44.71686935424805,-44.71885299682617,-44.7206916809082,-44.72239685058594,-44.72397994995117,-44.72544860839844,-44.7268180847168,-44.72808837890625,-44.72927474975586,-44.730377197265625,-44.73140335083008,-44.73236083984375,-44.73324966430664,-44.73407745361328,-44.73483657836914,-44.735530853271484,-44.736141204833984,-44.736637115478516,-44.73699188232422,-44.737247467041016,-44.73768997192383,-44.738555908203125,-44.7393798828125,-44.739646911621094,-44.73973846435547,-44.740238189697266,-44.74085998535156,-44.741065979003906,-44.74118423461914,-44.74162292480469,-44.74201965332031,-44.74212646484375,-44.742332458496094,-44.74271011352539,-44.742919921875,-44.74302673339844,-44.7432975769043,-44.743560791015625,-44.74367904663086,-44.74385070800781,-44.74410629272461,-44.744266510009766,-44.744388580322266,-44.74459457397461,-44.74478530883789,-44.74490737915039,-44.745059967041016,-44.7452507019043,-44.745391845703125,-44.74551773071289,-44.74568176269531,-44.7458381652832,-44.7459602355957,-44.74609375,-44.746246337890625,-44.74637985229492,-44.746498107910156,-44.74663543701172,-44.74677276611328,-44.746891021728516,-44.74700927734375,-44.74713897705078,-44.74726104736328,-44.747371673583984,-44.74748992919922,-44.74761199951172,-44.74772262573242,-44.74782943725586,-44.74794006347656,-44.748050689697266,-44.7481575012207,-44.748260498046875,-44.74836349487305,-44.74846649169922,-44.748565673828125,-44.748661041259766,-44.74876022338867,-44.74885559082031,-44.74894714355469,-44.7490348815918,-44.74912643432617,-44.74921417236328,-44.74930191040039,-44.749385833740234,-44.74946975708008,-44.749549865722656,-44.749629974365234,-44.74971008300781,-44.749786376953125,-44.74986267089844,-44.74993896484375,-44.7500114440918,-44.75008010864258,-44.750152587890625,-44.750221252441406,-44.75028610229492,-44.7503547668457,-44.75041580200195,-44.75048065185547,-44.75054168701172,-44.75060272216797,-44.75066375732422,-44.7507209777832,-44.75077819824219,-44.750831604003906,-44.75088882446289,-44.75094223022461,-44.75099182128906,-44.75104522705078,-44.751094818115234,-44.75114059448242,-44.751190185546875,-44.75123596191406,-44.75128173828125,-44.75132751464844,-44.75136947631836,-44.75141143798828,-44.7514533996582,-44.75149154663086,-44.75153350830078,-44.75157165527344,-44.751609802246094,-44.751644134521484,-44.75168228149414,-44.75171661376953,-44.75175094604492,-44.75178146362305,-44.75181579589844,-44.75184631347656,-44.75187683105469,-44.75190734863281,-44.75193786621094,-44.7519645690918,-44.751991271972656,-44.752017974853516,-44.752044677734375,-44.752071380615234,-44.752098083496094,-44.75212097167969,-44.75214385986328,-44.752166748046875,-44.75218963623047,-44.75221252441406,-44.75223159790039,-44.752254486083984,-44.75227355957031,-44.75229263305664,-44.75231170654297,-44.7523307800293,-44.752349853515625,-44.75236511230469,-44.752384185791016,-44.75239944458008,-44.75241470336914,-44.7524299621582,-44.752445220947266,-44.75246047973633,-44.75247573852539,-44.75249099731445,-44.75250244140625,-44.75251770019531,-44.75252914428711,-44.752540588378906,-44.7525520324707,-44.7525634765625,-44.7525749206543,-44.752586364746094,-44.75259780883789,-44.75260925292969,-44.75261688232422,-44.752628326416016,-44.75263595581055,-44.752647399902344,-44.752655029296875,-44.752662658691406,-44.7526741027832,-44.752681732177734,-44.752689361572266,-44.7526969909668,-44.75270462036133,-44.75271224975586,-44.75271987915039,-44.752723693847656,-44.75273132324219,-44.75273895263672
-32.81238555908203,-32.928401947021484,-33.04854965209961,-33.17277145385742,-33.30070114135742,-33.43178176879883,-33.56540298461914,-33.701171875,-33.83872985839844,-33.977500915527344,-34.116600036621094,-34.25483322143555,-34.391048431396484,-34.525577545166016,-34.662384033203125,-34.80781936645508,-34.966548919677734,-35.139976501464844,-35.32660675048828,-35.5223503112793,-35.721012115478516,-35.91617965698242,-36.10578536987305,-36.29582977294922,-36.49348831176758,-36.697086334228516,-36.89694595336914,-37.082515716552734,-37.25094985961914,-37.41058349609375,-37.57062530517578,-37.73078536987305,-37.88418197631836,-38.02656936645508,-38.16320037841797,-38.30352783203125,-38.449283599853516,-38.59397888183594,-38.73138427734375,-38.86249923706055,-38.99276351928711,-39.12269592285156,-39.2470703125,-39.36302185058594,-39.47465896606445,-39.587074279785156,-39.69941329956055,-39.80807876586914,-39.913761138916016,-40.020347595214844,-40.12778091430664,-40.23210906982422,-40.33204650878906,-40.430137634277344,-40.52674102783203,-40.61896514892578,-40.7063102722168,-40.79130554199219,-40.87416458129883,-40.95299530029297,-41.02858352661133,-41.10301971435547,-41.175594329833984,-41.245174407958984,-41.313018798828125,-41.3795166015625,-41.44308090209961,-41.50373077392578,-41.56241226196289,-41.61830139160156,-41.670982360839844,-41.72151565551758,-41.77566909790039,-41.83194351196289,-41.88901901245117,-41.94620132446289,-42.00236511230469,-42.05707931518555,-42.11050033569336,-42.16223907470703,-42.21199417114258,-42.26002502441406,-42.30628204345703,-42.3504638671875,-42.39271545410156,-42.433128356933594,-42.47148895263672,-42.507896423339844,-42.542518615722656,-42.575260162353516,-42.60619354248047,-42.63553237915039,-42.663272857666016,-42.68948745727539,-42.714378356933594,-42.73796081542969,-42.76028060913086,-42.781471252441406,-42.80156326293945,-42.82061004638672,-42.8387451171875,-42.85602951049805,-42.87250900268555,-42.8882942199707,-42.903411865234375,-42.91789627075195,-42.93182373046875,-42.9537353515625,-42.978515625,-43.00492477416992,-43.03228759765625,-43.06023025512695,-43.08856964111328,-43.11723709106445,-43.14625930786133,-43.17570495605469,-43.20563507080078,-43.2360725402832,-43.26701736450195,-43.298423767089844,-43.330223083496094,-43.36235809326172,-43.39476013183594,-43.427364349365234,-43.46012878417969,-43.49302291870117,-43.52601623535156,-43.559104919433594,-43.5922737121582,-43.62550354003906,-43.658782958984375,-43.692073822021484,-43.72533416748047,-43.75851821899414,-43.791561126708984,-43.82441329956055,-43.85701370239258,-43.88930892944336,-43.921241760253906,-43.952762603759766,-43.983829498291016,-44.01439666748047,-44.0444221496582,-44.07386779785156,-44.10269546508789,-44.13087463378906,-44.15836715698242,-44.18515396118164,-44.211204528808594,-44.23651123046875,-44.26106643676758,-44.28486633300781,-44.30792236328125,-44.33024978637695,-44.351863861083984,-44.37278747558594,-44.39305114746094,-44.41268539428711,-44.43171310424805,-44.450164794921875,-44.46806716918945,-44.485450744628906,-44.502342224121094,-44.51875686645508,-44.53472137451172,-44.55025863647461,-44.56538772583008,-44.58012008666992,-44.594478607177734,-44.60847854614258,-44.622135162353516,-44.635459899902344,-44.648460388183594,-44.661155700683594,-44.67354965209961,-44.68564987182617,-44.69746780395508,-44.70899963378906,-44.72025680541992,-44.731239318847656,-44.741947174072266,-44.752384185791016,-44.762542724609375,-44.77242660522461,-44.78203201293945,-44.791351318359375,-44.80038833618164,-44.80913543701172,-44.817588806152344,-44.825748443603516,-44.83361053466797,-44.84117126464844,-44.84843444824219,-44.85540008544922,-44.86206817626953,-44.868438720703125,-44.874515533447266,-44.880306243896484,-44.88581466674805,-44.89104461669922,-44.89600372314453,-44.900699615478516,-44.9051399230957,-44.90933609008789,-44.913291931152344,-44.917022705078125,-44.920536041259766,-44.9238395690918,-44.92694091796875,-44.92985534667969,-44.93259048461914,-44.935150146484375,-44.93754959106445,-44.93979263305664,-44.94188690185547,-44.94384002685547,-44.94566345214844,-44.947357177734375,-44.948936462402344,-44.950401306152344,-44.951759338378906,-44.9530143737793,-44.95417785644531,-44.95525360107422,-44.95624542236328,-44.957157135009766,-44.9579963684082,-44.958770751953125,-44.959476470947266,-44.96012496948242,-44.96072006225586,-44.961265563964844,-44.961761474609375,-44.962215423583984,-44.96263122558594,-44.9630126953125,-44.96335983276367,-44.96367645263672,-44.963966369628906,-44.964229583740234,-44.964473724365234,-44.964698791503906,-44.964900970458984,-44.965091705322266,-44.965267181396484,-44.96542739868164,-44.965576171875,-44.96571350097656,-44.96583938598633,-44.96595764160156,-44.96607208251953,-44.9661750793457,-44.966270446777344,-44.96636199951172,-44.96644973754883,-44.966529846191406,-44.96660614013672,-44.966678619384766,-44.96674728393555,-44.96681213378906,-44.96687698364258,-44.96693420410156,-44.96699142456055,-44.967044830322266,-44.967098236083984,-44.96714401245117,-44.967193603515625,-44.96723937988281,-44.967281341552734,-44.967323303222656,-44.96736526489258,-44.967403411865234,-44.96744155883789,-44.96747589111328,-44.96751022338867,-44.96754455566406,-44.96757507324219,-44.96760940551758,-44.9676399230957,-44.96766662597656,-44.96769714355469,-44.96772384643555,-44.967750549316406,-44.967777252197266,-44.96780014038086,-44.96782684326172,-44.96784973144531,-44.967872619628906,-44.9678955078125,-44.967918395996094,-44.96793746948242,-44.967960357666016,-44.967979431152344,-44.96799850463867,-44.968021392822266,-44.968040466308594,-44.96805953979492,-44.968074798583984,-44.96809387207031,-44.96811294555664,-44.9681282043457,-44.96814727783203,-44.96816635131836,-44.96818161010742,-44.968196868896484,-44.96821594238281,-44.968231201171875,-44.96824645996094,-44.96826171875,-44.96827697753906,-44.96829605102539,-44.96831130981445,-44.968326568603516,-44.96834182739258,-44.96835708618164,-44.9683723449707,-44.968387603759766,-44.96839904785156,-44.968414306640625,-44.96842956542969,-44.96844482421875,-44.96846008300781,-44.968475341796875,-44.96848678588867,-44.968502044677734,-44.9685173034668,-44.96853256225586,-44.968544006347656,-44.96855926513672,-44.96857452392578,-44.968589782714844,-44.96860122680664,-44.9686164855957,-44.968631744384766,-44.96864700317383,-44.968658447265625,-44.96867370605469,-44.96868896484375,-44.96870040893555,-44.96871566772461,-44.96873092651367,-44.968746185302734,-44.96875762939453,-44.968772888183594,-44.968788146972656,-44.96880340576172,-44.968814849853516,-44.96883010864258,-44.96884536743164,-44.9688606262207,-44.9688720703125,-44.96888732910156,-44.968902587890625,-44.96891784667969,-44.968929290771484,-44.96894454956055,-44.96895980834961,-44.96897506713867,-44.968990325927734,-44.9690055847168,-44.96902084350586,-44.969032287597656,-44.96904754638672,-44.96906280517578,-44.969078063964844,-44.969093322753906,-44.96910858154297,-44.96912384033203,-44.969139099121094,-44.969154357910156,-44.96916961669922,-44.96918487548828,-44.969200134277344,-44.969215393066406,-44.96923065185547,-44.96924591064453,-44.969261169433594,-44.96928024291992,-44.969295501708984,-44.96931076049805,-44.96932601928711,-44.96934127807617,-44.969356536865234,-44.96937561035156,-44.969390869140625,-44.96940612792969,-44.96942138671875,-44.96944046020508,-44.96945571899414,-44.9694709777832,-44.96949005126953,-44.969505310058594,-44.969520568847656,-44.969539642333984,-44.96955490112305,-44.969573974609375,-44.96958923339844,-44.969608306884766,-44.96962356567383,-44.969642639160156,-44.96965789794922,-44.96967697143555,-44.96969223022461,-44.96971130371094,-44.969730377197266,-44.96974563598633,-44.969764709472656,-44.969783782958984,-44.96979904174805,-44.969818115234375,-44.9698371887207,-44.96985626220703,-44.969871520996094,-44.96989059448242,-44.96990966796875,-44.96992874145508,-44.969947814941406,-44.969966888427734,-44.96998596191406,-44.97000503540039,-44.97002410888672,-44.97004318237305,-44.970062255859375,-44.9700813293457,-44.97010040283203,-44.97011947631836,-44.97013854980469,-44.970157623291016,-44.97018051147461,-44.97019958496094,-44.970218658447266,-44.970237731933594,-44.97026062011719,-44.970279693603516,-44.970298767089844,-44.97032165527344,-44.970340728759766,-44.97036361694336,-44.97038269042969,-44.97040557861328,-44.97042465209961,-44.9704475402832,-44.97046661376953,-44.970489501953125,-44.97051239013672,-44.97053146362305,-44.97055435180664,-44.970577239990234,-44.97060012817383,-44.970619201660156,-44.97064208984375,-44.970664978027344,-44.97068786621094,-44.97071075439453,-44.970733642578125,-44.97075653076172,-44.97077941894531,-44.970802307128906,-44.9708251953125,-44.970848083496094,-44.97087097167969,-44.97089385986328,-44.97092056274414,-44.970943450927734,-44.97096633911133,-44.97098922729492,-44.97101593017578,-44.971038818359375,-44.97106170654297,-44.97108840942383,-44.97111129760742,-44.97113800048828,-44.97116470336914,-44.971187591552734,-44.971214294433594,-44.97123718261719,-44.97126388549805,-44.971290588378906,-44.971317291259766,-44.97134017944336,-44.97136688232422,-44.97139358520508,-44.97142028808594,-44.9714469909668,-44.971473693847656,-44.971500396728516,-44.971527099609375,-44.971553802490234,-44.97158432006836,-44.97161102294922,-44.97163772583008,-44.97166442871094,-44.97169494628906,-44.97172164916992,-44.97174835205078,-44.971778869628906,-44.971805572509766,-44.97183609008789,-44.971866607666016,-44.971893310546875,-44.971923828125,-44.971954345703125,-44.971981048583984,-44.97201156616211,-44.972042083740234,-44.97207260131836,-44.972103118896484,-44.97213363647461,-44.972164154052734,-44.97219467163086,-44.972225189208984,-44.97225570678711,-44.9722900390625,-44.972320556640625,-44.97235107421875,-44.97238540649414,-44.972415924072266,-44.972450256347656,-44.97248077392578,-44.97251510620117,-44.9725456237793,-44.97257995605469,-44.97261428833008,-44.97264862060547,-44.972679138183594,-44.972713470458984,-44.972747802734375,-44.972782135009766,-44.972816467285156,-44.97285079956055,-44.9728889465332,-44.972923278808594,-44.972957611083984,-44.972991943359375,-44.97303009033203,-44.97306442260742,-44.97310256958008,-44.97313690185547,-44.973175048828125,-44.97321319580078,-44.97325134277344,-44.97328567504883,-44.973323822021484,-44.97336196899414,-44.9734001159668,-44.97343826293945,-44.97347640991211,-44.97351837158203,-44.97355651855469,-44.973594665527344,-44.973636627197266,-44.97367477416992,-44.973716735839844,-44.9737548828125,-44.97379684448242,-44.973838806152344,-44.973880767822266,-44.97391891479492,-44.973960876464844,-44.974002838134766,-44.97404861450195,-44.974090576171875,-44.9741325378418,-44.97417449951172,-44.974220275878906,-44.97426223754883,-44.974308013916016,-44.97434997558594,-44.974395751953125,-44.97444152832031,-44.9744873046875,-44.97453308105469,-44.974578857421875,-44.97462463378906,-44.97467041015625,-44.97471618652344,-44.97476577758789,-44.97481155395508,-44.97486114501953,-44.974910736083984,-44.97495651245117,-44.975006103515625,-44.97505569458008,-44.97510528564453,-44.975154876708984,-44.97520446777344,-44.975257873535156,-44.97530746459961,-44.97536087036133,-44.97541046142578,-44.9754638671875,-44.97551727294922,-44.97557067871094,-44.975624084472656,-44.975677490234375,-44.975730895996094,-44.97578430175781,-44.9758415222168,-44.975894927978516,-44.9759521484375,-44.976009368896484,-44.97606658935547,-44.97612380981445,-44.97618103027344,-44.97623825073242,-44.97629928588867,-44.976356506347656,-44.976417541503906,-44.97647476196289,-44.97653579711914,-44.97659683227539,-44.976661682128906,-44.976722717285156,-44.976783752441406,-44.97684860229492,-44.97691345214844,-44.97697448730469,-44.9770393371582,-44.977108001708984,-44.9771728515625,-44.977237701416016,-44.9773063659668,-44.97737503051758,-44.97744369506836,-44.97751235961914,-44.97758102416992,-44.9776496887207,-44.97772216796875,-44.9777946472168,-44.977867126464844,-44.97793960571289,-44.97801208496094,-44.978084564208984,-44.9781608581543,-44.97823715209961,-44.97831344604492,-44.978389739990234,-44.97846984863281,-44.978546142578125,-44.9786262512207,-44.97870635986328,-44.97878646850586,-44.9788703918457,-44.97895431518555,-44.97903823852539,-44.979122161865234,-44.97920608520508,-44.97929382324219,-44.9793815612793,-44.979469299316406,-44.979557037353516,-44.97964859008789,-44.979740142822266,-44.97983169555664,-44.979923248291016,-44.980018615722656,-44.9801139831543,-44.98020935058594,-44.980308532714844,-44.98040771484375,-44.980506896972656,-44.98060607910156,-44.980709075927734,-44.980812072753906,-44.980918884277344,-44.98102569580078,-44.98113250732422,-44.981239318847656,-44.98134994506836,-44.98146057128906,-44.98157501220703,-44.981685638427734,-44.98180389404297,-44.98191833496094,-44.98203659057617,-44.98215866088867,-44.98228073120117,-44.98240280151367,-44.98252868652344,-44.9826545715332,-44.98278045654297,-44.98291015625,-44.9830436706543,-44.983177185058594,-44.98331069946289,-44.98344802856445,-44.983585357666016,-44.983726501464844,-44.98386764526367,-44.984012603759766,-44.98415756225586,-44.98430633544922,-44.98445510864258,-44.9846076965332,-44.98476028442383,-44.98491668701172,-44.985076904296875,-44.98523712158203,-44.98539733886719,-44.98556137084961,-44.9857292175293,-44.985897064208984,-44.98606872558594,-44.98624038696289,-44.98641586303711,-44.986595153808594,-44.98677444458008,-44.98695755004883,-44.98714065551758,-44.987327575683594,-44.98751449584961,-44.98770523071289,-44.98789978027344,-44.988094329833984,-44.9882926940918,-44.98849105834961,-44.98869323730469,-44.988895416259766,-44.98910140991211,-44.98931121826172,-44.98952102661133,-44.98973083496094,-44.98994445800781,-44.99016189575195,-44.990379333496094,-44.990596771240234,-44.99081802368164,-44.99103927612305,-44.99126052856445,-44.991485595703125,-44.9917106628418,-44.991939544677734,-44.99216842651367,-44.99239730834961,-44.99262619018555,-44.99285888671875,-44.99308776855469,-44.99332046508789,-44.993553161621094,-44.9937858581543,-44.9940185546875,-44.9942512512207,-44.994483947753906,-44.99471664428711,-44.99494934082031,-44.995182037353516,-44.99541473388672,-44.99564743041992,-44.99587631225586,-44.9961051940918,-44.996334075927734,-44.99656295776367,-44.99679183959961,-44.99701690673828,-44.99724197387695,-44.99746322631836,-44.997684478759766,-44.99790573120117,-44.99812316894531,-44.99834060668945,-44.998558044433594,-44.99877166748047,-44.998985290527344,-44.99919509887695,-44.9994010925293,-44.999610900878906,-44.99981689453125,-45.00001907348633,-45.000221252441406,-45.00041961669922,-45.00061798095703,-45.000816345214844,-45.00101089477539,-45.00120162963867,-45.00139617919922,-45.001583099365234,-45.001773834228516,-45.00196075439453,-45.00214385986328,-45.00232696533203,-45.00251007080078,-45.002689361572266,-45.00286865234375,-45.00304412841797,-45.00321960449219,-45.003395080566406,-45.003570556640625,-45.00374221801758,-45.003910064697266,-45.00408172607422,-45.004249572753906,-45.00441360473633,-45.004581451416016,-45.00474548339844,-45.00490951538086,-45.005069732666016,-45.00522994995117,-45.00539016723633,-45.005550384521484,-45.005706787109375,-45.005863189697266,-45.006019592285156,-45.00617218017578,-45.006324768066406,-45.00647735595703,-45.00662612915039,-45.006778717041016,-45.006927490234375,-45.00707244873047,-45.00722122192383,-45.00736618041992,-45.007511138916016,-45.00765609741211,-45.00779724121094,-45.007938385009766,-45.008079528808594,-45.00822067260742,-45.008358001708984,-45.00849533081055,-45.00863265991211,-45.00876998901367,-45.00890350341797,-45.009037017822266,-45.00917053222656,-45.009300231933594,-45.00943374633789,-45.00956344604492,-45.00969314575195,-45.00981903076172,-45.00994873046875,-45.010074615478516,-45.01020050048828,-45.01032638549805,-45.01044845581055,-45.01057434082031,-45.01069641113281,-45.01081466674805,-45.01093673706055,-45.01105880737305,-45.01117706298828,-45.011295318603516,-45.01141357421875,-45.01152801513672,-45.01164627075195,-45.01176071166992,-45.01187515258789,-45.01198959350586,-45.01210403442383,-45.01221466064453,-45.012325286865234,-45.0124397277832,-45.012550354003906,-45.012657165527344,-45.01276779174805,-45.012874603271484,-45.01298522949219,-45.013092041015625,-45.01319885253906,-45.0133056640625,-45.01340866088867,-45.01351547241211,-45.01361846923828,-45.01372146606445,-45.013824462890625,-45.0139274597168,-45.01403045654297,-45.014129638671875,-45.01423263549805,-45.01433181762695,-45.01443099975586,-45.014530181884766,-45.01462936401367,-45.01472854614258,-45.014827728271484,-45.014923095703125,-45.015018463134766,-45.01511764526367,-45.01521301269531,-45.01530838012695,-45.015403747558594,-45.01549530029297,-45.01559066772461,-45.015682220458984,-45.015777587890625,-45.015869140625,-45.015960693359375,-45.01605224609375,-45.016143798828125,-45.0162353515625,-45.01632308959961,-45.016414642333984,-45.016502380371094,-45.01659393310547,-45.01668167114258,-45.01676940917969,-45.0168571472168,-45.016944885253906,-45.01702880859375,-45.01711654663086,-45.0172004699707,-45.01728820800781,-45.017372131347656,-45.0174560546875,-45.017539978027344,-45.01762390136719,-45.01770782470703,-45.017791748046875,-45.01787567138672,-45.0179557800293,-45.01803970336914,-45.01811981201172,-45.0181999206543,-45.018280029296875,-45.01836013793945,-45.01844024658203,-45.01852035522461,-45.01860046386719,-45.018680572509766,-45.01875686645508,-45.018836975097656,-45.01891326904297,-45.01898956298828,-45.019065856933594,-45.019142150878906,-45.01921844482422,-45.01929473876953,-45.019371032714844,-45.01944351196289,-45.0195198059082,-45.01959228515625,-45.0196647644043,-45.01974105834961,-45.019813537597656,-45.0198860168457,-45.01995849609375,-45.0200309753418,-45.02009963989258,-45.020172119140625,-45.020240783691406,-45.02031326293945,-45.020381927490234,-45.02045440673828,-45.02052307128906,-45.020591735839844,-45.020660400390625,-45.020729064941406,-45.02079391479492,-45.0208625793457,-45.020931243896484,-45.02099609375,-45.021060943603516,-45.0211296081543,-45.02119445800781,-45.02125930786133,-45.021324157714844,-45.02138900756836,-45.021453857421875,-45.021514892578125,-45.02157974243164,-45.021644592285156,-45.021705627441406,-45.021766662597656,-45.02183151245117,-45.02189254760742,-45.02195358276367,-45.02201461791992,-45.02207565307617,-45.02213668823242,-45.02219772338867,-45.022254943847656,-45.022315979003906,-45.02237319946289,-45.02243423461914,-45.022491455078125,-45.02254867553711,-45.022605895996094,-45.02266311645508,-45.02272033691406,-45.02277755737305,-45.02283477783203,-45.02288818359375,-45.022945404052734,-45.02300262451172,-45.02305603027344,-45.023109436035156,-45.02316665649414,-45.02322006225586,-45.02327346801758,-45.0233268737793,-45.023380279541016,-45.023433685302734,-45.02348327636719,-45.023536682128906,-45.023590087890625,-45.02363967895508,-45.0236930847168,-45.02374267578125,-45.0237922668457,-45.023841857910156,-45.023895263671875,-45.02394485473633,-45.02399444580078,-45.02404022216797,-45.02408981323242,-45.024139404296875,-45.02418899536133,-45.024234771728516,-45.02428436279297,-45.024330139160156,-45.024375915527344,-45.0244255065918,-45.024471282958984,-45.02451705932617,-45.02456283569336,-45.02460861206055,-45.024654388427734,-45.024696350097656,-45.024742126464844,-45.02478790283203,-45.02482986450195,-45.02487564086914,-45.02491760253906,-45.02496337890625,-45.02500534057617,-45.025047302246094,-45.025089263916016,-45.02513122558594,-45.02517318725586,-45.02521514892578,-45.0252571105957,-45.025299072265625,-45.02534103393555,-45.0253791809082,-45.025421142578125,-45.02546310424805,-45.0255012512207,-45.02553939819336,-45.02558135986328,-45.02561950683594,-45.025657653808594,-45.02569580078125,-45.025733947753906,-45.02577209472656,-45.02581024169922,-45.025848388671875,-45.02588653564453,-45.02592086791992,-45.02595901489258,-45.025997161865234,-45.026031494140625,-45.02606964111328,-45.02610397338867,-45.02613830566406,-45.02617645263672,-45.02621078491211,-45.0262451171875,-45.02627944946289,-45.02631378173828,-45.02634811401367,-45.02638244628906,-45.02641677856445,-45.026451110839844,-45.02648162841797,-45.02651596069336,-45.02655029296875,-45.026580810546875,-45.026615142822266,-45.02664566040039,-45.02667999267578,-45.026710510253906,-45.02674102783203,-45.026771545410156,-45.02680587768555,-45.02683639526367,-45.0268669128418,-45.02689743041992,-45.02692794799805,-45.026954650878906,-45.02698516845703,-45.027015686035156,-45.02704620361328,-45.02707290649414,-45.027103424072266,-45.02713394165039,-45.02716064453125,-45.027191162109375,-45.027217864990234,-45.027244567871094,-45.02727508544922,-45.02730178833008,-45.02732849121094,-45.0273551940918,-45.027381896972656,-45.027408599853516,-45.027435302734375,-45.027462005615234,-45.027488708496094,-45.02751541137695,-45.02754211425781,-45.027565002441406,-45.027591705322266,-45.027618408203125,-45.02764129638672,-45.02766799926758,-45.02769088745117,-45.02771759033203,-45.027740478515625,-45.027767181396484,-45.02779006958008,-45.02781295776367,-45.02783966064453,-45.027862548828125,-45.02788543701172,-45.02790832519531,-45.027931213378906,-45.0279541015625,-45.027976989746094,-45.02799987792969,-45.02802276611328,-45.028045654296875,-45.02806854248047,-45.0280876159668,-45.02811050415039,-45.028133392333984,-45.02815246582031,-45.028175354003906,-45.028194427490234,-45.02821731567383,-45.028236389160156,-45.02825927734375,-45.02827835083008,-45.02830123901367,-45.0283203125,-45.02833938598633,-45.028358459472656,-45.02838134765625,-45.02840042114258,-45.028419494628906,-45.028438568115234,-45.02845764160156,-45.02847671508789,-45.02849578857422,-45.02851486206055,-45.028533935546875,-45.0285530090332,-45.028568267822266,-45.028587341308594,-45.02860641479492,-45.02862548828125,-45.02864074707031,-45.02865982055664,-45.02867889404297,-45.02869415283203,-45.02871322631836,-45.02872848510742,-45.02874755859375,-45.02876281738281,-45.02878189086914,-45.0287971496582,-45.028812408447266,-45.028831481933594,-45.028846740722656,-45.02886199951172,-45.02887725830078,-45.028892517089844,-45.02891159057617,-45.028926849365234,-45.0289421081543,-45.02895736694336,-45.02897262573242,-45.028987884521484,-45.02900314331055,-45.02901840209961,-45.02903366088867,-45.02904510498047,-45.02906036376953,-45.029075622558594,-45.029090881347656,-45.02910614013672,-45.029117584228516,-45.02913284301758,-45.02914810180664,-45.02915954589844,-45.0291748046875,-45.02919006347656,-45.02920150756836,-45.02921676635742,-45.02922821044922,-45.02924346923828,-45.02925491333008,-45.029266357421875,-45.02928161621094,-45.029293060302734,-45.02930450439453,-45.029319763183594,-45.02933120727539,-45.02934265136719,-45.029354095458984,-45.02936935424805,-45.029380798339844,-45.029388427734375,-45.02939987182617,-45.02941131591797,-45.0294189453125,-45.029422760009766,-45.02942657470703,-45.029422760009766,-45.02941131591797
-32.65081787109375,-32.81378936767578,-32.972816467285156,-33.12664794921875,-33.27457046508789,-33.416446685791016,-33.55241394042969,-33.68288803100586,-33.808746337890625,-33.931243896484375,-34.05173873901367,-34.171424865722656,-34.29118728637695,-34.41157150268555,-34.53285598754883,-34.65514373779297,-34.77846145629883,-34.90287780761719,-35.02854537963867,-35.15571975708008,-35.284671783447266,-35.41560745239258,-35.54855728149414,-35.68330383300781,-35.819393157958984,-35.95619583129883,-36.09306716918945,-36.22957992553711,-36.36581039428711,-36.5024528503418,-36.640506744384766,-36.78075408935547,-36.9235954284668,-37.068992614746094,-37.21639633178711,-37.36477279663086,-37.513423919677734,-37.663665771484375,-37.81794357299805,-37.97624588012695,-38.135677337646484,-38.292320251464844,-38.4445686340332,-38.594764709472656,-38.74333953857422,-38.88608932495117,-39.01903533935547,-39.14377975463867,-39.26348876953125,-39.37648010253906,-39.4801139831543,-39.576847076416016,-39.671180725097656,-39.762935638427734,-39.850860595703125,-39.93779754638672,-40.02649688720703,-40.11509704589844,-40.20306396484375,-40.29359436035156,-40.386322021484375,-40.47944259643555,-40.57565689086914,-40.67546844482422,-40.7771110534668,-40.88343048095703,-40.99374008178711,-41.106746673583984,-41.22425842285156,-41.342933654785156,-41.46332550048828,-41.58340072631836,-41.701900482177734,-41.81875228881836,-41.93218231201172,-42.0429573059082,-42.14904022216797,-42.25092315673828,-42.34665298461914,-42.43660354614258,-42.520263671875,-42.59834289550781,-42.671878814697266,-42.74088668823242,-42.8066520690918,-42.86845779418945,-42.927093505859375,-42.982826232910156,-43.03571701049805,-43.08659744262695,-43.13497543334961,-43.1805305480957,-43.223228454589844,-43.27225112915039,-43.3239631652832,-43.37642288208008,-43.428279876708984,-43.47908020019531,-43.528221130371094,-43.57537078857422,-43.620479583740234,-43.66333770751953,-43.70404052734375,-43.742591857910156,-43.77888870239258,-43.81303787231445,-43.845035552978516,-43.87488555908203,-43.902740478515625,-43.928646087646484,-43.95267105102539,-43.974998474121094,-43.99574279785156,-44.01504135131836,-44.03306198120117,-44.0499153137207,-44.06565856933594,-44.08039474487305,-44.094207763671875,-44.10715103149414,-44.11928939819336,-44.13069152832031,-44.14139175415039,-44.16069412231445,-44.18294143676758,-44.2066764831543,-44.231224060058594,-44.25606155395508,-44.2807731628418,-44.305091857910156,-44.32881546020508,-44.35176467895508,-44.373783111572266,-44.394798278808594,-44.414764404296875,-44.43363952636719,-44.45139694213867,-44.468048095703125,-44.483619689941406,-44.498130798339844,-44.51161193847656,-44.52410125732422,-44.535667419433594,-44.54636001586914,-44.55624771118164,-44.56538772583008,-44.57386016845703,-44.581729888916016,-44.58905792236328,-44.59590148925781,-44.602317810058594,-44.608367919921875,-44.614097595214844,-44.61955642700195,-44.624794006347656,-44.629852294921875,-44.6347770690918,-44.63960266113281,-44.644371032714844,-44.64911651611328,-44.65386962890625,-44.65866470336914,-44.66352462768555,-44.66848373413086,-44.67356872558594,-44.678802490234375,-44.684207916259766,-44.6898078918457,-44.69561767578125,-44.70164489746094,-44.70790100097656,-44.71436309814453,-44.7209358215332,-44.727394104003906,-44.733612060546875,-44.74089813232422,-44.75054931640625,-44.75918960571289,-44.76628875732422,-44.77566146850586,-44.785377502441406,-44.79350662231445,-44.8033332824707,-44.81340789794922,-44.82234191894531,-44.83267593383789,-44.84286880493164,-44.85237503051758,-44.862972259521484,-44.87314224243164,-44.88296127319336,-44.893524169921875,-44.90354919433594,-44.91339111328125,-44.923675537109375,-44.933414459228516,-44.9430046081543,-44.95281219482422,-44.962120056152344,-44.971229553222656,-44.98041915893555,-44.989166259765625,-44.997642517089844,-45.006107330322266,-45.01420974731445,-45.021968841552734,-45.029640197753906,-45.03703308105469,-45.04405212402344,-45.050907135009766,-45.05755615234375,-45.06386184692383,-45.069915771484375,-45.075809478759766,-45.08143997192383,-45.08678436279297,-45.091941833496094,-45.096920013427734,-45.10165023803711,-45.10615539550781,-45.11050033569336,-45.11467361450195,-45.118648529052734,-45.122440338134766,-45.1260871887207,-45.12959289550781,-45.13294219970703,-45.136138916015625,-45.13921356201172,-45.142173767089844,-45.14501190185547,-45.147727966308594,-45.150333404541016,-45.15284729003906,-45.15526580810547,-45.157588958740234,-45.159820556640625,-45.16196823120117,-45.164039611816406,-45.16603469848633,-45.1679573059082,-45.169803619384766,-45.17158126831055,-45.17329788208008,-45.174949645996094,-45.17654037475586,-45.17807388305664,-45.17955017089844,-45.18096923828125,-45.182334899902344,-45.18364715576172,-45.184913635253906,-45.186134338378906,-45.18730545043945,-45.18843460083008,-45.189517974853516,-45.19055938720703,-45.191558837890625,-45.19252014160156,-45.19344711303711,-45.1943359375,-45.195186614990234,-45.19601058959961,-45.19679641723633,-45.19755554199219,-45.19828414916992,-45.1989860534668,-45.19965744018555,-45.2003059387207,-45.200927734375,-45.2015266418457,-45.20210266113281,-45.202659606933594,-45.203189849853516,-45.203704833984375,-45.204200744628906,-45.20467758178711,-45.205135345458984,-45.205570220947266,-45.20598602294922,-45.20637130737305,-45.20671081542969,-45.206974029541016,-45.20710372924805,-45.2070426940918,-45.20683670043945,-45.20688247680664,-45.207740783691406,-45.209022521972656,-45.20956039428711,-45.20927047729492,-45.20927047729492,-45.21007537841797,-45.21076583862305,-45.210723876953125,-45.21070098876953,-45.211273193359375,-45.21180725097656,-45.211830139160156,-45.21189880371094,-45.21237564086914,-45.21274948120117,-45.21279525756836,-45.21294403076172,-45.213340759277344,-45.21360778808594,-45.21367645263672,-45.213871002197266,-45.21419906616211,-45.21440124511719,-45.214500427246094,-45.21470642089844,-45.21497344970703,-45.215145111083984,-45.21526336669922,-45.2154655456543,-45.21569061279297,-45.21584701538086,-45.215980529785156,-45.216163635253906,-45.216365814208984,-45.216514587402344,-45.216651916503906,-45.216819763183594,-45.217002868652344,-45.2171516418457,-45.21728515625,-45.21744155883789,-45.21760940551758,-45.21775817871094,-45.217891693115234,-45.21803665161133,-45.21818923950195,-45.21833419799805,-45.21847152709961,-45.218605041503906,-45.21875,-45.21889114379883,-45.219024658203125,-45.219154357910156,-45.21928787231445,-45.219425201416016,-45.21955871582031,-45.21968460083008,-45.219810485839844,-45.219940185546875,-45.220069885253906,-45.22019577026367,-45.22032165527344,-45.22044372558594,-45.22056579589844,-45.2206916809082,-45.2208137512207,-45.22093200683594,-45.22105026245117,-45.221168518066406,-45.22128677368164,-45.221405029296875,-45.221519470214844,-45.22163391113281,-45.22174835205078,-45.22186279296875,-45.22197341918945,-45.22208786010742,-45.222198486328125,-45.22230529785156,-45.222415924072266,-45.22252655029297,-45.222633361816406,-45.222740173339844,-45.22284698486328,-45.22294998168945,-45.22305679321289,-45.22315979003906,-45.223262786865234,-45.223365783691406,-45.22346496582031,-45.223567962646484,-45.22366714477539,-45.2237663269043,-45.2238655090332,-45.22396469116211,-45.22406005859375,-45.22415542602539,-45.22425079345703,-45.22434616088867,-45.22444152832031,-45.22453308105469,-45.22462844848633,-45.2247200012207,-45.22481155395508,-45.22490310668945,-45.22499084472656,-45.22508239746094,-45.22517013549805,-45.225257873535156,-45.225345611572266,-45.225433349609375,-45.22551727294922,-45.22560119628906,-45.22568893432617,-45.225772857666016,-45.225852966308594,-45.22593688964844,-45.226016998291016,-45.22610092163086,-45.22618103027344,-45.226261138916016,-45.22633743286133,-45.226417541503906,-45.22649383544922,-45.2265739440918,-45.22665023803711,-45.22672653198242,-45.226802825927734,-45.22687530517578,-45.226951599121094,-45.22702407836914,-45.22709655761719,-45.227169036865234,-45.227237701416016,-45.22731018066406,-45.227378845214844,-45.22745132446289,-45.22751998901367,-45.22758483886719,-45.2276496887207,-45.22771453857422,-45.2277717590332,-45.22782516479492,-45.227867126464844,-45.22788619995117,-45.22786331176758,-45.22777557373047,-45.227577209472656,-45.22724914550781,-45.22686767578125,-45.226722717285156,-45.22715377807617,-45.228004455566406,-45.228538513183594,-45.22837448120117,-45.22795867919922,-45.227962493896484,-45.22845458984375,-45.22883224487305,-45.22872543334961,-45.22849655151367,-45.22861099243164,-45.22896194458008,-45.229103088378906,-45.22897720336914,-45.22892761230469,-45.229122161865234,-45.22932434082031,-45.22932434082031,-45.22925567626953,-45.229331970214844,-45.22949981689453,-45.22957992553711,-45.22955322265625,-45.22956466674805,-45.22967529296875,-45.22977828979492,-45.229801177978516,-45.22980499267578,-45.229862213134766,-45.229957580566406,-45.23001480102539,-45.23003005981445,-45.23005676269531,-45.230125427246094,-45.230194091796875,-45.23023223876953,-45.230255126953125,-45.23029708862305,-45.2303581237793,-45.23040771484375,-45.230445861816406,-45.23047637939453,-45.23051834106445,-45.230567932128906,-45.230613708496094,-45.230648040771484,-45.230682373046875,-45.23072052001953,-45.23076629638672,-45.23080825805664,-45.23084259033203,-45.23087692260742,-45.23091506958008,-45.230953216552734,-45.23099136352539,-45.23102569580078,-45.23106002807617,-45.23109436035156,-45.23113250732422,-45.23116683959961,-45.231201171875,-45.231231689453125,-45.231266021728516,-45.231300354003906,-45.2313346862793,-45.23136520385742,-45.23139953613281,-45.23143005371094,-45.23146057128906,-45.23149108886719,-45.23152160644531,-45.23155212402344,-45.23158264160156,-45.23161315917969,-45.23164367675781,-45.23167037963867,-45.2317008972168,-45.231727600097656,-45.23175811767578,-45.23178482055664,-45.2318115234375,-45.231842041015625,-45.231868743896484,-45.231895446777344,-45.2319221496582,-45.23194885253906,-45.231971740722656,-45.231998443603516,-45.232025146484375,-45.23204803466797,-45.23207473754883,-45.23209762573242,-45.23212432861328,-45.232147216796875,-45.23217010498047,-45.23219680786133,-45.23221969604492,-45.232242584228516,-45.23226547241211,-45.2322883605957,-45.2323112487793,-45.23233413696289,-45.23235321044922,-45.23237609863281,-45.232398986816406,-45.232418060302734,-45.23244094848633,-45.232460021972656,-45.23248291015625,-45.23250198364258,-45.23252487182617,-45.2325439453125,-45.23256301879883,-45.232582092285156,-45.232601165771484,-45.23262023925781,-45.23263931274414,-45.23265838623047,-45.2326774597168,-45.232696533203125,-45.23271560668945,-45.23273468017578,-45.232749938964844,-45.23276901245117,-45.2327880859375,-45.23280334472656,-45.23282241821289,-45.23283767700195,-45.23285675048828,-45.232872009277344,-45.232887268066406,-45.232906341552734,-45.2329216003418,-45.23293685913086,-45.23295211791992,-45.232967376708984,-45.23298263549805,-45.23299789428711,-45.23301315307617,-45.233028411865234,-45.23303985595703,-45.233055114746094,-45.233062744140625,-45.23307418823242,-45.23307800292969,-45.23307418823242,-45.233062744140625,-45.2330322265625
-32.325050354003906,-32.450130462646484,-32.565826416015625,-32.678157806396484,-32.79079055786133,-32.90364074707031,-33.015541076660156,-33.125614166259766,-33.23414993286133,-33.34172058105469,-33.448638916015625,-33.555442810058594,-33.662960052490234,-33.7718620300293,-33.882266998291016,-33.99467849731445,-34.112178802490234,-34.23848342895508,-34.375648498535156,-34.524288177490234,-34.683528900146484,-34.85170364379883,-35.03021240234375,-35.22395324707031,-35.432518005371094,-35.650421142578125,-35.87458419799805,-36.10966110229492,-36.35565948486328,-36.60466384887695,-36.85517501831055,-37.111515045166016,-37.366519927978516,-37.61301040649414,-37.854949951171875,-38.08882141113281,-38.308982849121094,-38.52215576171875,-38.727325439453125,-38.9216194152832,-39.11119842529297,-39.29248046875,-39.4644660949707,-39.630794525146484,-39.786903381347656,-39.93525314331055,-40.076210021972656,-40.20728302001953,-40.33234786987305,-40.449607849121094,-40.561920166015625,-40.671443939208984,-40.77827072143555,-40.885719299316406,-40.99202346801758,-41.09894943237305,-41.20515823364258,-41.31089782714844,-41.41604232788086,-41.51966857910156,-41.62217712402344,-41.722129821777344,-41.8203239440918,-41.91554260253906,-42.00859451293945,-42.09821701049805,-42.1849250793457,-42.267662048339844,-42.34715270996094,-42.42292022705078,-42.49584197998047,-42.56559371948242,-42.63274383544922,-42.69694900512695,-42.75849533081055,-42.81711196899414,-42.87278366088867,-42.92542266845703,-42.9761848449707,-43.02752685546875,-43.078338623046875,-43.12825393676758,-43.1770133972168,-43.2244758605957,-43.270389556884766,-43.31459426879883,-43.35685729980469,-43.3971061706543,-43.43525314331055,-43.471378326416016,-43.505496978759766,-43.5377311706543,-43.568084716796875,-43.59667205810547,-43.62351608276367,-43.64875030517578,-43.672454833984375,-43.69475173950195,-43.7157096862793,-43.73542785644531,-43.75399398803711,-43.77149963378906,-43.78805923461914,-43.80373764038086,-43.81861114501953,-43.832706451416016,-43.846073150634766,-43.85873031616211,-43.8707160949707,-43.8820686340332,-43.895896911621094,-43.91056442260742,-43.925437927246094,-43.94033432006836,-43.95504379272461,-43.969444274902344,-43.9835205078125,-43.997318267822266,-44.0108528137207,-44.024147033691406,-44.0372314453125,-44.05010223388672,-44.062705993652344,-44.074989318847656,-44.086917877197266,-44.098480224609375,-44.10966873168945,-44.12049102783203,-44.13097381591797,-44.14114761352539,-44.15103530883789,-44.160640716552734,-44.16996765136719,-44.17902374267578,-44.18781280517578,-44.19633102416992,-44.204593658447266,-44.21260452270508,-44.220375061035156,-44.22792434692383,-44.23525619506836,-44.24238586425781,-44.24932861328125,-44.2560920715332,-44.262691497802734,-44.269142150878906,-44.27545928955078,-44.281654357910156,-44.28773880004883,-44.293731689453125,-44.29964065551758,-44.30548095703125,-44.31126403808594,-44.31700134277344,-44.32270431518555,-44.328392028808594,-44.33407211303711,-44.33975601196289,-44.345458984375,-44.35118103027344,-44.35693359375,-44.36272430419922,-44.368553161621094,-44.37442398071289,-44.380340576171875,-44.38630676269531,-44.3923225402832,-44.39839172363281,-44.404510498046875,-44.41067886352539,-44.416900634765625,-44.42316818237305,-44.429481506347656,-44.43584060668945,-44.44224548339844,-44.448692321777344,-44.45518112182617,-44.461708068847656,-44.4682731628418,-44.47486877441406,-44.48149490356445,-44.4881477355957,-44.49482345581055,-44.50151062011719,-44.508209228515625,-44.51491165161133,-44.52161407470703,-44.5283088684082,-44.53499221801758,-44.54166030883789,-44.548301696777344,-44.55491638183594,-44.56149673461914,-44.56803512573242,-44.57453536987305,-44.58097839355469,-44.587364196777344,-44.593685150146484,-44.599937438964844,-44.60610580444336,-44.612186431884766,-44.6181755065918,-44.62406539916992,-44.62984848022461,-44.63551330566406,-44.64106369018555,-44.646484375,-44.651771545410156,-44.65692138671875,-44.66192626953125,-44.666778564453125,-44.671478271484375,-44.67601776123047,-44.68039321899414,-44.68460464477539,-44.68864440917969,-44.69251251220703,-44.69620895385742,-44.699729919433594,-44.70307922363281,-44.70625305175781,-44.70925521850586,-44.71208953857422,-44.71475601196289,-44.717254638671875,-44.71959686279297,-44.721778869628906,-44.723812103271484,-44.72570037841797,-44.72744369506836,-44.72905731201172,-44.73053741455078,-44.73189926147461,-44.7331428527832,-44.734275817871094,-44.73530960083008,-44.73624801635742,-44.737098693847656,-44.73786544799805,-44.738555908203125,-44.73917770385742,-44.7397346496582,-44.740230560302734,-44.74067687988281,-44.7410774230957,-44.741432189941406,-44.74174880981445,-44.74203109741211,-44.74228286743164,-44.74250793457031,-44.74271011352539,-44.742889404296875,-44.7430534362793,-44.74319839477539,-44.74333190917969,-44.74345397949219,-44.74356460571289,-44.74366760253906,-44.74375915527344,-44.74385070800781,-44.74393081665039,-44.74401092529297,-44.744083404541016,-44.7441520690918,-44.74422073364258,-44.744285583496094,-44.744346618652344,-44.744407653808594,-44.744468688964844,-44.74452590942383,-44.74457931518555,-44.74463653564453,-44.74468994140625,-44.74474334716797,-44.74479675292969,-44.74484634399414,-44.744895935058594,-44.74494552612305,-44.7449951171875,-44.74504470825195,-44.745094299316406,-44.745140075683594,-44.74518585205078,-44.745235443115234,-44.74528121948242,-44.74532699584961,-44.7453727722168,-44.74541473388672,-44.745460510253906,-44.745506286621094,-44.745548248291016,-44.7455940246582,-44.745635986328125,-44.74567794799805,-44.745723724365234,-44.745765686035156,-44.74580764770508,-44.745849609375,-44.74589157104492,-44.745933532714844,-44.745975494384766,-44.74601745605469,-44.74605941772461,-44.74610137939453,-44.74614334106445,-44.74618148803711,-44.74622344970703,-44.74626541137695,-44.74630355834961,-44.74634552001953,-44.74638366699219,-44.74642562866211,-44.746463775634766,-44.74650573730469,-44.746543884277344,-44.74658203125,-44.74662399291992,-44.74666213989258,-44.746700286865234,-44.74673843383789,-44.74677658081055,-44.7468147277832,-44.746856689453125,-44.74689483642578,-44.74693298339844,-44.74696731567383,-44.747005462646484,-44.74704360961914,-44.7470817565918,-44.74711990356445,-44.74715805053711,-44.7471923828125,-44.747230529785156,-44.74726867675781,-44.7473030090332,-44.74734115600586,-44.74737548828125,-44.747413635253906,-44.7474479675293,-44.74748611450195,-44.747520446777344,-44.747554779052734,-44.74759292602539,-44.74762725830078,-44.74766159057617,-44.74769973754883,-44.74773406982422,-44.74776840209961,-44.747802734375,-44.74783706665039,-44.74787139892578,-44.74790573120117,-44.74794006347656,-44.74797439575195,-44.748008728027344,-44.74803924560547,-44.74807357788086,-44.74810791015625,-44.74814224243164,-44.748172760009766,-44.748207092285156,-44.74824142456055,-44.74827194213867,-44.74830627441406,-44.74833679199219,-44.74837112426758,-44.7484016418457,-44.74843215942383,-44.74846649169922,-44.748497009277344,-44.74852752685547,-44.748558044433594,-44.748592376708984,-44.74862289428711,-44.748653411865234,-44.74868392944336,-44.748714447021484,-44.74874496459961,-44.748775482177734,-44.74880599975586,-44.748836517333984,-44.748863220214844,-44.74889373779297,-44.748924255371094,-44.74895477294922,-44.74898147583008,-44.7490119934082,-44.74904251098633,-44.74906921386719,-44.74909973144531,-44.74912643432617,-44.7491569519043,-44.749183654785156,-44.749210357666016,-44.74924087524414,-44.749267578125,-44.74929428100586,-44.74932098388672,-44.749351501464844,-44.7493782043457,-44.74940490722656,-44.74943161010742,-44.74945831298828,-44.74948501586914,-44.74951171875,-44.74953842163086,-44.74956512451172,-44.74958801269531,-44.74961471557617,-44.74964141845703,-44.74966812133789,-44.749691009521484,-44.749717712402344,-44.74974060058594,-44.7497673034668,-44.749794006347656,-44.74981689453125,-44.749839782714844,-44.7498664855957,-44.7498893737793,-44.749916076660156,-44.74993896484375,-44.749961853027344,-44.74998474121094,-44.75000762939453,-44.75003433227539,-44.750057220458984,-44.75008010864258,-44.75010299682617,-44.750125885009766,-44.75014877319336,-44.75017166137695,-44.75019454956055,-44.750213623046875,-44.75023651123047,-44.75025939941406,-44.750282287597656,-44.750301361083984,-44.75032424926758,-44.75034713745117,-44.7503662109375,-44.750389099121094,-44.75040817260742,-44.750431060791016,-44.750450134277344,-44.75047302246094,-44.750492095947266,-44.75051498413086,-44.75053405761719,-44.750553131103516,-44.750572204589844,-44.75059509277344,-44.750614166259766,-44.750633239746094,-44.75065231323242,-44.75067138671875,-44.75069046020508,-44.750709533691406,-44.750728607177734,-44.75074768066406,-44.75076675415039,-44.75078582763672,-44.75080490112305,-44.75082015991211,-44.75083923339844,-44.750858306884766,-44.750877380371094,-44.750892639160156,-44.750911712646484,-44.75093078613281,-44.750946044921875,-44.7509651184082,-44.750980377197266,-44.750999450683594,-44.751014709472656,-44.751033782958984,-44.75104904174805,-44.75106430053711,-44.75108337402344,-44.7510986328125,-44.75111389160156,-44.751129150390625,-44.75114822387695,-44.751163482666016,-44.75117874145508,-44.75119400024414,-44.7512092590332,-44.751224517822266,-44.75123977661133,-44.75125503540039,-44.75127029418945,-44.751285552978516,-44.75130081176758,-44.75131607055664,-44.7513313293457,-44.751346588134766,-44.75135803222656,-44.751373291015625,-44.75138854980469,-44.75140380859375,-44.75141525268555,-44.75143051147461,-44.751441955566406,-44.75145721435547,-44.75147247314453,-44.75148391723633,-44.75149917602539,-44.75151062011719,-44.75152587890625,-44.75153732299805,-44.751548767089844,-44.751564025878906,-44.7515754699707,-44.751590728759766,-44.75160217285156,-44.75161361694336,-44.751625061035156,-44.75164031982422,-44.751651763916016,-44.75166320800781,-44.75167465209961,-44.751686096191406,-44.7516975402832,-44.751708984375,-44.7517204284668,-44.751731872558594,-44.75174331665039,-44.75175476074219,-44.751766204833984,-44.75177764892578,-44.75178909301758,-44.751800537109375,-44.75181198120117,-44.7518196105957,-44.751827239990234,-44.751834869384766,-44.75183868408203,-44.751834869384766,-44.75182342529297
-31.535457611083984,-31.732961654663086,-31.9166316986084,-32.08586120605469,-32.24302291870117,-32.3895263671875,-32.52604293823242,-32.65330505371094,-32.77217102050781,-32.88349914550781,-32.98810577392578,-33.08682632446289,-33.18053436279297,-33.27018356323242,-33.35681915283203,-33.44153594970703,-33.52534484863281,-33.60909652709961,-33.69342041015625,-33.778709411621094,-33.86514663696289,-33.95270919799805,-34.04119110107422,-34.13022232055664,-34.21929931640625,-34.307838439941406,-34.39529037475586,-34.481258392333984,-34.56566619873047,-34.648868560791016,-34.731712341308594,-34.81544494628906,-34.90153884887695,-34.99139404296875,-35.08617401123047,-35.186676025390625,-35.29338073730469,-35.406532287597656,-35.52619934082031,-35.65230178833008,-35.784507751464844,-35.922142028808594,-36.064178466796875,-36.20961380004883,-36.358177185058594,-36.510780334472656,-36.66883850097656,-36.83268737792969,-37.000526428222656,-37.16891860961914,-37.33497619628906,-37.499202728271484,-37.66563415527344,-37.83749008178711,-38.01327896118164,-38.18749237060547,-38.35554504394531,-38.51833724975586,-38.67925262451172,-38.83809280395508,-38.9930534362793,-39.1466064453125,-39.303550720214844,-39.463462829589844,-39.62265396118164,-39.78141403198242,-39.94173812866211,-40.09994125366211,-40.25197219848633,-40.4002685546875,-40.54469299316406,-40.67975997924805,-40.805904388427734,-40.92660140991211,-41.040889739990234,-41.15068817138672,-41.25833511352539,-41.36102294921875,-41.45974349975586,-41.55585479736328,-41.64685821533203,-41.73406982421875,-41.817039489746094,-41.89444351196289,-41.968284606933594,-42.037811279296875,-42.10443115234375,-42.16939926147461,-42.231788635253906,-42.29264450073242,-42.35110092163086,-42.40789031982422,-42.46332550048828,-42.51679229736328,-42.56891632080078,-42.61906814575195,-42.66793441772461,-42.717044830322266,-42.7676887512207,-42.818660736083984,-42.868892669677734,-42.91827392578125,-42.96636199951172,-43.01291275024414,-43.057823181152344,-43.1007080078125,-43.14165115356445,-43.18046569824219,-43.21730422973633,-43.25232696533203,-43.28567886352539,-43.31772994995117,-43.34861373901367,-43.37861633300781,-43.4077262878418,-43.43603515625,-43.46358108520508,-43.49043273925781,-43.516685485839844,-43.54232406616211,-43.56741714477539,-43.59193801879883,-43.61592483520508,-43.6392936706543,-43.662052154541016,-43.68415832519531,-43.70565414428711,-43.726531982421875,-43.746829986572266,-43.76654815673828,-43.78571319580078,-43.80432891845703,-43.822418212890625,-43.84000015258789,-43.85708999633789,-43.87370681762695,-43.88987350463867,-43.90559005737305,-43.920860290527344,-43.93568801879883,-43.95008850097656,-43.96406936645508,-43.97764205932617,-43.99081802368164,-44.00360870361328,-44.016021728515625,-44.02806854248047,-44.03975296020508,-44.05109786987305,-44.07530212402344,-44.10383987426758,-44.13469314575195,-44.1669921875,-44.200042724609375,-44.23334503173828,-44.26667785644531,-44.29994201660156,-44.333003997802734,-44.36568069458008,-44.397804260253906,-44.429237365722656,-44.45986557006836,-44.4896125793457,-44.518436431884766,-44.546302795410156,-44.573211669921875,-44.59918212890625,-44.62427520751953,-44.64854049682617,-44.6719970703125,-44.694671630859375,-44.716590881347656,-44.737770080566406,-44.75822448730469,-44.7779541015625,-44.79696273803711,-44.815269470214844,-44.832889556884766,-44.84983825683594,-44.86613082885742,-44.88178253173828,-44.89680480957031,-44.911216735839844,-44.925025939941406,-44.9382438659668,-44.95087814331055,-44.96294021606445,-44.97444152832031,-44.98540115356445,-44.99583435058594,-45.00576400756836,-45.01520538330078,-45.02418518066406,-45.0327262878418,-45.04084777832031,-45.04856491088867,-45.055904388427734,-45.0628776550293,-45.06950759887695,-45.075809478759766,-45.08180236816406,-45.087493896484375,-45.09291076660156,-45.098060607910156,-45.10295867919922,-45.10762023925781,-45.112056732177734,-45.116275787353516,-45.120296478271484,-45.12411880493164,-45.12775802612305,-45.13121795654297,-45.1345100402832,-45.13764572143555,-45.140625,-45.14345932006836,-45.146156311035156,-45.14872360229492,-45.15116500854492,-45.15348815917969,-45.15570068359375,-45.15780258178711,-45.15980529785156,-45.161712646484375,-45.16353225708008,-45.16526412963867,-45.16691207885742,-45.168487548828125,-45.169986724853516,-45.17142105102539,-45.17279052734375,-45.17409896850586,-45.175350189208984,-45.17654800415039,-45.17769241333008,-45.17879104614258,-45.17984390258789,-45.180850982666016,-45.18181610107422,-45.18274688720703,-45.18363952636719,-45.18449401855469,-45.18532180786133,-45.18611526489258,-45.1868782043457,-45.18761444091797,-45.188323974609375,-45.18900680541992,-45.189666748046875,-45.1903076171875,-45.190921783447266,-45.19152069091797,-45.19209671020508,-45.192657470703125,-45.193199157714844,-45.1937255859375,-45.194236755371094,-45.194732666015625,-45.195213317871094,-45.1956787109375,-45.196136474609375,-45.19657897949219,-45.1970100402832,-45.19743347167969,-45.19784164428711,-45.1982421875,-45.198631286621094,-45.199012756347656,-45.19938659667969,-45.19974899291992,-45.20010757446289,-45.20045471191406,-45.2007942199707,-45.20112991333008,-45.20145797729492,-45.201778411865234,-45.202091217041016,-45.20240020751953,-45.202701568603516,-45.20299530029297,-45.20328903198242,-45.203575134277344,-45.203853607177734,-45.20412826538086,-45.20439910888672,-45.20466613769531,-45.20492935180664,-45.2051887512207,-45.205440521240234,-45.205692291259766,-45.205936431884766,-45.2061767578125,-45.206417083740234,-45.20664978027344,-45.20688247680664,-45.20711135864258,-45.20733642578125,-45.207557678222656,-45.2077751159668,-45.20799255371094,-45.20820617675781,-45.20841598510742,-45.20862579345703,-45.20882797241211,-45.20903015136719,-45.209232330322266,-45.20943069458008,-45.209625244140625,-45.20981979370117,-45.21001052856445,-45.21019744873047,-45.210384368896484,-45.2105712890625,-45.21075439453125,-45.210933685302734,-45.21111297607422,-45.2112922668457,-45.21146774291992,-45.211639404296875,-45.21181106567383,-45.21198272705078,-45.212154388427734,-45.21232223510742,-45.212486267089844,-45.212650299072266,-45.21281433105469,-45.21297836303711,-45.213138580322266,-45.21329879760742,-45.21345520019531,-45.2136116027832,-45.213768005371094,-45.21392059326172,-45.21407699584961,-45.214229583740234,-45.214378356933594,-45.21452713012695,-45.21467590332031,-45.21482467651367,-45.21497344970703,-45.215118408203125,-45.21526336669922,-45.21540832519531,-45.21554946899414,-45.21569061279297,-45.2158317565918,-45.215972900390625,-45.21611404418945,-45.216251373291016,-45.21638870239258,-45.21652603149414,-45.2166633605957,-45.216796875,-45.2169303894043,-45.217063903808594,-45.21719741821289,-45.21733093261719,-45.21746063232422,-45.21759033203125,-45.21772003173828,-45.21784973144531,-45.217979431152344,-45.21810531616211,-45.218231201171875,-45.21835708618164,-45.218482971191406,-45.21860885620117,-45.21873092651367,-45.21885681152344,-45.21897888183594,-45.21910095214844,-45.21921920776367,-45.21934127807617,-45.219459533691406,-45.21957778930664,-45.21969985961914,-45.21981430053711,-45.219932556152344,-45.22005081176758,-45.22016525268555,-45.220279693603516,-45.220394134521484,-45.22050857543945,-45.22062301635742,-45.220733642578125,-45.220848083496094,-45.2209587097168,-45.2210693359375,-45.2211799621582,-45.22128677368164,-45.221397399902344,-45.22150421142578,-45.22161102294922,-45.221717834472656,-45.221824645996094,-45.22193145751953,-45.22203826904297,-45.22214126586914,-45.22224426269531,-45.222347259521484,-45.222450256347656,-45.22255325317383,-45.22265625,-45.222755432128906,-45.22285461425781,-45.22295379638672,-45.223052978515625,-45.22314453125,-45.22323226928711,-45.223304748535156,-45.223350524902344,-45.22333908081055,-45.223209381103516,-45.22287368774414,-45.222259521484375,-45.22159194946289,-45.221649169921875,-45.22291946411133,-45.22413635253906,-45.22393798828125,-45.22315979003906,-45.22340774536133,-45.22439193725586,-45.22452926635742,-45.2239990234375,-45.22416687011719,-45.22484588623047,-45.224876403808594,-45.22456359863281,-45.224830627441406,-45.22526550292969,-45.22518539428711,-45.225067138671875,-45.225379943847656,-45.225608825683594,-45.22550582885742,-45.22555160522461,-45.22582244873047,-45.225914001464844,-45.225860595703125,-45.225990295410156,-45.2261848449707,-45.22621536254883,-45.226226806640625,-45.22637939453125,-45.226505279541016,-45.226524353027344,-45.226585388183594,-45.226722717285156,-45.226806640625,-45.22684097290039,-45.226924896240234,-45.2270393371582,-45.22710418701172,-45.22715377807617,-45.22724151611328,-45.22733688354492,-45.22739791870117,-45.22745895385742,-45.227542877197266,-45.22762680053711,-45.22768783569336,-45.227752685546875,-45.22783279418945,-45.227909088134766,-45.227970123291016,-45.22803497314453,-45.228111267089844,-45.228179931640625,-45.22824478149414,-45.22830581665039,-45.22837829589844,-45.22844696044922,-45.228511810302734,-45.228572845458984,-45.228641510009766,-45.22870635986328,-45.22876739501953,-45.22882843017578,-45.2288932800293,-45.22895812988281,-45.22901916503906,-45.22908020019531,-45.22914123535156,-45.22920227050781,-45.22926330566406,-45.22932434082031,-45.2293815612793,-45.22944259643555,-45.22949981689453,-45.229557037353516,-45.2296142578125,-45.229671478271484,-45.22972869873047,-45.22978591918945,-45.22984313964844,-45.229896545410156,-45.22995376586914,-45.23000717163086,-45.230064392089844,-45.23011779785156,-45.23017120361328,-45.230224609375,-45.23027801513672,-45.23033142089844,-45.23038101196289,-45.23043441772461,-45.23048400878906,-45.23053741455078,-45.230587005615234,-45.23063659667969,-45.23068618774414,-45.230735778808594,-45.23078536987305,-45.2308349609375,-45.23088073730469,-45.23093032836914,-45.23097610473633,-45.23102569580078,-45.23107147216797,-45.231117248535156,-45.231163024902344,-45.23120880126953,-45.23125457763672,-45.231300354003906,-45.231346130371094,-45.23139190673828,-45.2314338684082,-45.23147964477539,-45.23152160644531,-45.231563568115234,-45.231605529785156,-45.231651306152344,-45.231693267822266,-45.23173522949219,-45.231773376464844,-45.231815338134766,-45.23185729980469,-45.231895446777344,-45.231937408447266,-45.23197555541992,-45.232017517089844,-45.2320556640625,-45.232093811035156,-45.23213195800781,-45.23217010498047,-45.232208251953125,-45.23224639892578,-45.23228454589844,-45.232322692871094,-45.232357025146484,-45.23239517211914,-45.23242950439453,-45.23246765136719,-45.23250198364258,-45.23253631591797,-45.23257064819336,-45.23260498046875,-45.23263931274414,-45.23267364501953,-45.23270797729492,-45.23274230957031,-45.2327766418457,-45.23280715942383,-45.23284149169922,-45.232872009277344,-45.232906341552734,-45.23293685913086,-45.232967376708984,-45.233001708984375,-45.2330322265625,-45.233062744140625,-45.23309326171875,-45.233123779296875,-45.233154296875,-45.233184814453125,-45.233211517333984,-45.23324203491211,-45.233272552490234,-45.233299255371094,-45.23332977294922,-45.23335647583008,-45.23338317871094,-45.23341369628906,-45.23344039916992,-45.23346710205078,-45.23349380493164,-45.2335205078125,-45.23354721069336,-45.23357391357422,-45.23360061645508,-45.23362731933594,-45.2336540222168,-45.23367691040039,-45.23370361328125,-45.233726501464844,-45.2337532043457,-45.2337760925293,-45.233802795410156,-45.23382568359375,-45.233848571777344,-45.2338752746582,-45.2338981628418,-45.23392105102539,-45.233943939208984,-45.23396682739258,-45.23398971557617,-45.234012603759766,-45.234031677246094,-45.23405456542969,-45.234073638916016,-45.23408889770508,-45.23410415649414,-45.23411178588867,-45.234107971191406,-45.23408508300781,-45.23402404785156,-45.23390197753906,-45.233680725097656,-45.23331832885742,-45.23284149169922,-45.232444763183594,-45.23251724243164,-45.233238220214844,-45.234107971191406,-45.23436737060547,-45.23395538330078,-45.23352813720703,-45.23366928100586,-45.23420715332031,-45.23447799682617,-45.234249114990234,-45.233985900878906,-45.23411560058594,-45.23445510864258,-45.23455047607422,-45.234371185302734,-45.23427200317383,-45.234432220458984,-45.234622955322266,-45.23460388183594,-45.23448944091797,-45.234500885009766,-45.23463821411133,-45.23471450805664,-45.23466873168945,-45.234622955322266,-45.234676361083984,-45.23476791381836,-45.23478317260742,-45.23474884033203,-45.23474884033203,-45.234806060791016,-45.2348518371582,-45.2348518371582,-45.23483657836914,-45.23485565185547,-45.23489761352539,-45.23492431640625,-45.23492431640625,-45.23492431640625,-45.234947204589844,-45.23497772216797,-45.23499298095703,-45.2349967956543,-45.23500442504883,-45.235023498535156,-45.23504638671875,-45.23505783081055,-45.23506546020508,-45.23507308959961,-45.23509216308594,-45.235107421875,-45.23512268066406,-45.235130310058594,-45.23514175415039,-45.23515319824219,-45.23516845703125,-45.23518371582031,-45.235191345214844,-45.23520278930664,-45.23521423339844,-45.235225677490234,-45.23523712158203,-45.23524856567383,-45.235260009765625,-45.235267639160156,-45.23527908325195,-45.235294342041016,-45.23530197143555,-45.235313415527344,-45.235321044921875,-45.23533248901367,-45.23534393310547,-45.235355377197266,-45.2353630065918,-45.235374450683594,-45.235382080078125,-45.23539352416992,-45.23540115356445,-45.23541259765625,-45.23542022705078,-45.23543167114258,-45.23543930053711,-45.235450744628906,-45.23545837402344,-45.23546600341797,-45.235477447509766,-45.2354850769043,-45.23549270629883,-45.23550033569336,-45.235511779785156,-45.23551940917969,-45.23552703857422,-45.23553466796875,-45.23554229736328,-45.23554992675781,-45.23556137084961,-45.23556900024414,-45.23557662963867,-45.2355842590332,-45.235591888427734,-45.235599517822266,-45.2356071472168,-45.23561477661133,-45.23562240600586,-45.23563003540039,-45.235633850097656
-32.267757415771484,-32.4594612121582,-32.646751403808594,-32.82832717895508,-33.00555419921875,-33.18227767944336,-33.36101150512695,-33.5416145324707,-33.72256088256836,-33.901824951171875,-34.07745361328125,-34.248138427734375,-34.41374969482422,-34.57536697387695,-34.73454666137695,-34.892333984375,-35.048770904541016,-35.2030143737793,-35.35372543334961,-35.4994010925293,-35.638675689697266,-35.77074432373047,-35.89591598510742,-36.01613998413086,-36.13474655151367,-36.254947662353516,-36.378211975097656,-36.5037727355957,-36.62935256958008,-36.752769470214844,-36.874237060546875,-36.997352600097656,-37.126285552978516,-37.2617301940918,-37.40072250366211,-37.54051208496094,-37.68312072753906,-37.834632873535156,-37.997833251953125,-38.16912841796875,-38.34452438354492,-38.526580810546875,-38.720001220703125,-38.921653747558594,-39.12511444091797,-39.33184814453125,-39.544830322265625,-39.75725173950195,-39.963199615478516,-40.165775299072266,-40.362823486328125,-40.548622131347656,-40.72793197631836,-40.903316497802734,-41.07112503051758,-41.23500061035156,-41.39415740966797,-41.54222869873047,-41.680484771728516,-41.80620574951172,-41.9167366027832,-42.01509475708008,-42.098052978515625,-42.16594314575195,-42.220401763916016,-42.26096725463867,-42.292930603027344,-42.31804275512695,-42.33843994140625,-42.36474609375,-42.39305877685547,-42.42374801635742,-42.45634841918945,-42.489444732666016,-42.52313232421875,-42.55609893798828,-42.58814239501953,-42.619747161865234,-42.6502571105957,-42.67994689941406,-42.708316802978516,-42.734745025634766,-42.75944900512695,-42.78203582763672,-42.80276107788086,-42.82178497314453,-42.83900833129883,-42.85491943359375,-42.86955261230469,-42.88323211669922,-42.896217346191406,-42.90848159790039,-42.92028045654297,-42.93153381347656,-42.94234848022461,-42.9527702331543,-42.96269989013672,-42.972198486328125,-42.981136322021484,-42.98954772949219,-42.9974479675293,-43.01398468017578,-43.03319549560547,-43.05362319946289,-43.074527740478516,-43.0954475402832,-43.11613845825195,-43.13652801513672,-43.15654373168945,-43.17615509033203,-43.19535827636719,-43.21415710449219,-43.23262023925781,-43.25079345703125,-43.268741607666016,-43.286521911621094,-43.304168701171875,-43.321712493896484,-43.33913803100586,-43.3564338684082,-43.373565673828125,-43.390499114990234,-43.4072151184082,-43.4236946105957,-43.439945220947266,-43.45595932006836,-43.47175216674805,-43.487327575683594,-43.502689361572266,-43.517845153808594,-43.53279495239258,-43.547542572021484,-43.56208801269531,-43.57643508911133,-43.590579986572266,-43.60452651977539,-43.61827850341797,-43.63182067871094,-43.6451530456543,-43.65826416015625,-43.6711540222168,-43.683815002441406,-43.69623947143555,-43.70842742919922,-43.720375061035156,-43.732086181640625,-43.74356460571289,-43.75481033325195,-43.76582336425781,-43.77660369873047,-43.78715515136719,-43.7974739074707,-43.807559967041016,-43.81741714477539,-43.82704162597656,-43.83643341064453,-43.84559631347656,-43.854522705078125,-43.86321258544922,-43.871673583984375,-43.8798942565918,-43.887882232666016,-43.89563751220703,-43.903160095214844,-43.91045379638672,-43.91752243041992,-43.92436599731445,-43.93098831176758,-43.9373893737793,-43.943580627441406,-43.94955825805664,-43.95532989501953,-43.96089553833008,-43.96626281738281,-43.971431732177734,-43.976409912109375,-43.981201171875,-43.98580551147461,-43.990230560302734,-43.994476318359375,-43.99855422973633,-44.00246047973633,-44.00620651245117,-44.009796142578125,-44.01322937011719,-44.01651382446289,-44.019657135009766,-44.02265930175781,-44.02552795410156,-44.02826690673828,-44.030879974365234,-44.03337478637695,-44.0357551574707,-44.03802490234375,-44.040184020996094,-44.04224395751953,-44.04420852661133,-44.046077728271484,-44.04785919189453,-44.049556732177734,-44.05117416381836,-44.052711486816406,-44.054176330566406,-44.05557632446289,-44.056907653808594,-44.05817413330078,-44.059383392333984,-44.0605354309082,-44.06163787841797,-44.062686920166016,-44.06368637084961,-44.06464385986328,-44.06555938720703,-44.06643295288086,-44.0672721862793,-44.06807327270508,-44.06884002685547,-44.069576263427734,-44.070281982421875,-44.07095718383789,-44.07160949707031,-44.07223129272461,-44.07283401489258,-44.07341384887695,-44.073970794677734,-44.07450866699219,-44.07502365112305,-44.075523376464844,-44.07600784301758,-44.076473236083984,-44.076927185058594,-44.077362060546875,-44.07778549194336,-44.07819366455078,-44.07859420776367,-44.0789794921875,-44.07935333251953,-44.079715728759766,-44.08007049560547,-44.080413818359375,-44.080745697021484,-44.08107376098633,-44.081390380859375,-44.08169937133789,-44.082000732421875,-44.08229446411133,-44.08258056640625,-44.082862854003906,-44.08313751220703,-44.083404541015625,-44.08366394042969,-44.08392333984375,-44.084171295166016,-44.08441925048828,-44.084659576416016,-44.084896087646484,-44.08512878417969,-44.08535385131836,-44.08557891845703,-44.08579635620117,-44.08600997924805,-44.08622360229492,-44.086429595947266,-44.08663558959961,-44.08683776855469,-44.0870361328125,-44.08723068237305,-44.08742141723633,-44.087608337402344,-44.08779525756836,-44.08797836303711,-44.08816146850586,-44.088340759277344,-44.08851623535156,-44.088687896728516,-44.088863372802734,-44.08903121948242,-44.08919906616211,-44.08936309814453,-44.08952713012695,-44.08968734741211,-44.089847564697266,-44.09000778198242,-44.09016418457031,-44.09031677246094,-44.09046936035156,-44.09062194824219,-44.09077072143555,-44.090919494628906,-44.091068267822266,-44.09121322631836,-44.09135818481445,-44.09149932861328,-44.09164047241211,-44.09178161621094,-44.0919189453125,-44.09206008911133,-44.092193603515625,-44.09233093261719,-44.092464447021484,-44.09259796142578,-44.09273147583008,-44.09286117553711,-44.092994689941406,-44.09312057495117,-44.0932502746582,-44.093379974365234,-44.093505859375,-44.093631744384766,-44.093753814697266,-44.09387969970703,-44.09400177001953,-44.09412384033203,-44.09424591064453,-44.09436798095703,-44.094486236572266,-44.0946044921875,-44.094722747802734,-44.09484100341797,-44.0949592590332,-44.09507369995117,-44.095191955566406,-44.095306396484375,-44.095420837402344,-44.09553527832031,-44.095645904541016,-44.095760345458984,-44.09587097167969,-44.09598159790039,-44.096092224121094,-44.0962028503418,-44.0963134765625,-44.09642028808594,-44.09653091430664,-44.09663772583008,-44.096744537353516,-44.09685134887695,-44.09695816040039,-44.09706497192383,-44.09716796875,-44.09727478027344,-44.09737777709961,-44.09748458862305,-44.09758758544922,-44.09769058227539,-44.09779357910156,-44.09789276123047,-44.09799575805664,-44.09809875488281,-44.09819793701172,-44.098297119140625,-44.0984001159668,-44.0984992980957,-44.09859848022461,-44.098697662353516,-44.09879684448242,-44.09889221191406,-44.09899139404297,-44.099090576171875,-44.099185943603516,-44.09928512573242,-44.09938049316406,-44.0994758605957,-44.099571228027344,-44.099666595458984,-44.099761962890625,-44.099857330322266,-44.099952697753906,-44.10004806518555,-44.10013961791992,-44.10023498535156,-44.10032653808594,-44.10042190551758,-44.10051345825195,-44.10060501098633,-44.1006965637207,-44.10078811645508,-44.10087966918945,-44.10097122192383,-44.1010627746582,-44.10115432739258,-44.10124588012695,-44.10133361816406,-44.10142517089844,-44.10151672363281,-44.10160446166992,-44.10169219970703,-44.101783752441406,-44.101871490478516,-44.101959228515625,-44.102046966552734,-44.102134704589844,-44.10222244262695,-44.10231018066406,-44.10239791870117,-44.10248565673828,-44.10257339477539,-44.102657318115234,-44.102745056152344,-44.10282897949219,-44.1029167175293,-44.10300064086914,-44.10308837890625,-44.103172302246094,-44.10325622558594,-44.10334014892578,-44.103424072265625,-44.10350799560547,-44.10359191894531,-44.103675842285156,-44.103759765625,-44.103843688964844,-44.10392761230469,-44.104007720947266,-44.10409164428711,-44.10417175292969,-44.10425567626953,-44.10433578491211,-44.10441589355469,-44.104496002197266,-44.104576110839844,-44.10465621948242,-44.104736328125,-44.10481643676758,-44.104896545410156,-44.104976654052734,-44.10505676269531,-44.105133056640625,-44.1052131652832,-44.105289459228516,-44.10536575317383,-44.105445861816406,-44.10552215576172,-44.10559844970703,-44.105674743652344,-44.105751037597656,-44.10582733154297,-44.10590362548828,-44.10597610473633,-44.10605239868164,-44.10612487792969,-44.106201171875,-44.10627365112305,-44.106346130371094,-44.10641860961914,-44.10649490356445,-44.106563568115234,-44.10663604736328,-44.10670852661133,-44.106781005859375,-44.106849670410156,-44.1069221496582,-44.106990814208984,-44.10706329345703,-44.10713195800781,-44.107200622558594,-44.107269287109375,-44.107337951660156,-44.10740661621094,-44.10747146606445,-44.107540130615234,-44.107608795166016,-44.10767364501953,-44.10773849487305,-44.10780715942383,-44.107872009277344,-44.10793685913086,-44.108001708984375,-44.108062744140625,-44.10812759399414,-44.108192443847656,-44.108253479003906,-44.10831832885742,-44.10837936401367,-44.10844039916992,-44.10850524902344,-44.10856628417969,-44.10862731933594,-44.10868453979492,-44.10874557495117,-44.10880661010742,-44.10886764526367,-44.108924865722656,-44.10898208618164,-44.10904312133789,-44.109100341796875,-44.10915756225586,-44.109214782714844,-44.10927200317383,-44.10932922363281,-44.1093864440918,-44.109439849853516,-44.1094970703125,-44.109554290771484,-44.1096076965332,-44.10966110229492,-44.109718322753906,-44.109771728515625,-44.109825134277344,-44.10987854003906,-44.10993194580078,-44.1099853515625,-44.11003875732422,-44.11008834838867,-44.11014175415039,-44.11019515991211,-44.11024475097656,-44.11029815673828,-44.110347747802734,-44.11039733886719,-44.110450744628906,-44.11050033569336,-44.11054992675781,-44.110599517822266,-44.11064910888672,-44.11069869995117,-44.11074447631836,-44.11079406738281,-44.110843658447266,-44.11088943481445,-44.110939025878906,-44.110984802246094,-44.11103439331055,-44.111080169677734,-44.11112594604492,-44.111175537109375,-44.11122131347656,-44.11126708984375,-44.11131286621094,-44.111358642578125,-44.11140441894531,-44.1114501953125,-44.11149215698242,-44.11153793334961,-44.1115837097168,-44.11162567138672,-44.111671447753906,-44.111717224121094,-44.111759185791016,-44.11180114746094,-44.111846923828125,-44.11188888549805,-44.11193084716797,-44.11197280883789,-44.11201858520508,-44.112060546875,-44.11210250854492,-44.112144470214844,-44.1121826171875,-44.11222457885742,-44.112266540527344,-44.112308502197266,-44.11235046386719,-44.112388610839844,-44.112430572509766,-44.11246871948242,-44.112510681152344,-44.112548828125,-44.112586975097656,-44.11262512207031,-44.11266326904297,-44.11269760131836,-44.11273193359375,-44.11275863647461,-44.11277389526367,-44.11277389526367,-44.11273956298828,-44.112648010253906,-44.112464904785156,-44.1121711730957,-44.11180877685547,-44.111595153808594,-44.11184310913086,-44.112548828125,-44.11314010620117,-44.113136291503906,-44.11275100708008,-44.112579345703125,-44.11289978027344,-44.113319396972656,-44.113365173339844,-44.11313247680664,-44.11307144165039,-44.11332321166992,-44.11355209350586,-44.11351776123047,-44.11338806152344,-44.11344528198242,-44.11363983154297,-44.113731384277344,-44.113670349121094,-44.11363983154297,-44.11374282836914,-44.11386489868164,-44.11388397216797,-44.113853454589844,-44.11388397216797,-44.11397933959961,-44.114044189453125,-44.114044189453125,-44.114044189453125,-44.114097595214844,-44.11417007446289,-44.11420440673828,-44.11421203613281,-44.114234924316406,-44.114288330078125,-44.114341735839844,-44.1143684387207,-44.114383697509766,-44.114418029785156,-44.114463806152344,-44.114505767822266,-44.114532470703125,-44.11455535888672,-44.114585876464844,-44.114627838134766,-44.11466598510742,-44.11469268798828,-44.11471939086914,-44.11475372314453,-44.11478805541992,-44.11482238769531,-44.11485290527344,-44.11488342285156,-44.11491394042969,-44.11494827270508,-44.11498260498047,-44.115013122558594,-44.11503982543945,-44.11507034301758,-44.11510467529297,-44.115135192871094,-44.115169525146484,-44.11520004272461,-44.115230560302734,-44.11526107788086,-44.115291595458984,-44.11532211303711,-44.1153564453125,-44.115386962890625,-44.11541748046875,-44.115447998046875,-44.115478515625,-44.115509033203125,-44.11553955078125,-44.115570068359375,-44.1156005859375,-44.115631103515625,-44.115665435791016,-44.11569595336914,-44.115726470947266,-44.11575698852539,-44.115787506103516,-44.11581802368164,-44.115848541259766,-44.115882873535156,-44.11591339111328,-44.115943908691406,-44.11597442626953,-44.116004943847656,-44.11603927612305,-44.11606979370117,-44.1161003112793,-44.11613464355469,-44.11616516113281,-44.11619567871094,-44.11623001098633,-44.11626052856445,-44.11629104614258,-44.11632537841797,-44.116355895996094,-44.116390228271484,-44.11642074584961,-44.116455078125,-44.116485595703125,-44.116519927978516,-44.11655044555664,-44.11658477783203,-44.11661911010742,-44.11664962768555,-44.11668395996094,-44.11671829223633,-44.11675262451172,-44.116783142089844,-44.116817474365234,-44.116851806640625,-44.116886138916016,-44.116920471191406,-44.1169548034668,-44.11698913574219,-44.117027282714844,-44.117061614990234,-44.117095947265625,-44.117130279541016,-44.11716842651367,-44.11720275878906,-44.11724090576172,-44.11727523803711,-44.117313385009766,-44.117347717285156,-44.11738586425781,-44.11742401123047,-44.117462158203125,-44.11750030517578,-44.11753845214844,-44.117576599121094,-44.11761474609375,-44.117652893066406,-44.11769104003906,-44.11772918701172,-44.11777114868164,-44.1178092956543,-44.11785125732422,-44.117889404296875,-44.11792755126953,-44.11796951293945,-44.11800765991211,-44.118045806884766,-44.118080139160156,-44.11811447143555,-44.11813735961914,-44.1181526184082,-44.11814880371094,-44.11811447143555,-44.11803436279297,-44.117889404296875,-44.1176872253418,-44.117469787597656,-44.11735916137695,-44.117523193359375,-44.117977142333984,-44.11848449707031,-44.11872482299805,-44.11862564086914,-44.11840057373047,-44.118343353271484,-44.11854934692383,-44.11885452270508,-44.119014739990234,-44.118961334228516,-44.11886215209961,-44.118892669677734,-44.11906814575195,-44.11924743652344,-44.11930465698242,-44.11927032470703,-44.1192626953125,-44.119354248046875,-44.11949157714844,-44.11958694458008,-44.11960983276367,-44.11961364746094,-44.11966323852539,-44.11975860595703,-44.11985397338867,-44.11991500854492,-44.11994552612305,-44.11997985839844,-44.12004852294922,-44.12013244628906,-44.120208740234375,-44.120262145996094,-44.120304107666016,-44.120357513427734,-44.120426177978516,-44.12050247192383,-44.12057113647461,-44.120628356933594,-44.12068176269531,-44.1207389831543,-44.12080764770508,-44.120880126953125,-44.12094497680664,-44.12100601196289,-44.12106704711914,-44.12112808227539,-44.12119674682617,-44.12126541137695,-44.121334075927734,-44.12139892578125,-44.121463775634766,-44.12152862548828,-44.12159729003906,-44.121665954589844,-44.121734619140625,-44.121803283691406,-44.12187194824219,-44.1219367980957,-44.122005462646484,-44.122074127197266,-44.12214660644531,-44.122215270996094,-44.122283935546875,-44.12235641479492,-44.1224250793457,-44.122493743896484,-44.122562408447266,-44.12263488769531,-44.122703552246094,-44.12277603149414,-44.12284469604492,-44.12291717529297,-44.12298583984375,-44.1230583190918,-44.12312698364258,-44.123199462890625,-44.12327194213867,-44.12334060668945,-44.1234130859375,-44.12348175048828,-44.12355422973633,-44.12362289428711,-44.12369155883789,-44.12376403808594,-44.12383270263672,-44.123905181884766,-44.12397384643555,-44.12404251098633,-44.12411117553711,-44.12417984008789,-44.12424850463867,-44.12431716918945,-44.124385833740234,-44.124454498291016,-44.1245231628418,-44.12459182739258,-44.124656677246094,-44.124725341796875,-44.12479019165039,-44.12485885620117,-44.12492370605469,-44.1249885559082,-44.12505340576172,-44.125118255615234,-44.12518310546875,-44.125244140625,-44.125308990478516,-44.12537384033203,-44.12543487548828,-44.12549591064453,-44.12555694580078,-44.12561798095703,-44.12567901611328,-44.12574005126953,-44.125797271728516,-44.1258544921875,-44.12591552734375,-44.125972747802734,-44.12602996826172,-44.12608337402344,-44.12614059448242,-44.126197814941406,-44.126251220703125,-44.126304626464844,-44.12635803222656,-44.126407623291016,-44.126461029052734,-44.12651062011719,-44.126556396484375,-44.12660217285156,-44.126644134521484,-44.126678466796875,-44.126705169677734,-44.126712799072266,-44.1266975402832,-44.12664031982422,-44.126522064208984,-44.12632751464844,-44.126068115234375,-44.125823974609375,-44.125770568847656,-44.12607192993164,-44.12665557861328,-44.127159118652344,-44.12727737426758,-44.12705612182617,-44.12681579589844,-44.1268424987793,-44.12714767456055,-44.12744903564453,-44.12751007080078,-44.12737274169922,-44.12727737426758,-44.12737274169922,-44.12758255004883,-44.12771224975586,-44.127689361572266,-44.12761688232422,-44.12763214111328,-44.12774658203125,-44.127864837646484,-44.12789535522461,-44.127864837646484,-44.12786102294922,-44.1279182434082,-44.12800598144531,-44.128055572509766,-44.12805938720703,-44.128055572509766,-44.128082275390625,-44.12813949584961,-44.12818908691406,-44.12821578979492,-44.12821960449219,-44.12823486328125,-44.128265380859375,-44.12831115722656,-44.12834167480469,-44.12835693359375,-44.12837219238281,-44.12839126586914,-44.12841796875,-44.12845230102539,-44.128475189208984,-44.12849044799805,-44.12850570678711,-44.12852478027344,-44.1285514831543,-44.12857437133789,-44.128597259521484,-44.12861251831055,-44.12862777709961,-44.12864303588867,-44.128665924072266,-44.128684997558594,-44.12870407104492,-44.128719329833984,-44.12873458862305,-44.12874984741211,-44.12876510620117,-44.1287841796875,-44.12879943847656,-44.128814697265625,-44.12882995605469,-44.12884521484375,-44.12885665893555,-44.12887191772461,-44.12888717651367,-44.128902435302734,-44.12891387939453,-44.128929138183594,-44.12894058227539,-44.12895202636719,-44.12896728515625,-44.12897872924805,-44.128990173339844,-44.12900161743164,-44.12901306152344,-44.129024505615234,-44.12903594970703,-44.12904739379883,-44.129058837890625,-44.12907028198242,-44.12908172607422,-44.129093170166016,-44.12910079956055,-44.129112243652344,-44.12912368774414,-44.12913131713867,-44.12914276123047,-44.129150390625,-44.1291618347168,-44.12916946411133,-44.129180908203125,-44.129188537597656,-44.12919998168945,-44.129207611083984,-44.129215240478516,-44.12922286987305,-44.129234313964844,-44.129241943359375,-44.129249572753906,-44.12925720214844,-44.12926483154297,-44.1292724609375,-44.12928009033203,-44.12928771972656,-44.129295349121094,-44.129302978515625,-44.129310607910156,-44.12931823730469,-44.12932586669922,-44.12933349609375,-44.12934112548828,-44.12934875488281,-44.129356384277344,-44.12936019897461
-32.417579650878906,-32.54991912841797,-32.683990478515625,-32.821067810058594,-32.9608039855957,-33.1019172668457,-33.242313385009766,-33.37990188598633,-33.51289749145508,-33.64006805419922,-33.76215744018555,-33.88275909423828,-34.00664138793945,-34.136810302734375,-34.27326583862305,-34.41353225708008,-34.553653717041016,-34.689453125,-34.8184700012207,-34.942474365234375,-35.06806564331055,-35.20254135131836,-35.34872055053711,-35.50407409667969,-35.663108825683594,-35.8211669921875,-35.97856903076172,-36.141109466552734,-36.31312942504883,-36.49116897583008,-36.66679382324219,-36.83527755737305,-37.00187683105469,-37.175376892089844,-37.35641860961914,-37.53865051269531,-37.71944046020508,-37.90485763549805,-38.09886169433594,-38.2950439453125,-38.485877990722656,-38.67333984375,-38.86170196533203,-39.04619598388672,-39.22088623046875,-39.38945388793945,-39.55659484863281,-39.718955993652344,-39.875457763671875,-40.03179168701172,-40.18787384033203,-40.337974548339844,-40.482322692871094,-40.622257232666016,-40.753562927246094,-40.875614166259766,-40.99143981933594,-41.09901809692383,-41.19736099243164,-41.289527893066406,-41.37495803833008,-41.452816009521484,-41.525306701660156,-41.591651916503906,-41.651084899902344,-41.705711364746094,-41.75522232055664,-41.79928970336914,-41.83946228027344,-41.87942123413086,-41.91965103149414,-41.960182189941406,-42.000404357910156,-42.03982162475586,-42.078922271728516,-42.117576599121094,-42.155513763427734,-42.19313049316406,-42.23033142089844,-42.26689147949219,-42.30314636230469,-42.33906173706055,-42.37443161010742,-42.40940475463867,-42.443870544433594,-42.4776611328125,-42.510921478271484,-42.543582916259766,-42.57554244995117,-42.606937408447266,-42.637733459472656,-42.66791915893555,-42.697608947753906,-42.72675704956055,-42.7553596496582,-42.783512115478516,-42.81116485595703,-42.838321685791016,-42.864994049072266,-42.8911018371582,-42.91663360595703,-42.941593170166016,-42.9659309387207,-42.98965835571289,-43.01277160644531,-43.03525161743164,-43.05711364746094,-43.078338623046875,-43.09890365600586,-43.11881637573242,-43.138065338134766,-43.15664291381836,-43.174560546875,-43.19180679321289,-43.20839309692383,-43.22433090209961,-43.23961639404297,-43.25426483154297,-43.268287658691406,-43.28169250488281,-43.29450607299805,-43.306739807128906,-43.31841278076172,-43.32954788208008,-43.340152740478516,-43.36595153808594,-43.39659118652344,-43.42975997924805,-43.46413803100586,-43.49884033203125,-43.53323745727539,-43.566864013671875,-43.59938430786133,-43.63055419921875,-43.66020584106445,-43.6882438659668,-43.7146110534668,-43.73929977416992,-43.7623405456543,-43.78377914428711,-43.803707122802734,-43.82220458984375,-43.839385986328125,-43.85535430908203,-43.8702278137207,-43.88410949707031,-43.8971061706543,-43.9093132019043,-43.920814514160156,-43.93168640136719,-43.94198989868164,-43.9517822265625,-43.96110153198242,-43.96998596191406,-43.978458404541016,-43.98653793334961,-43.99424362182617,-44.001583099365234,-44.008567810058594,-44.01519775390625,-44.021484375,-44.027427673339844,-44.033042907714844,-44.038333892822266,-44.043304443359375,-44.047969818115234,-44.05234146118164,-44.05643081665039,-44.06025314331055,-44.06381607055664,-44.067142486572266,-44.07024383544922,-44.07313919067383,-44.075836181640625,-44.0783576965332,-44.08071517944336,-44.08292007446289,-44.08498764038086,-44.08693313598633,-44.08876419067383,-44.090492248535156,-44.09212875366211,-44.09368133544922,-44.095157623291016,-44.09656524658203,-44.0979118347168,-44.09920120239258,-44.10044479370117,-44.10164260864258,-44.10280227661133,-44.10393142700195,-44.10503005981445,-44.10610580444336,-44.10716247558594,-44.10820388793945,-44.10923767089844,-44.11026382446289,-44.111289978027344,-44.11231994628906,-44.11335754394531,-44.114410400390625,-44.115478515625,-44.1165771484375,-44.117698669433594,-44.11886215209961,-44.120059967041016,-44.12131118774414,-44.12261199951172,-44.12397384643555,-44.125404357910156,-44.12691116333008,-44.128501892089844,-44.13018798828125,-44.13197326660156,-44.13386917114258,-44.135887145996094,-44.13804244995117,-44.140342712402344,-44.14280319213867,-44.14543533325195,-44.148258209228516,-44.151283264160156,-44.15453338623047,-44.158023834228516,-44.16176986694336,-44.165794372558594,-44.17012023925781,-44.174766540527344,-44.17975616455078,-44.18511199951172,-44.190853118896484,-44.19700241088867,-44.203582763671875,-44.210609436035156,-44.218101501464844,-44.226078033447266,-44.23454284667969,-44.243507385253906,-44.25297164916992,-44.26293182373047,-44.27337646484375,-44.2842903137207,-44.29563903808594,-44.30738830566406,-44.31949996948242,-44.33191680908203,-44.344573974609375,-44.3574104309082,-44.3703498840332,-44.38331985473633,-44.39624786376953,-44.4090690612793,-44.421722412109375,-44.43416213989258,-44.44635009765625,-44.458274841308594,-44.469932556152344,-44.4813232421875,-44.492469787597656,-44.503379821777344,-44.51407241821289,-44.524539947509766,-44.5347785949707,-44.54475402832031,-44.55442810058594,-44.563743591308594,-44.57263946533203,-44.581050872802734,-44.58892822265625,-44.596214294433594,-44.60288619995117,-44.60892868041992,-44.614349365234375,-44.61917495727539,-44.623443603515625,-44.62720489501953,-44.63051223754883,-44.6334228515625,-44.63597869873047,-44.63822937011719,-44.640201568603516,-44.64193344116211,-44.64344024658203,-44.644744873046875,-44.64585876464844,-44.64679718017578,-44.64757537841797,-44.64821243286133,-44.648719787597656,-44.64912033081055,-44.64942932128906,-44.64966583251953,-44.649845123291016,-44.649986267089844,-44.65010070800781,-44.650203704833984,-44.650299072265625,-44.650394439697266,-44.65049362182617,-44.65060043334961,-44.65071105957031,-44.65083312988281,-44.65095901489258,-44.651092529296875,-44.65122985839844,-44.651371002197266,-44.65152359008789,-44.651676177978516,-44.65184020996094,-44.65201187133789,-44.65218734741211,-44.65237045288086,-44.65256118774414,-44.65275192260742,-44.652950286865234,-44.65314865112305,-44.653343200683594,-44.653541564941406,-44.65373611450195,-44.6539306640625,-44.65412521362305,-44.65431594848633,-44.654502868652344,-44.65468978881836,-44.654876708984375,-44.655059814453125,-44.65524673461914,-44.65542984008789,-44.655616760253906,-44.655799865722656,-44.65598678588867,-44.65617370605469,-44.6563606262207,-44.656551361083984,-44.656742095947266,-44.65693664550781,-44.65713119506836,-44.657325744628906,-44.65752410888672,-44.6577262878418,-44.65793228149414,-44.65814208984375,-44.658355712890625,-44.658573150634766,-44.65879440307617,-44.65902328491211,-44.65925598144531,-44.65949249267578,-44.65973663330078,-44.65998458862305,-44.660240173339844,-44.66050338745117,-44.66077423095703,-44.66105270385742,-44.661338806152344,-44.66163635253906,-44.66194152832031,-44.66225814819336,-44.66258239746094,-44.66292190551758,-44.66326904296875,-44.663631439208984,-44.66400909423828,-44.66440200805664,-44.66481018066406,-44.66523361206055,-44.66567611694336,-44.6661376953125,-44.66661834716797,-44.6671257019043,-44.66765213012695,-44.668209075927734,-44.66878890991211,-44.669403076171875,-44.670047760009766,-44.67073059082031,-44.67144775390625,-44.67220687866211,-44.673011779785156,-44.67386245727539,-44.674766540527344,-44.67573165893555,-44.676753997802734,-44.6778450012207,-44.679012298583984,-44.680259704589844,-44.68159484863281,-44.68302917480469,-44.684566497802734,-44.686222076416016,-44.68800735473633,-44.68993377685547,-44.6920166015625,-44.69426727294922,-44.69670867919922,-44.69935607910156,-44.702232360839844,-44.70536422729492,-44.708770751953125,-44.71247863769531,-44.71652603149414,-44.7209358215332,-44.725746154785156,-44.730987548828125,-44.736698150634766,-44.742916107177734,-44.74966812133789,-44.756988525390625,-44.7649040222168,-44.7734375,-44.782596588134766,-44.79239273071289,-44.80280685424805,-44.813819885253906,-44.82538986206055,-44.83746337890625,-44.84996795654297,-44.862815856933594,-44.87591552734375,-44.8891487121582,-44.90240478515625,-44.91556167602539,-44.92850875854492,-44.941131591796875,-44.95332717895508,-44.96501541137695,-44.97612762451172,-44.98661422729492,-44.99645233154297,-45.005638122558594,-45.01418685913086,-45.02213668823242,-45.0295295715332,-45.036434173583984,-45.04290008544922,-45.04899978637695,-45.05477523803711,-45.060279846191406,-45.06553649902344,-45.0705680847168,-45.07537841796875,-45.07996368408203,-45.084312438964844,-45.08840560913086,-45.092227935791016,-45.095767974853516,-45.0990104675293,-45.10194778442383,-45.10458755493164,-45.106929779052734,-45.10898971557617,-45.11078643798828,-45.112342834472656,-45.11368942260742,-45.114845275878906,-45.1158447265625,-45.1167106628418,-45.11747360229492,-45.11814498901367,-45.118751525878906,-45.119300842285156,-45.11981201171875,-45.12028503417969,-45.120731353759766,-45.12115478515625,-45.121551513671875,-45.121925354003906,-45.122276306152344,-45.12260437011719,-45.12290954589844,-45.123191833496094,-45.12344741821289,-45.12368392944336,-45.123897552490234,-45.12409591674805,-45.124271392822266,-45.12443161010742,-45.124576568603516,-45.12471008300781,-45.12483596801758,-45.12495040893555,-45.125057220458984,-45.12515640258789,-45.12525177001953,-45.12533950805664,-45.125423431396484,-45.12550354003906,-45.125579833984375,-45.12565231323242,-45.1257209777832,-45.12578582763672,-45.12584686279297,-45.12590789794922,-45.1259651184082,-45.12601852416992,-45.12607192993164,-45.12612533569336,-45.12617492675781,-45.126224517822266,-45.12627410888672,-45.12632369995117,-45.126373291015625,-45.12642288208008,-45.12647247314453,-45.12652587890625,-45.1265754699707,-45.12662887573242,-45.126678466796875,-45.126731872558594,-45.12678527832031,-45.1268424987793,-45.126895904541016,-45.126949310302734,-45.12700653076172,-45.12705993652344,-45.12711715698242,-45.127174377441406,-45.12723159790039,-45.127288818359375,-45.127349853515625,-45.12740707397461,-45.12746810913086,-45.12752914428711,-45.127586364746094,-45.12765121459961,-45.12771224975586,-45.12777328491211,-45.127838134765625,-45.127899169921875,-45.12796401977539,-45.128028869628906,-45.12809371948242,-45.1281623840332,-45.12822723388672,-45.1282958984375,-45.12836456298828,-45.12843322753906,-45.128501892089844,-45.12857437133789,-45.12864303588867,-45.12871551513672,-45.128787994384766,-45.12886428833008,-45.128936767578125,-45.12901306152344,-45.12908935546875,-45.12916564941406,-45.12924575805664,-45.12932586669922,-45.1294059753418,-45.129486083984375,-45.12957000732422,-45.12965393066406,-45.129737854003906,-45.12982177734375,-45.12990951538086,-45.12999725341797,-45.130088806152344,-45.13017654418945,-45.13026809692383,-45.13036346435547,-45.130455017089844,-45.130550384521484,-45.13064956665039,-45.1307487487793,-45.1308479309082,-45.13094711303711,-45.13105010986328,-45.13115692138672,-45.13125991821289,-45.13136672973633,-45.13147735595703,-45.131587982177734,-45.13169860839844,-45.131813049316406,-45.131927490234375,-45.13204574584961,-45.132164001464844,-45.13228225708008,-45.13240432739258,-45.132530212402344,-45.13265609741211,-45.132781982421875,-45.132911682128906,-45.1330451965332,-45.1331787109375,-45.1333122253418,-45.13344955444336,-45.13359069824219,-45.133731842041016,-45.13387680053711,-45.1340217590332,-45.13417053222656,-45.13431930541992,-45.13447189331055,-45.13462448120117,-45.13478088378906,-45.13494110107422,-45.135101318359375,-45.1352653503418,-45.135433197021484,-45.13560104370117,-45.135772705078125,-45.13594436645508,-45.1361198425293,-45.13629913330078,-45.136478424072266,-45.136661529541016,-45.136844635009766,-45.13703155517578,-45.13722229003906,-45.137413024902344,-45.13760757446289,-45.1378059387207,-45.138004302978516,-45.138206481933594,-45.13841247558594,-45.13861846923828,-45.13882827758789,-45.1390380859375,-45.139251708984375,-45.139469146728516,-45.139686584472656,-45.13990783691406,-45.14012908935547,-45.14035415649414,-45.14057922363281,-45.14080810546875,-45.14104080200195,-45.14126968383789,-45.14150619506836,-45.14174270629883,-45.1419792175293,-45.14221954345703,-45.142459869384766,-45.1427001953125,-45.1429443359375,-45.1431884765625,-45.1434326171875,-45.143680572509766,-45.14392852783203,-45.1441764831543,-45.14442443847656,-45.144676208496094,-45.14492416381836,-45.14517593383789,-45.14542770385742,-45.14567565917969,-45.14592742919922,-45.14617919921875,-45.146427154541016,-45.14667892456055,-45.14692687988281,-45.14717483520508,-45.147422790527344,-45.147666931152344,-45.14791488647461,-45.14815902709961,-45.148399353027344,-45.14863967895508,-45.14888000488281,-45.14911651611328,-45.14935302734375,-45.14958953857422,-45.149818420410156,-45.150047302246094,-45.15027618408203,-45.1505012512207,-45.15072250366211,-45.150943756103516,-45.151161193847656,-45.15137481689453,-45.15158462524414,-45.15179443359375,-45.152000427246094,-45.15220260620117,-45.152400970458984,-45.1525993347168,-45.15279006958008,-45.15298080444336,-45.153167724609375,-45.153350830078125,-45.153533935546875,-45.153709411621094,-45.15388488769531,-45.154056549072266,-45.15422439575195,-45.154388427734375,-45.1545524597168,-45.15471267700195,-45.154869079589844,-45.15502166748047,-45.15517044067383,-45.15531921386719,-45.15546417236328,-45.15560531616211,-45.15574645996094,-45.1558837890625,-45.1560173034668,-45.156150817871094,-45.156280517578125,-45.15640640258789,-45.156532287597656,-45.156654357910156,-45.15677261352539,-45.156890869140625,-45.15700912475586,-45.15712356567383,-45.15723419189453,-45.157344818115234,-45.15745544433594,-45.157562255859375,-45.15766906738281,-45.157772064208984,-45.157875061035156,-45.15797424316406,-45.158077239990234,-45.158172607421875,-45.15827178955078,-45.15836715698242,-45.1584587097168,-45.15855407714844,-45.15864562988281,-45.15873718261719,-45.1588249206543,-45.158912658691406,-45.159000396728516,-45.159088134765625,-45.15917205810547,-45.15925979614258,-45.15934371948242,-45.159423828125,-45.159507751464844,-45.15958786010742,-45.15966796875,-45.15974807739258,-45.159828186035156,-45.15990447998047,-45.15998077392578,-45.160057067871094,-45.160133361816406,-45.16020965576172,-45.16028594970703,-45.16035842895508,-45.160430908203125,-45.16050338745117,-45.16057586669922,-45.16064453125,-45.16071701049805,-45.16078567504883,-45.16085433959961,-45.16092300415039,-45.16099166870117,-45.16106033325195,-45.16112518310547,-45.16119384765625,-45.161258697509766,-45.16132354736328,-45.1613883972168,-45.16145324707031,-45.16151428222656,-45.16157913208008,-45.16164016723633,-45.16170120239258,-45.16176223754883,-45.16182327270508,-45.16188430786133,-45.16194534301758,-45.16200256347656,-45.16205978393555,-45.1621208190918,-45.16217803955078,-45.162235260009766,-45.16229248046875,-45.16234588623047,-45.16240310668945,-45.16245651245117,-45.162513732910156,-45.162567138671875,-45.162620544433594,-45.16267395019531,-45.16272735595703,-45.16278076171875,-45.1628303527832,-45.16288375854492,-45.162933349609375,-45.16298294067383,-45.16303634643555,-45.1630859375,-45.16313552856445,-45.16318130493164,-45.163230895996094,-45.16328048706055,-45.163326263427734,-45.16337203979492,-45.163421630859375,-45.16346740722656,-45.16351318359375,-45.16355895996094,-45.163604736328125,-45.16364669799805,-45.163692474365234,-45.163734436035156,-45.163780212402344,-45.163822174072266,-45.16386413574219,-45.16390609741211,-45.16394805908203,-45.16399002075195,-45.164031982421875,-45.1640739440918,-45.16411209106445,-45.164154052734375,-45.16419219970703,-45.16423034667969,-45.164268493652344,-45.164310455322266,-45.16434860229492,-45.16438674926758,-45.16442108154297,-45.164459228515625,-45.16449737548828,-45.16453170776367,-45.16456985473633,-45.16460418701172,-45.16463851928711,-45.164676666259766,-45.164710998535156,-45.16474533081055,-45.16477966308594,-45.16481018066406,-45.16484451293945,-45.164878845214844,-45.16490936279297,-45.16494369506836,-45.164974212646484,-45.165008544921875,-45.1650390625,-45.165069580078125,-45.16510009765625,-45.165130615234375,-45.1651611328125,-45.165191650390625,-45.16522216796875,-45.165252685546875,-45.165279388427734,-45.16530990600586,-45.16533660888672,-45.165367126464844,-45.1653938293457,-45.16542053222656,-45.16545104980469,-45.16547775268555,-45.165504455566406,-45.165531158447266,-45.165557861328125,-45.16558074951172,-45.16560745239258,-45.16563415527344,-45.1656608581543,-45.16568374633789,-45.16571044921875,-45.165733337402344,-45.16575622558594,-45.1657829284668,-45.16580581665039,-45.165828704833984,-45.16585159301758,-45.16587448120117,-45.165897369384766,-45.16592025756836,-45.16594314575195,-45.16596603393555,-45.16598892211914,-45.16600799560547,-45.16603088378906,-45.166053771972656,-45.166072845458984,-45.16609573364258,-45.166114807128906,-45.166133880615234,-45.16615676879883,-45.166175842285156,-45.166194915771484,-45.16621398925781,-45.16623306274414,-45.16625213623047,-45.1662712097168,-45.166290283203125,-45.16630935668945,-45.16632843017578,-45.16634750366211,-45.16636276245117,-45.1663818359375,-45.16640090942383,-45.16641616821289,-45.16643524169922,-45.16645050048828,-45.16646957397461,-45.16648483276367,-45.166500091552734,-45.16651916503906,-45.166534423828125,-45.16654968261719,-45.16656494140625,-45.16658020019531,-45.166595458984375,-45.16661071777344,-45.1666259765625,-45.16664123535156,-45.166656494140625,-45.16667175292969,-45.16668701171875,-45.16669845581055,-45.16671371459961,-45.16672897338867,-45.16674041748047,-45.16675567626953,-45.166770935058594,-45.16678237915039,-45.16679763793945,-45.16680908203125,-45.16682052612305,-45.16683578491211,-45.166847229003906,-45.1668586730957,-45.166873931884766,-45.16688537597656,-45.16689682006836,-45.166908264160156,-45.16691970825195,-45.16693115234375,-45.16694259643555,-45.166954040527344,-45.16696548461914,-45.16697692871094,-45.166988372802734,-45.16699981689453,-45.16701126098633,-45.167022705078125,-45.167030334472656,-45.16704177856445,-45.16705322265625,-45.16706466674805,-45.16707229614258,-45.167083740234375,-45.167091369628906,-45.1671028137207,-45.1671142578125,-45.16712188720703,-45.16713333129883,-45.16714096069336,-45.16714859008789,-45.16716003417969,-45.16716766357422,-45.16717529296875,-45.16718673706055,-45.16719436645508,-45.16720199584961,-45.167213439941406,-45.16722106933594,-45.16722869873047,-45.167236328125,-45.16724395751953,-45.16725158691406,-45.167259216308594,-45.167266845703125,-45.167274475097656,-45.16728210449219,-45.16728973388672,-45.16729736328125,-45.16730499267578,-45.16731262207031,-45.167320251464844,-45.167327880859375,-45.167335510253906,-45.16734313964844,-45.1673469543457
-32.38585662841797,-32.499237060546875,-32.615562438964844,-32.73522186279297,-32.857994079589844,-32.98355484008789,-33.11162567138672,-33.24205017089844,-33.37477493286133,-33.50971603393555,-33.6467399597168,-33.78554153442383,-33.92560958862305,-34.0662956237793,-34.206878662109375,-34.346622467041016,-34.484859466552734,-34.621002197265625,-34.7545280456543,-34.885013580322266,-35.012168884277344,-35.135894775390625,-35.25634002685547,-35.373924255371094,-35.48934555053711,-35.60340118408203,-35.71677017211914,-35.83000946044922,-35.943965911865234,-36.059757232666016,-36.17776107788086,-36.29792785644531,-36.421112060546875,-36.547035217285156,-36.67525100708008,-36.806095123291016,-36.93821716308594,-37.071929931640625,-37.2056884765625,-37.339569091796875,-37.47190856933594,-37.6029052734375,-37.7310676574707,-37.85664367675781,-37.97907638549805,-38.09827423095703,-38.215145111083984,-38.32966613769531,-38.4427490234375,-38.55539321899414,-38.667728424072266,-38.78029251098633,-38.89369201660156,-39.00767517089844,-39.12165451049805,-39.235164642333984,-39.347618103027344,-39.45835876464844,-39.56673049926758,-39.67257308959961,-39.77604675292969,-39.877281188964844,-39.97651672363281,-40.07349395751953,-40.167694091796875,-40.258888244628906,-40.347408294677734,-40.43386459350586,-40.518524169921875,-40.60124588012695,-40.68195343017578,-40.760860443115234,-40.83820343017578,-40.91374206542969,-40.986907958984375,-41.05721664428711,-41.124671936035156,-41.18965530395508,-41.25260543823242,-41.313865661621094,-41.37355422973633,-41.43178939819336,-41.488616943359375,-41.54399871826172,-41.59786605834961,-41.65005111694336,-41.70044708251953,-41.749183654785156,-41.796531677246094,-41.84273910522461,-41.887908935546875,-41.93622589111328,-41.98744583129883,-42.040103912353516,-42.09416198730469,-42.14921951293945,-42.2045783996582,-42.260372161865234,-42.31684875488281,-42.37367248535156,-42.43073654174805,-42.48833084106445,-42.54642105102539,-42.60469436645508,-42.663150787353516,-42.72187042236328,-42.7806282043457,-42.83913803100586,-42.89731216430664,-42.95509719848633,-43.012271881103516,-43.0685920715332,-43.123924255371094,-43.17818069458008,-43.23117446899414,-43.28269577026367,-43.33260726928711,-43.38080978393555,-43.42719268798828,-43.471595764160156,-43.51386642456055,-43.553897857666016,-43.59162902832031,-43.62702941894531,-43.66009521484375,-43.690860748291016,-43.71942138671875,-43.74591827392578,-43.770530700683594,-43.79344940185547,-43.81488037109375,-43.835018157958984,-43.85405731201172,-43.872161865234375,-43.88946533203125,-43.90605926513672,-43.927757263183594,-43.95119094848633,-43.97527313232422,-43.999732971191406,-44.02420425415039,-44.04829025268555,-44.07180404663086,-44.094627380371094,-44.116676330566406,-44.13792037963867,-44.158363342285156,-44.17798614501953,-44.19679641723633,-44.21482849121094,-44.23212814331055,-44.24871826171875,-44.26462173461914,-44.27988052368164,-44.29450607299805,-44.30848693847656,-44.32183837890625,-44.334590911865234,-44.34675979614258,-44.358360290527344,-44.36940002441406,-44.37989807128906,-44.389869689941406,-44.39933776855469,-44.408329010009766,-44.4168701171875,-44.42497634887695,-44.43266677856445,-44.43996047973633,-44.44688415527344,-44.45345687866211,-44.459693908691406,-44.46560287475586,-44.47120666503906,-44.47650909423828,-44.48152542114258,-44.48626708984375,-44.49074935913086,-44.49497985839844,-44.49897003173828,-44.50273513793945,-44.506290435791016,-44.5096435546875,-44.51280975341797,-44.51580047607422,-44.51862716674805,-44.52130126953125,-44.52383041381836,-44.526222229003906,-44.52849197387695,-44.5306396484375,-44.532676696777344,-44.53460693359375,-44.53643798828125,-44.53817367553711,-44.539817810058594,-44.5413818359375,-44.54286575317383,-44.544273376464844,-44.54561233520508,-44.5468864440918,-44.548095703125,-44.549251556396484,-44.550350189208984,-44.55139923095703,-44.552406311035156,-44.55336380004883,-44.554283142089844,-44.55516815185547,-44.55601119995117,-44.55682373046875,-44.5576057434082,-44.55835723876953,-44.55908203125,-44.55978012084961,-44.560455322265625,-44.56110382080078,-44.56173324584961,-44.562339782714844,-44.56292724609375,-44.56349563598633,-44.564048767089844,-44.5645866394043,-44.56510543823242,-44.56561279296875,-44.566104888916016,-44.566585540771484,-44.56705093383789,-44.567508697509766,-44.567955017089844,-44.568389892578125,-44.568817138671875,-44.56923294067383,-44.56964111328125,-44.57004165649414,-44.5704345703125,-44.570823669433594,-44.57120132446289,-44.57157516479492,-44.57194137573242,-44.57229995727539,-44.572654724121094,-44.57300567626953,-44.5733528137207,-44.573692321777344,-44.574031829833984,-44.574363708496094,-44.57469177246094,-44.575016021728516,-44.575340270996094,-44.57565689086914,-44.57597351074219,-44.57628631591797,-44.576595306396484,-44.576904296875,-44.57720184326172,-44.57749557495117,-44.5777702331543,-44.57801055908203,-44.578189849853516,-44.578269958496094,-44.578269958496094,-44.57841491699219,-44.57900619506836,-44.57978439331055,-44.580116271972656,-44.580074310302734,-44.5803108215332,-44.5809211730957,-44.581295013427734,-44.58134841918945,-44.58162307739258,-44.58212661743164,-44.582401275634766,-44.58252716064453,-44.58287811279297,-44.583282470703125,-44.5834846496582,-44.583702087402344,-44.584075927734375,-44.58438491821289,-44.5845832824707,-44.584869384765625,-44.58521270751953,-44.5854606628418,-44.585697174072266,-44.58600997924805,-44.586307525634766,-44.586544036865234,-44.58681106567383,-44.587120056152344,-44.58738327026367,-44.58763122558594,-44.58791732788086,-44.588199615478516,-44.58845520019531,-44.58871841430664,-44.5890007019043,-44.589271545410156,-44.58952713012695,-44.58979797363281,-44.59007263183594,-44.590335845947266,-44.59059524536133,-44.59086608886719,-44.59113693237305,-44.59139633178711,-44.59165954589844,-44.59192657470703,-44.592193603515625,-44.59245300292969,-44.59271240234375,-44.592979431152344,-44.59324264526367,-44.593502044677734,-44.5937614440918,-44.594024658203125,-44.59428787231445,-44.594547271728516,-44.59480667114258,-44.59506607055664,-44.5953254699707,-44.595584869384766,-44.59584426879883,-44.59610366821289,-44.59636306762695,-44.59661865234375,-44.59687423706055,-44.59713363647461,-44.597389221191406,-44.59764862060547,-44.597904205322266,-44.59815979003906,-44.59841537475586,-44.598670959472656,-44.59892654418945,-44.59918212890625,-44.59943771362305,-44.59968948364258,-44.599945068359375,-44.60020065307617,-44.6004524230957,-44.6007080078125,-44.60095977783203,-44.60121154785156,-44.60146713256836,-44.60171890258789,-44.60197067260742,-44.60222625732422,-44.60247802734375,-44.60272979736328,-44.60298156738281,-44.603233337402344,-44.603485107421875,-44.60374069213867,-44.6039924621582,-44.604244232177734,-44.604496002197266,-44.6047477722168,-44.60499954223633,-44.60525131225586,-44.605506896972656,-44.60575866699219,-44.60601043701172,-44.606266021728516,-44.60651779174805,-44.606773376464844,-44.607025146484375,-44.60728073120117,-44.60753631591797,-44.607791900634766,-44.60804748535156,-44.60830307006836,-44.60856246948242,-44.60881805419922,-44.60907745361328,-44.609336853027344,-44.609596252441406,-44.60985565185547,-44.6101188659668,-44.610382080078125,-44.61064529418945,-44.61091232299805,-44.611175537109375,-44.611446380615234,-44.61171340942383,-44.61198425292969,-44.61225509643555,-44.61252975463867,-44.6128044128418,-44.61308288574219,-44.61336135864258,-44.613643646240234,-44.613929748535156,-44.61421585083008,-44.614505767822266,-44.61479568481445,-44.615089416503906,-44.615386962890625,-44.61568832397461,-44.61599349975586,-44.616302490234375,-44.61661148071289,-44.61692810058594,-44.61724853515625,-44.61757278442383,-44.61790466308594,-44.61823654174805,-44.61857604980469,-44.61892318725586,-44.6192741394043,-44.619632720947266,-44.6199951171875,-44.62036895751953,-44.62074661254883,-44.62113571166992,-44.62152862548828,-44.62193298339844,-44.62234878540039,-44.622772216796875,-44.62320327758789,-44.62364959716797,-44.624107360839844,-44.624576568603516,-44.625057220458984,-44.625553131103516,-44.62606430053711,-44.626590728759766,-44.62713623046875,-44.6276969909668,-44.628273010253906,-44.628875732421875,-44.629493713378906,-44.6301383972168,-44.630802154541016,-44.631492614746094,-44.6322135925293,-44.632957458496094,-44.63373565673828,-44.634544372558594,-44.6353874206543,-44.63626480102539,-44.637184143066406,-44.63814163208008,-44.63914489746094,-44.640193939208984,-44.641292572021484,-44.64244079589844,-44.64365005493164,-44.64491653442383,-44.646244049072266,-44.64763641357422,-44.64909744262695,-44.6506233215332,-44.65220260620117,-44.653812408447266,-44.655418395996094,-44.65699005126953,-44.658634185791016,-44.66071701049805,-44.66352462768555,-44.666507720947266,-44.668968200683594,-44.67119598388672,-44.67401123046875,-44.67744445800781,-44.680763244628906,-44.683837890625,-44.68731689453125,-44.69137954711914,-44.69549560546875,-44.69954299926758,-44.70398712158203,-44.70894241333008,-44.71404266357422,-44.719242095947266,-44.72486114501953,-44.730953216552734,-44.73728561401367,-44.74383544921875,-44.750816345214844,-44.758270263671875,-44.76604080200195,-44.77410125732422,-44.78257751464844,-44.7915153503418,-44.800819396972656,-44.810428619384766,-44.820396423339844,-44.83075714111328,-44.841461181640625,-44.85243225097656,-44.8636360168457,-44.87507247924805,-44.886722564697266,-44.89851379394531,-44.91037368774414,-44.922237396240234,-44.93406295776367,-44.94580841064453,-44.9574089050293,-44.96879577636719,-44.97990036010742,-44.99066925048828,-45.00105667114258,-45.01102828979492,-45.02055740356445,-45.02961349487305,-45.038185119628906,-45.0462646484375,-45.05385208129883,-45.06095886230469,-45.06760787963867,-45.07381820678711,-45.079627990722656,-45.08506774902344,-45.090171813964844,-45.094974517822266,-45.09950637817383,-45.103797912597656,-45.10787582397461,-45.111751556396484,-45.11544418334961,-45.118953704833984,-45.122283935546875,-45.125431060791016,-45.128395080566406,-45.131195068359375,-45.13388442993164,-45.13652801513672,-45.1391487121582,-45.14163589477539,-45.14385223388672,-45.145729064941406,-45.14735412597656,-45.148860931396484,-45.150333404541016,-45.15175247192383,-45.153018951416016,-45.15406799316406,-45.15494155883789,-45.155723571777344,-45.156494140625,-45.1572380065918,-45.15790557861328,-45.15846252441406,-45.158931732177734,-45.159366607666016,-45.15980529785156,-45.16023254394531,-45.160621643066406,-45.16094970703125,-45.161231994628906,-45.1614990234375,-45.161766052246094,-45.16202163696289,-45.16225051879883,-45.162445068359375,-45.1626091003418,-45.16276550292969,-45.16291427612305,-45.16305923461914,-45.16318893432617,-45.16329574584961,-45.16339111328125,-45.16347885131836,-45.1635627746582,-45.16364669799805,-45.163726806640625,-45.163795471191406,-45.16386032104492,-45.163917541503906,-45.16397476196289,-45.164031982421875,-45.164085388183594,-45.16413879394531,-45.1641845703125,-45.16423034667969,-45.16427230834961,-45.164310455322266,-45.16434860229492,-45.164390563964844,-45.164424896240234,-45.164459228515625,-45.16448974609375,-45.164520263671875,-45.16455078125,-45.164581298828125,-45.164608001708984,-45.164634704589844,-45.1646614074707,-45.16468811035156,-45.164710998535156,-45.164737701416016,-45.16476058959961,-45.1647834777832,-45.1648063659668,-45.16482925415039,-45.16484832763672,-45.16487121582031,-45.16489028930664,-45.164913177490234,-45.16493225097656,-45.16495132446289,-45.16497039794922,-45.16498947143555,-45.165008544921875,-45.1650276184082,-45.16504669189453,-45.16506576538086,-45.16508102416992,-45.16510009765625,-45.16511917114258,-45.16513442993164,-45.16515350341797,-45.16516876220703,-45.165184020996094,-45.16520309448242,-45.165218353271484,-45.16523361206055,-45.16524887084961,-45.16526794433594,-45.165283203125,-45.16529846191406,-45.165313720703125,-45.16532897949219,-45.16534423828125,-45.16535949707031,-45.165374755859375,-45.16539001464844,-45.1654052734375,-45.16542053222656,-45.165435791015625,-45.16545104980469,-45.165462493896484,-45.16547775268555,-45.16549301147461,-45.16550827026367,-45.16551971435547,-45.16553497314453,-45.165550231933594,-45.16556167602539,-45.16557693481445,-45.16558837890625,-45.16560363769531,-45.16561508178711,-45.165626525878906,-45.16564178466797,-45.165653228759766,-45.1656608581543,-45.16566848754883,-45.165672302246094,-45.16566848754883,-45.165653228759766,-45.165618896484375
-31.38211441040039,-31.532617568969727,-31.67791175842285,-31.824325561523438,-31.971881866455078,-32.119789123535156,-32.26814651489258,-32.415283203125,-32.559383392333984,-32.70051193237305,-32.83836364746094,-32.971683502197266,-33.100460052490234,-33.225257873535156,-33.34580993652344,-33.46249008178711,-33.57658767700195,-33.68865966796875,-33.79973602294922,-33.91182327270508,-34.026126861572266,-34.14431381225586,-34.26830291748047,-34.3988037109375,-34.53706741333008,-34.683326721191406,-34.837669372558594,-35.0000114440918,-35.1695556640625,-35.34566879272461,-35.52703094482422,-35.7125129699707,-35.90104293823242,-36.091304779052734,-36.282833099365234,-36.474853515625,-36.666656494140625,-36.857723236083984,-37.047359466552734,-37.23481369018555,-37.41936111450195,-37.60041809082031,-37.777400970458984,-37.94972229003906,-38.117515563964844,-38.281776428222656,-38.44218063354492,-38.59819030761719,-38.750850677490234,-38.899818420410156,-39.04308319091797,-39.18064880371094,-39.31277847290039,-39.43815231323242,-39.55717086791992,-39.67129898071289,-39.780338287353516,-39.884334564208984,-39.98398971557617,-40.07878875732422,-40.1682243347168,-40.252716064453125,-40.33222198486328,-40.406494140625,-40.476173400878906,-40.54167175292969,-40.6029052734375,-40.66038131713867,-40.71479415893555,-40.76640319824219,-40.81560516357422,-40.86288833618164,-40.9113883972168,-40.96033477783203,-41.009368896484375,-41.05795669555664,-41.1060905456543,-41.153648376464844,-41.20060729980469,-41.24717712402344,-41.29334259033203,-41.33924102783203,-41.384925842285156,-41.4302978515625,-41.47540283203125,-41.520164489746094,-41.564510345458984,-41.60845947265625,-41.65193176269531,-41.69490051269531,-41.737388610839844,-41.77934646606445,-41.82078552246094,-41.86172866821289,-41.90215301513672,-41.94205093383789,-41.98142623901367,-42.020240783691406,-42.05846405029297,-42.09609603881836,-42.13310623168945,-42.16948318481445,-42.20522689819336,-42.24033737182617,-42.2747802734375,-42.30854415893555,-42.34159469604492,-42.37388610839844,-42.40536880493164,-42.43598937988281,-42.46570587158203,-42.49446105957031,-42.522216796875,-42.548927307128906,-42.5745735168457,-42.59912872314453,-42.622596740722656,-42.64497375488281,-42.666263580322266,-42.686485290527344,-42.70565414428711,-42.72380065917969,-42.74095916748047,-42.75716781616211,-42.77247619628906,-42.78693389892578,-42.80059814453125,-42.81352996826172,-42.8333854675293,-42.855316162109375,-42.87810516357422,-42.901187896728516,-42.92428970336914,-42.947227478027344,-42.9698486328125,-42.99205780029297,-43.013797760009766,-43.03504943847656,-43.055816650390625,-43.076133728027344,-43.09601593017578,-43.115482330322266,-43.13454818725586,-43.15324401855469,-43.171600341796875,-43.18966293334961,-43.207481384277344,-43.22510528564453,-43.24256134033203,-43.25986862182617,-43.27705001831055,-43.29412078857422,-43.31109619140625,-43.3279914855957,-43.34482192993164,-43.36159133911133,-43.37832260131836,-43.395118713378906,-43.412174224853516,-43.429466247558594,-43.44663619995117,-43.463497161865234,-43.48031234741211,-43.49735641479492,-43.51447296142578,-43.531314849853516,-43.547916412353516,-43.56452941894531,-43.58112716674805,-43.597434997558594,-43.6134147644043,-43.62923812866211,-43.64491653442383,-43.66027069091797,-43.67524719238281,-43.68996810913086,-43.704463958740234,-43.718624114990234,-43.73240661621094,-43.74589538574219,-43.759124755859375,-43.77204132080078,-43.784610748291016,-43.796878814697266,-43.80888748168945,-43.820621490478516,-43.83204650878906,-43.84318542480469,-43.854068756103516,-43.864707946777344,-43.875083923339844,-43.88519287109375,-43.89506149291992,-43.904701232910156,-43.91411590576172,-43.92329788208008,-43.932254791259766,-43.941001892089844,-43.949546813964844,-43.95790100097656,-43.966060638427734,-43.974029541015625,-43.98181915283203,-43.989444732666016,-43.996910095214844,-44.00421905517578,-44.011375427246094,-44.01838302612305,-44.02525329589844,-44.0319938659668,-44.038604736328125,-44.04509735107422,-44.05146789550781,-44.05772399902344,-44.06387710571289,-44.069923400878906,-44.07587814331055,-44.08174133300781,-44.08751678466797,-44.09321594238281,-44.098838806152344,-44.104393005371094,-44.10988235473633,-44.115318298339844,-44.12070083618164,-44.12603759765625,-44.1313362121582,-44.13660430908203,-44.141845703125,-44.14706802368164,-44.15227508544922,-44.15747833251953,-44.162681579589844,-44.16789245605469,-44.17311477661133,-44.17835235595703,-44.1836051940918,-44.18886947631836,-44.19413757324219,-44.19940185546875,-44.204689025878906,-44.210105895996094,-44.21580505371094,-44.221778869628906,-44.22774887084961,-44.2335205078125,-44.23921585083008,-44.245113372802734,-44.251319885253906,-44.25764465332031,-44.26388168334961,-44.27008056640625,-44.27643585205078,-44.28302764892578,-44.28970718383789,-44.29635238647461,-44.30300521850586,-44.30978775024414,-44.31672668457031,-44.32372283935547,-44.33070755004883,-44.337703704833984,-44.344783782958984,-44.35195541381836,-44.359169006347656,-44.366371154785156,-44.373573303222656,-44.38080978393555,-44.388092041015625,-44.39540481567383,-44.4027214050293,-44.410030364990234,-44.41734313964844,-44.424678802490234,-44.43205261230469,-44.439456939697266,-44.4468879699707,-44.454345703125,-44.46183776855469,-44.46938705444336,-44.47700500488281,-44.48470687866211,-44.49250030517578,-44.500396728515625,-44.50839614868164,-44.516517639160156,-44.5247688293457,-44.53316116333008,-44.54169845581055,-44.550384521484375,-44.559226989746094,-44.56821060180664,-44.57733917236328,-44.58659744262695,-44.59596633911133,-44.605430603027344,-44.614959716796875,-44.62452697753906,-44.63409423828125,-44.643619537353516,-44.65305709838867,-44.66238784790039,-44.6716423034668,-44.680908203125,-44.690250396728516,-44.69953155517578,-44.70847702026367,-44.71697235107422,-44.72515106201172,-44.733238220214844,-44.7413330078125,-44.74934387207031,-44.75708770751953,-44.7645378112793,-44.77183532714844,-44.77912902832031,-44.78645706176758,-44.793724060058594,-44.80085372924805,-44.807857513427734,-44.814815521240234,-44.82178497314453,-44.828731536865234,-44.8355712890625,-44.842247009277344,-44.848751068115234,-44.85511016845703,-44.86132049560547,-44.86735916137695,-44.873172760009766,-44.878726959228516,-44.8840217590332,-44.88906478881836,-44.89387512207031,-44.898460388183594,-44.9028205871582,-44.90694808959961,-44.910850524902344,-44.91453170776367,-44.91801452636719,-44.92131042480469,-44.92443084716797,-44.92738342285156,-44.930171966552734,-44.932796478271484,-44.93526077270508,-44.937564849853516,-44.93971633911133,-44.94172286987305,-44.94358825683594,-44.94532012939453,-44.94692611694336,-44.94841766357422,-44.94979476928711,-44.951072692871094,-44.95225143432617,-44.95334243774414,-44.95435333251953,-44.95528793334961,-44.95615768432617,-44.95696258544922,-44.95771408081055,-44.95840835571289,-44.95905685424805,-44.959659576416016,-44.96022033691406,-44.96074295043945,-44.96122741699219,-44.9616813659668,-44.962100982666016,-44.96249008178711,-44.962852478027344,-44.963191986083984,-44.963504791259766,-44.96379089355469,-44.96405029296875,-44.96428298950195,-44.96448516845703,-44.96464920043945,-44.964778900146484,-44.96489715576172,-44.96503829956055,-44.965267181396484,-44.96559143066406,-44.96595764160156,-44.96625900268555,-44.9664306640625,-44.96649932861328,-44.96656036376953,-44.96669006347656,-44.96689987182617,-44.96712875366211,-44.96731185913086,-44.9674186706543,-44.967491149902344,-44.96757888793945,-44.967716217041016,-44.96788024902344,-44.96803283691406,-44.968143463134766,-44.96822738647461,-44.96830749511719,-44.968414306640625,-44.96854019165039,-44.968666076660156,-44.96877670288086,-44.96886444091797,-44.96894454956055,-44.96903610229492,-44.96913528442383,-44.969242095947266,-44.9693489074707,-44.96944046020508,-44.96952819824219,-44.96961212158203,-44.96969985961914,-44.969791412353516,-44.969886779785156,-44.96997833251953,-44.970069885253906,-44.97015380859375,-44.970237731933594,-44.97032165527344,-44.97040939331055,-44.970497131347656,-44.970584869384766,-44.97066879272461,-44.97075653076172,-44.9708366394043,-44.97092056274414,-44.97100067138672,-44.97108459472656,-44.971168518066406,-44.97125244140625,-44.97133255004883,-44.97141647338867,-44.97149658203125,-44.97157669067383,-44.971656799316406,-44.971736907958984,-44.97181701660156,-44.97189712524414,-44.97197341918945,-44.97205352783203,-44.97213363647461,-44.97220993041992,-44.9722900390625,-44.97236633300781,-44.972442626953125,-44.97251892089844,-44.97259521484375,-44.97267150878906,-44.972747802734375,-44.97282409667969,-44.972896575927734,-44.97297286987305,-44.973045349121094,-44.973121643066406,-44.97319412231445,-44.9732666015625,-44.97333908081055,-44.973411560058594,-44.97348403930664,-44.97355651855469,-44.973628997802734,-44.97370147705078,-44.97377014160156,-44.97384262084961,-44.97391128540039,-44.97397994995117,-44.97404861450195,-44.974117279052734,-44.97418212890625,-44.974246978759766,-44.97431182861328,-44.974369049072266,-44.97442626953125,-44.97447204589844,-44.97450637817383,-44.974525451660156,-44.974517822265625,-44.97447967529297,-44.974422454833984,-44.974369049072266,-44.97438049316406,-44.97452163696289,-44.97478485107422,-44.97507095336914,-44.97524642944336,-44.97526168823242,-44.97520065307617,-44.97517776489258,-44.97526550292969,-44.975440979003906,-44.97560119628906,-44.975677490234375,-44.975677490234375,-44.975677490234375,-44.97573471069336,-44.97584915161133,-44.97596740722656,-44.976043701171875,-44.976070404052734,-44.97609329223633,-44.97614669799805,-44.97623062133789,-44.976322174072266,-44.97639083862305,-44.976436614990234,-44.976470947265625,-44.97652053833008,-44.97658920288086,-44.976661682128906,-44.97672653198242,-44.97677993774414,-44.97682189941406,-44.976871490478516,-44.9769287109375,-44.97698974609375,-44.97705078125,-44.977108001708984,-44.97715377807617,-44.977203369140625,-44.97725296020508,-44.9773063659668,-44.97736358642578,-44.9774169921875,-44.97747039794922,-44.977516174316406,-44.97756576538086,-44.97761535644531,-44.977664947509766,-44.977718353271484,-44.97776794433594,-44.97781753540039,-44.97786331176758,-44.97791290283203,-44.97795867919922,-44.978004455566406,-44.97805404663086,-44.97810363769531,-44.9781494140625,-44.97819519042969,-44.978240966796875,-44.97828674316406,-44.97833251953125,-44.97837829589844,-44.978424072265625,-44.97846603393555,-44.978511810302734,-44.97855758666992,-44.978599548339844,-44.978641510009766,-44.97868728637695,-44.978729248046875,-44.9787712097168,-44.97881317138672,-44.97885513305664,-44.97889709472656,-44.978939056396484,-44.978981018066406,-44.97902297973633,-44.979061126708984,-44.979103088378906,-44.97914123535156,-44.979183197021484,-44.97922134399414,-44.9792594909668,-44.97930145263672,-44.979339599609375,-44.97937774658203,-44.97941589355469,-44.979454040527344,-44.9794921875,-44.97952651977539,-44.97956466674805,-44.9796028137207,-44.979637145996094,-44.97967529296875,-44.97970962524414,-44.9797477722168,-44.97978210449219,-44.97981643676758,-44.979854583740234,-44.979888916015625,-44.979923248291016,-44.979957580566406,-44.9799919128418,-44.98002243041992,-44.98005676269531,-44.98008728027344,-44.98012161254883,-44.98015213012695,-44.98018264770508,-44.98020935058594,-44.98023223876953,-44.98025131225586,-44.98025894165039,-44.98025894165039,-44.98023223876953,-44.98018264770508,-44.9800910949707,-44.9799690246582,-44.97983932495117,-44.97977828979492,-44.9798698425293,-44.980140686035156,-44.9804573059082,-44.98064422607422,-44.980628967285156,-44.980499267578125,-44.98041534423828,-44.9804801940918,-44.98065185546875,-44.980804443359375,-44.980838775634766,-44.98078155517578,-44.98073959350586,-44.980777740478516,-44.98088455200195,-44.980979919433594,-44.98100280761719,-44.980979919433594,-44.98097229003906,-44.98101043701172,-44.981082916259766,-44.98114013671875,-44.98115921020508,-44.98115539550781,-44.98116683959961,-44.981201171875,-44.98125076293945,-44.98128890991211,-44.98130798339844,-44.981319427490234,-44.9813346862793,-44.981361389160156,-44.98139953613281,-44.98143005371094,-44.98145294189453,-44.981468200683594,-44.981483459472656,-44.981510162353516,-44.981536865234375,-44.981563568115234,-44.98158645629883,-44.981605529785156,-44.981624603271484,-44.98164367675781,-44.981666564941406,-44.981693267822266,-44.98171615600586,-44.98173522949219,-44.981754302978516,-44.981773376464844,-44.98179244995117,-44.981815338134766,-44.981834411621094,-44.98185729980469,-44.981876373291016,-44.981895446777344,-44.981910705566406,-44.981929779052734,-44.98194885253906,-44.981971740722656,-44.981990814208984,-44.98200607299805,-44.982025146484375,-44.9820442199707,-44.982059478759766,-44.982078552246094,-44.98209762573242,-44.982112884521484,-44.98213195800781,-44.98215103149414,-44.9821662902832,-44.982181549072266,-44.982200622558594,-44.982215881347656,-44.98223114013672,-44.98225021362305,-44.98226547241211,-44.98228073120117,-44.982295989990234,-44.98231506347656,-44.982330322265625,-44.98234558105469,-44.98236083984375,-44.98237609863281,-44.982391357421875,-44.98240661621094,-44.982418060302734,-44.9824333190918,-44.98244857788086,-44.98246383666992,-44.982479095458984,-44.98249053955078,-44.982505798339844,-44.982521057128906,-44.9825325012207,-44.982547760009766,-44.98256301879883,-44.982574462890625,-44.98258972167969,-44.982601165771484,-44.98261642456055,-44.982627868652344,-44.98263931274414,-44.9826545715332,-44.982666015625,-44.9826774597168,-44.98269271850586,-44.982704162597656,-44.98271560668945,-44.98272705078125,-44.98273849487305,-44.98275375366211,-44.982765197753906,-44.9827766418457,-44.9827880859375,-44.9827995300293,-44.982810974121094,-44.98282241821289,-44.98283386230469,-44.982845306396484,-44.982852935791016,-44.98286437988281,-44.98287582397461,-44.982887268066406,-44.98289489746094,-44.982906341552734,-44.98291778564453,-44.98292541503906,-44.982933044433594,-44.982940673828125,-44.98294448852539,-44.982940673828125,-44.982933044433594
-31.96160316467285,-32.121185302734375,-32.28212356567383,-32.44379425048828,-32.60565948486328,-32.76697540283203,-32.926937103271484,-33.0849494934082,-33.240684509277344,-33.39398956298828,-33.545021057128906,-33.69443130493164,-33.84336471557617,-33.99314880371094,-34.144954681396484,-34.29960632324219,-34.45753860473633,-34.61874771118164,-34.78287124633789,-34.949275970458984,-35.117183685302734,-35.28577423095703,-35.454280853271484,-35.622039794921875,-35.788570404052734,-35.95356369018555,-36.116878509521484,-36.278465270996094,-36.43828201293945,-36.59619903564453,-36.75194549560547,-36.905094146728516,-37.055110931396484,-37.201393127441406,-37.34337615966797,-37.48059844970703,-37.612762451171875,-37.73974609375,-37.8615608215332,-37.97826385498047,-38.08991241455078,-38.19650650024414,-38.29804611206055,-38.39456558227539,-38.4862174987793,-38.57329559326172,-38.6562385559082,-38.73553466796875,-38.8116455078125,-38.884910583496094,-38.95551300048828,-39.023529052734375,-39.08898162841797,-39.151939392089844,-39.212547302246094,-39.271026611328125,-39.327606201171875,-39.38245391845703,-39.4356575012207,-39.49903106689453,-39.568153381347656,-39.640777587890625,-39.715633392333984,-39.7918701171875,-39.86887741088867,-39.94618225097656,-40.02340316772461,-40.10021209716797,-40.17632293701172,-40.25147247314453,-40.325435638427734,-40.39802169799805,-40.46907043457031,-40.53844451904297,-40.60602951049805,-40.67171096801758,-40.73537826538086,-40.79692077636719,-40.85624694824219,-40.91327667236328,-40.967952728271484,-41.020233154296875,-41.07010269165039,-41.11757278442383,-41.16267013549805,-41.20545959472656,-41.24604797363281,-41.28457260131836,-41.32121658325195,-41.35618591308594,-41.38968276977539,-41.421913146972656,-41.45303726196289,-41.483184814453125,-41.51243591308594,-41.54084014892578,-41.56840515136719,-41.59511947631836,-41.62094497680664,-41.64584732055664,-41.66978073120117,-41.692726135253906,-41.714664459228516,-41.73561096191406,-41.76374816894531,-41.794437408447266,-41.8264274597168,-41.859100341796875,-41.8921012878418,-41.92522430419922,-41.95833206176758,-41.9913215637207,-42.02412033081055,-42.0566520690918,-42.088871002197266,-42.12071990966797,-42.152156829833984,-42.183143615722656,-42.213645935058594,-42.24362564086914,-42.27306365966797,-42.30192947387695,-42.33020782470703,-42.35788345336914,-42.38494873046875,-42.41139602661133,-42.43721008300781,-42.46238708496094,-42.48691940307617,-42.51079177856445,-42.534000396728516,-42.5565299987793,-42.578372955322266,-42.59952163696289,-42.619972229003906,-42.63972091674805,-42.65876770019531,-42.6771125793457,-42.694766998291016,-42.71173095703125,-42.72801208496094,-42.743621826171875,-42.75857162475586,-42.77286911010742,-42.786529541015625,-42.799556732177734,-42.811973571777344,-42.82378387451172,-42.83501052856445,-42.845664978027344,-42.855770111083984,-42.8653450012207,-42.87440872192383,-42.88298797607422,-42.8911018371582,-42.898773193359375,-42.906028747558594,-42.91289520263672,-42.91939163208008,-42.925540924072266,-42.93136978149414,-42.93689727783203,-42.9421501159668,-42.9471435546875,-42.951900482177734,-42.95643997192383,-42.96078109741211,-42.964942932128906,-42.96894073486328,-42.9727897644043,-42.97650146484375,-42.980098724365234,-42.983585357666016,-42.986976623535156,-42.99028396606445,-42.9935188293457,-42.99668884277344,-42.99980163574219,-43.002872467041016,-43.00590515136719,-43.008907318115234,-43.01189422607422,-43.01486587524414,-43.01783752441406,-43.02081298828125,-43.0238037109375,-43.026817321777344,-43.02986526489258,-43.03295135498047,-43.03608703613281,-43.03927993774414,-43.04254150390625,-43.04587936401367,-43.0493049621582,-43.052825927734375,-43.056453704833984,-43.06019592285156,-43.06406021118164,-43.06806182861328,-43.07220458984375,-43.07650375366211,-43.08095932006836,-43.08558654785156,-43.090389251708984,-43.095375061035156,-43.10055160522461,-43.10592269897461,-43.11149215698242,-43.11726760864258,-43.12324523925781,-43.129432678222656,-43.13582229614258,-43.14241409301758,-43.149208068847656,-43.15619659423828,-43.163368225097656,-43.17072296142578,-43.17824172973633,-43.185916900634766,-43.1937370300293,-43.201683044433594,-43.20974349975586,-43.2178955078125,-43.22612762451172,-43.23441696166992,-43.24274444580078,-43.2510871887207,-43.25943374633789,-43.26775360107422,-43.27602767944336,-43.28423309326172,-43.29235076904297,-43.30036163330078,-43.3082389831543,-43.31596374511719,-43.323516845703125,-43.33088302612305,-43.338043212890625,-43.3449821472168,-43.351688385009766,-43.358150482177734,-43.364356994628906,-43.370304107666016,-43.375980377197266,-43.38138198852539,-43.38650894165039,-43.391357421875,-43.395931243896484,-43.400230407714844,-43.404258728027344,-43.408023834228516,-43.411529541015625,-43.41478729248047,-43.41780090332031,-43.42058563232422,-43.42314529418945,-43.42549514770508,-43.427650451660156,-43.42961502075195,-43.43140411376953,-43.43302536010742,-43.43449783325195,-43.435829162597656,-43.43703079223633,-43.4381103515625,-43.439083099365234,-43.4399528503418,-43.44073486328125,-43.44143295288086,-43.44205856323242,-43.44261932373047,-43.443119049072266,-43.443565368652344,-43.44396209716797,-43.44431686401367,-43.444637298583984,-43.444923400878906,-43.4451789855957,-43.445411682128906,-43.445621490478516,-43.44580841064453,-43.445980072021484,-43.446136474609375,-43.44628143310547,-43.446414947509766,-43.446537017822266,-43.44664764404297,-43.446754455566406,-43.44685363769531,-43.44694519042969,-43.4470329284668,-43.44711685180664,-43.44719314575195,-43.447269439697266,-43.44734191894531,-43.447410583496094,-43.447479248046875,-43.44754409790039,-43.44760513305664,-43.44766616821289,-43.447723388671875,-43.44778060913086,-43.447837829589844,-43.44789123535156,-43.44794464111328,-43.447998046875,-43.44804763793945,-43.448097229003906,-43.44814682006836,-43.44819641113281,-43.4482421875,-43.44829177856445,-43.44833755493164,-43.44838333129883,-43.448429107666016,-43.44847106933594,-43.448516845703125,-43.44855880737305,-43.448604583740234,-43.448646545410156,-43.44868850708008,-43.44873046875,-43.44877243041992,-43.448814392089844,-43.448856353759766,-43.44889450073242,-43.448936462402344,-43.448978424072266,-43.44901657104492,-43.449058532714844,-43.4490966796875,-43.449134826660156,-43.44917678833008,-43.449214935302734,-43.44925308227539,-43.44929122924805,-43.4493293762207,-43.44936752319336,-43.449405670166016,-43.44944381713867,-43.44948196411133,-43.449520111083984,-43.44955825805664,-43.44959259033203,-43.44963073730469,-43.44966506958008,-43.449703216552734,-43.449737548828125,-43.44977569580078,-43.44981002807617,-43.44984817504883,-43.44988250732422,-43.44991683959961,-43.449951171875,-43.44998550415039,-43.45001983642578,-43.45005416870117,-43.45008850097656,-43.45012283325195,-43.450157165527344,-43.450191497802734,-43.45022201538086,-43.45025634765625,-43.45029067993164,-43.450321197509766,-43.450355529785156,-43.45038604736328,-43.45042037963867,-43.4504508972168,-43.45048141479492,-43.45051193237305,-43.45054626464844,-43.45057678222656,-43.45060729980469,-43.45063781738281,-43.45066833496094,-43.45069885253906,-43.45072937011719,-43.45075607299805,-43.45078659057617,-43.4508171081543,-43.45084762573242,-43.45087432861328,-43.450904846191406,-43.450931549072266,-43.45096206665039,-43.45098876953125,-43.451019287109375,-43.451045989990234,-43.451072692871094,-43.45109939575195,-43.45112991333008,-43.45115661621094,-43.4511833190918,-43.451210021972656,-43.451236724853516,-43.451263427734375,-43.451290130615234,-43.451316833496094,-43.45133972167969,-43.45136642456055,-43.451393127441406,-43.451419830322266,-43.45144271850586,-43.45146942138672,-43.45149230957031,-43.45151901245117,-43.451541900634766,-43.451568603515625,-43.45159149169922,-43.45161437988281,-43.45164108276367,-43.451663970947266,-43.45168685913086,-43.45170974731445,-43.45173263549805,-43.45175552368164,-43.451778411865234,-43.45180130004883,-43.45182418823242,-43.451847076416016,-43.45186996459961,-43.4518928527832,-43.45191192626953,-43.451934814453125,-43.45195770263672,-43.45197677612305,-43.45199966430664,-43.45201873779297,-43.45204162597656,-43.45206069946289,-43.452083587646484,-43.45210266113281,-43.45212173461914,-43.452144622802734,-43.45216369628906,-43.45218276977539,-43.45220184326172,-43.45222091674805,-43.452239990234375,-43.45226287841797,-43.4522819519043,-43.452301025390625,-43.45231628417969,-43.452335357666016,-43.452354431152344,-43.45237350463867,-43.452392578125,-43.45241165161133,-43.45242691040039,-43.45244598388672,-43.45246505737305,-43.45248031616211,-43.45249938964844,-43.4525146484375,-43.45253372192383,-43.45254898071289,-43.45256805419922,-43.45258331298828,-43.452598571777344,-43.45261764526367,-43.452632904052734,-43.4526481628418,-43.45266342163086,-43.45268249511719,-43.45269775390625,-43.45271301269531,-43.452728271484375,-43.45274353027344,-43.4527587890625,-43.45277404785156,-43.452789306640625,-43.45280456542969,-43.45281982421875,-43.45283508300781,-43.45284652709961,-43.45286178588867,-43.452877044677734,-43.4528923034668,-43.452903747558594,-43.452919006347656,-43.45293426513672,-43.452945709228516,-43.45296096801758,-43.452972412109375,-43.45298767089844,-43.452999114990234,-43.4530143737793,-43.453025817871094,-43.453041076660156,-43.45305252075195,-43.45306396484375,-43.45307922363281,-43.45309066772461,-43.453102111816406,-43.45311737060547,-43.453128814697266,-43.45314025878906,-43.45315170288086,-43.453163146972656,-43.45317459106445,-43.45318603515625,-43.45319747924805,-43.453208923339844,-43.45322036743164,-43.45323181152344,-43.453243255615234,-43.45325469970703,-43.45326614379883,-43.453277587890625,-43.45328903198242,-43.45330047607422,-43.45330810546875,-43.45331954956055,-43.453330993652344,-43.45334243774414,-43.45335006713867,-43.45336151123047,-43.453372955322266,-43.4533805847168,-43.453392028808594,-43.453399658203125,-43.45341110229492,-43.45341873168945,-43.45343017578125,-43.45343780517578,-43.45344924926758,-43.45345687866211,-43.453468322753906,-43.45347595214844,-43.45348358154297,-43.453495025634766,-43.4535026550293,-43.45351028442383,-43.453521728515625,-43.453529357910156,-43.45353698730469,-43.45354461669922,-43.453556060791016,-43.45356369018555,-43.45357131958008,-43.45357894897461,-43.45358657836914,-43.45359420776367,-43.4536018371582,-43.45361328125,-43.45362091064453,-43.45362854003906,-43.453636169433594,-43.453643798828125,-43.453651428222656,-43.45365905761719,-43.45366668701172,-43.453670501708984,-43.453678131103516
-33.32461929321289,-33.47957992553711,-33.63309860229492,-33.785240173339844,-33.935951232910156,-34.085227966308594,-34.233211517333984,-34.37985610961914,-34.524681091308594,-34.66681671142578,-34.80520248413086,-34.9389533996582,-35.06768798828125,-35.19179153442383,-35.312435150146484,-35.431217193603516,-35.54966354370117,-35.668888092041016,-35.78950881958008,-35.911720275878906,-36.035438537597656,-36.16039276123047,-36.286190032958984,-36.41239929199219,-36.53860092163086,-36.66447067260742,-36.78984451293945,-36.91478729248047,-37.03959274291992,-37.16477584838867,-37.29092788696289,-37.41856384277344,-37.54791259765625,-37.678794860839844,-37.810569763183594,-37.942142486572266,-38.072078704833984,-38.19895935058594,-38.32190704345703,-38.44116973876953,-38.55815124511719,-38.67451858520508,-38.790870666503906,-38.90616989135742,-39.01835250854492,-39.125770568847656,-39.22859573364258,-39.328773498535156,-39.427978515625,-39.525760650634766,-39.61976623535156,-39.707733154296875,-39.789615631103516,-39.8674430847168,-39.94230270385742,-40.01274108886719,-40.07685089111328,-40.13498306274414,-40.18918991088867,-40.240116119384766,-40.28635025024414,-40.32700729370117,-40.363441467285156,-40.397247314453125,-40.43678283691406,-40.47771453857422,-40.518577575683594,-40.559593200683594,-40.60074234008789,-40.641170501708984,-40.68013381958008,-40.717735290527344,-40.754425048828125,-40.790164947509766,-40.824462890625,-40.857093811035156,-40.88829040527344,-40.918277740478516,-40.946937561035156,-40.97401809692383,-40.99950408935547,-41.02360153198242,-41.04641342163086,-41.06785202026367,-41.087852478027344,-41.10654067993164,-41.12411880493164,-41.14070129394531,-41.15629959106445,-41.17097091674805,-41.184871673583984,-41.19816589355469,-41.210941314697266,-41.223236083984375,-41.2351188659668,-41.246707916259766,-41.25811004638672,-41.26939010620117,-41.28059005737305,-41.29386520385742,-41.30830001831055,-41.323524475097656,-41.33935546875,-41.35567855834961,-41.372459411621094,-41.389686584472656,-41.40736389160156,-41.42549133300781,-41.444061279296875,-41.46305847167969,-41.48244857788086,-41.50217819213867,-41.52216720581055,-41.542327880859375,-41.562564849853516,-41.5827751159668,-41.60285949707031,-41.62272644042969,-41.642311096191406,-41.66157150268555,-41.680484771728516,-41.69905090332031,-41.71725845336914,-41.735107421875,-41.752593994140625,-41.76972579956055,-41.78651428222656,-41.80299377441406,-41.819190979003906,-41.835140228271484,-41.85088348388672,-41.866455078125,-41.881893157958984,-41.89723205566406,-41.91249465942383,-41.92770767211914,-41.94289016723633,-41.95805740356445,-41.97322463989258,-41.988407135009766,-42.003623962402344,-42.01888656616211,-42.03420639038086,-42.049591064453125,-42.065040588378906,-42.08055114746094,-42.09612274169922,-42.11174392700195,-42.12739562988281,-42.143062591552734,-42.158714294433594,-42.17433166503906,-42.18988037109375,-42.20532989501953,-42.220638275146484,-42.23576736450195,-42.250667572021484,-42.26530456542969,-42.279624938964844,-42.29358673095703,-42.30714797973633,-42.32026672363281,-42.332908630371094,-42.345035552978516,-42.356624603271484,-42.36765670776367,-42.37811279296875,-42.38798522949219,-42.39727020263672,-42.40597915649414,-42.41411590576172,-42.42170333862305,-42.42876052856445,-42.435325622558594,-42.44142150878906,-42.447086334228516,-42.45236587524414,-42.45729064941406,-42.46190643310547,-42.466251373291016,-42.47036361694336,-42.474273681640625,-42.478023529052734,-42.481632232666016,-42.48513412475586,-42.48854446411133,-42.491886138916016,-42.495174407958984,-42.49842071533203,-42.50163269042969,-42.50481414794922,-42.50796890258789,-42.51110076904297,-42.51420974731445,-42.51729202270508,-42.52034378051758,-42.52336120605469,-42.526344299316406,-42.52928924560547,-42.532188415527344,-42.53504180908203,-42.537841796875,-42.54059600830078,-42.54328918457031,-42.545928955078125,-42.54851150512695,-42.55103302001953,-42.553497314453125,-42.55590057373047,-42.55824279785156,-42.56053161621094,-42.56275939941406,-42.5649299621582,-42.56704330444336,-42.5691032409668,-42.571109771728516,-42.573062896728516,-42.5749626159668,-42.576812744140625,-42.57861328125,-42.58036422729492,-42.582069396972656,-42.5837287902832,-42.5853385925293,-42.58690643310547,-42.58843231201172,-42.58991241455078,-42.59135055541992,-42.59274673461914,-42.59410095214844,-42.59541702270508,-42.59669494628906,-42.597930908203125,-42.5991325378418,-42.60029602050781,-42.60142517089844,-42.602516174316406,-42.603572845458984,-42.60459899902344,-42.605587005615234,-42.60654830932617,-42.60747528076172,-42.608367919921875,-42.60923767089844,-42.61007308959961,-42.61088180541992,-42.611663818359375,-42.61241912841797,-42.61314392089844,-42.61384963989258,-42.61452865600586,-42.61518096923828,-42.615814208984375,-42.61642074584961,-42.617008209228516,-42.61757278442383,-42.61811828613281,-42.61864471435547,-42.6191520690918,-42.6196403503418,-42.62010955810547,-42.62056350708008,-42.62099838256836,-42.62141799926758,-42.621822357177734,-42.62221145629883,-42.62258529663086,-42.62294387817383,-42.623291015625,-42.62362289428711,-42.62394332885742,-42.62425231933594,-42.62454605102539,-42.62483215332031,-42.62510681152344,-42.625370025634766,-42.6256217956543,-42.6258659362793,-42.6260986328125,-42.62632369995117,-42.62654113769531,-42.626747131347656,-42.62694549560547,-42.627140045166016,-42.627323150634766,-42.627498626708984,-42.62767028808594,-42.62783432006836,-42.62799072265625,-42.628143310546875,-42.62828826904297,-42.6284294128418,-42.628562927246094,-42.628692626953125,-42.628814697265625,-42.628936767578125,-42.629051208496094,-42.6291618347168,-42.629268646240234,-42.629371643066406,-42.62946701049805,-42.62956237792969,-42.62965393066406,-42.62974166870117,-42.62982940673828,-42.62990951538086,-42.62998962402344,-42.63006591796875,-42.6301383972168,-42.630210876464844,-42.630279541015625,-42.63034439086914,-42.630409240722656,-42.630470275878906,-42.63052749633789,-42.63058853149414,-42.63064193725586,-42.63069534301758,-42.6307487487793,-42.63079833984375,-42.6308479309082,-42.630897521972656,-42.630943298339844,-42.63098907470703,-42.63103103637695,-42.63107681274414,-42.6311149597168,-42.63115692138672,-42.631195068359375,-42.63123321533203,-42.63127136230469,-42.631309509277344,-42.631343841552734,-42.631378173828125,-42.631412506103516,-42.631446838378906,-42.63147735595703,-42.631507873535156,-42.63154220581055,-42.63157272338867,-42.63159942626953,-42.631629943847656,-42.63166046142578,-42.63168716430664,-42.631717681884766,-42.631744384765625,-42.631771087646484,-42.631797790527344,-42.6318244934082,-42.63185119628906,-42.631874084472656,-42.631900787353516,-42.63192367553711,-42.63195037841797,-42.63197326660156,-42.63199996948242,-42.632022857666016,-42.63204574584961,-42.6320686340332,-42.6320915222168,-42.63211441040039,-42.632137298583984,-42.63216018676758,-42.63218307495117,-42.632205963134766,-42.63222885131836,-42.63224792480469,-42.63227081298828,-42.632293701171875,-42.63231658935547,-42.6323356628418,-42.63235855102539,-42.63237762451172,-42.63240051269531,-42.63241958618164,-42.632442474365234,-42.63246154785156,-42.632484436035156,-42.632503509521484,-42.63252639770508,-42.632545471191406,-42.632564544677734,-42.63258743286133,-42.632606506347656,-42.632625579833984,-42.63264846801758,-42.632667541503906,-42.632686614990234,-42.63270950317383,-42.632728576660156,-42.632747650146484,-42.63276672363281,-42.632789611816406,-42.632808685302734,-42.63282775878906,-42.63284683227539,-42.632869720458984,-42.63288879394531,-42.63290786743164,-42.63292694091797,-42.6329460144043,-42.632965087890625,-42.63298797607422,-42.63300704956055,-42.633026123046875,-42.6330451965332,-42.63306427001953,-42.63308334350586,-42.63310623168945,-42.63312530517578,-42.63314437866211,-42.63316345214844,-42.633182525634766,-42.633201599121094,-42.63322067260742,-42.63323974609375,-42.63325881958008,-42.63328170776367,-42.63330078125,-42.63331985473633,-42.633338928222656,-42.633358001708984,-42.63337707519531,-42.63339614868164,-42.63341522216797,-42.6334342956543,-42.633453369140625,-42.63347244262695,-42.63349151611328,-42.63351058959961,-42.63352966308594,-42.63355255126953,-42.63357162475586,-42.63359069824219,-42.633609771728516,-42.633628845214844,-42.63364791870117,-42.6336669921875,-42.63368606567383,-42.633705139160156,-42.633724212646484,-42.63374328613281,-42.63376235961914,-42.63378143310547,-42.6338005065918,-42.633819580078125,-42.63383865356445,-42.63385772705078,-42.63387680053711,-42.63389587402344,-42.633914947509766,-42.633934020996094,-42.63395309448242,-42.63397216796875,-42.63399124145508,-42.634010314941406,-42.634029388427734,-42.63404846191406,-42.63406753540039,-42.63408660888672,-42.63410568237305,-42.63412094116211,-42.63414001464844,-42.634159088134766,-42.634178161621094,-42.63419723510742,-42.63421630859375,-42.63423538208008,-42.634254455566406,-42.634273529052734,-42.63429260253906,-42.63431167602539,-42.63433074951172,-42.63434982299805,-42.63436508178711,-42.63438415527344,-42.634403228759766,-42.634422302246094,-42.63444137573242,-42.63446044921875,-42.63447952270508,-42.634498596191406,-42.63451385498047,-42.6345329284668,-42.634552001953125,-42.63457107543945,-42.63459014892578,-42.63460922241211,-42.63462829589844,-42.6346435546875,-42.63466262817383,-42.634681701660156,-42.634700775146484,-42.63471984863281,-42.634735107421875,-42.6347541809082,-42.63477325439453,-42.63479232788086,-42.63481140136719,-42.63482666015625,-42.63484573364258,-42.634864807128906,-42.634883880615234,-42.63490295410156,-42.634918212890625,-42.63493728637695,-42.63495635986328,-42.63497543334961,-42.63499069213867,-42.635009765625,-42.63502883911133,-42.63504409790039,-42.63506317138672,-42.63508224487305,-42.635101318359375,-42.63511657714844,-42.635135650634766,-42.635154724121094,-42.635169982910156,-42.635189056396484,-42.63520812988281,-42.635223388671875,-42.6352424621582,-42.63526153564453,-42.635276794433594,-42.63529586791992,-42.63531494140625,-42.63533020019531,-42.63534927368164,-42.63536834716797,-42.63538360595703,-42.63540267944336,-42.63541793823242,-42.63543701171875,-42.63545608520508,-42.63547134399414,-42.63549041748047,-42.63550567626953,-42.63552474975586,-42.63554382324219,-42.63555908203125,-42.63557815551758,-42.63559341430664,-42.63561248779297,-42.63562774658203,-42.63564682006836,-42.63566589355469,-42.63568115234375,-42.63570022583008,-42.63571548461914,-42.63573455810547,-42.63574981689453,-42.63576889038086,-42.63578414916992,-42.63580322265625,-42.63581848144531,-42.63583755493164,-42.6358528137207,-42.63587188720703,-42.635887145996094,-42.63590621948242,-42.635921478271484,-42.63593673706055,-42.635955810546875,-42.63597106933594,-42.635990142822266,-42.63600540161133,-42.636024475097656,-42.63603973388672,-42.63605499267578,-42.63607406616211,-42.63608932495117,-42.6361083984375,-42.63612365722656,-42.63614273071289,-42.63615798950195,-42.636173248291016,-42.636192321777344,-42.636207580566406,-42.63622283935547,-42.6362419128418,-42.63625717163086,-42.63627243041992,-42.63629150390625,-42.63630676269531,-42.63632583618164,-42.6363410949707,-42.636356353759766,-42.636375427246094,-42.636390686035156,-42.63640594482422,-42.63642120361328,-42.63644027709961,-42.63645553588867,-42.636470794677734,-42.63648986816406,-42.636505126953125,-42.63652038574219,-42.636539459228516,-42.63655471801758,-42.63656997680664,-42.6365852355957,-42.63660430908203,-42.636619567871094,-42.636634826660156,-42.63665008544922,-42.63666915893555,-42.63668441772461,-42.63669967651367,-42.636714935302734,-42.63673400878906,-42.636749267578125,-42.63676452636719,-42.63677978515625,-42.63679885864258,-42.63681411743164,-42.6368293762207,-42.636844635009766,-42.636863708496094,-42.636878967285156,-42.63689422607422,-42.63690948486328,-42.636924743652344,-42.63694381713867,-42.636959075927734,-42.6369743347168,-42.63698959350586,-42.63700485229492,-42.63702392578125,-42.63703918457031,-42.637054443359375,-42.63706970214844,-42.6370849609375,-42.63710403442383,-42.63711929321289,-42.63713455200195,-42.637149810791016,-42.63716506958008,-42.637184143066406,-42.63719940185547,-42.63721466064453,-42.637229919433594,-42.637245178222656,-42.637264251708984,-42.63727951049805,-42.63729476928711,-42.63731002807617,-42.6373291015625,-42.63734436035156,-42.637359619140625,-42.63737487792969,-42.63739013671875,-42.63740921020508,-42.63742446899414,-42.6374397277832,-42.637454986572266,-42.637474060058594,-42.637489318847656,-42.63750457763672,-42.63751983642578,-42.63753890991211,-42.63755416870117,-42.637569427490234,-42.6375846862793,-42.637603759765625,-42.63761901855469,-42.63763427734375,-42.63765335083008,-42.63766860961914,-42.6376838684082,-42.63770294189453,-42.637718200683594,-42.637733459472656,-42.637752532958984,-42.63776779174805,-42.63778305053711,-42.63780212402344,-42.6378173828125,-42.63783264160156,-42.63785171508789,-42.63786697387695,-42.63788604736328,-42.637901306152344,-42.63792037963867,-42.637935638427734,-42.63795471191406,-42.637969970703125,-42.63798904418945,-42.638004302978516,-42.638023376464844,-42.638038635253906,-42.638057708740234,-42.6380729675293,-42.638092041015625,-42.63811111450195,-42.638126373291016,-42.638145446777344,-42.63816452026367,-42.638179779052734,-42.63819885253906,-42.63821792602539,-42.63823699951172,-42.63825225830078,-42.63827133178711,-42.63829040527344,-42.638309478759766,-42.638328552246094,-42.63834762573242,-42.63836669921875,-42.63838577270508,-42.638404846191406,-42.638423919677734,-42.63844299316406,-42.63846206665039,-42.63848114013672,-42.63850021362305,-42.638519287109375,-42.6385383605957,-42.6385612487793,-42.638580322265625,-42.63859939575195,-42.63861846923828,-42.638641357421875,-42.6386604309082,-42.6386833190918,-42.638702392578125,-42.63872528076172,-42.63874435424805,-42.63876724243164,-42.638790130615234,-42.63880920410156,-42.638832092285156,-42.63885498046875,-42.638877868652344,-42.63889694213867,-42.638919830322266,-42.63894271850586,-42.63896560668945,-42.63898849487305,-42.639015197753906,-42.6390380859375,-42.639060974121094,-42.63908386230469,-42.63911056518555,-42.63913345336914,-42.63916015625,-42.639183044433594,-42.63920974731445,-42.63923263549805,-42.639259338378906,-42.639286041259766,-42.639312744140625,-42.639339447021484,-42.639366149902344,-42.6393928527832,-42.63941955566406,-42.63944625854492,-42.63947677612305,-42.639503479003906,-42.639530181884766,-42.63956069946289,-42.639591217041016,-42.639617919921875,-42.6396484375,-42.639678955078125,-42.63970947265625,-42.639739990234375,-42.6397705078125,-42.63980484008789,-42.639835357666016,-42.63986587524414,-42.63990020751953,-42.63993453979492,-42.63996505737305,-42.63999938964844,-42.64003372192383,-42.64006805419922,-42.64010238647461,-42.640140533447266,-42.640174865722656,-42.64021301269531,-42.6402473449707,-42.64028549194336,-42.640323638916016,-42.64036178588867,-42.64039993286133,-42.64044189453125,-42.640480041503906,-42.64052200317383,-42.640560150146484,-42.640602111816406,-42.64064407348633,-42.64068603515625,-42.64072799682617,-42.64077377319336,-42.64081573486328,-42.64086151123047,-42.640907287597656,-42.640953063964844,-42.64099884033203,-42.64104461669922,-42.64109420776367,-42.641143798828125,-42.64118957519531,-42.641239166259766,-42.64128875732422,-42.64134216308594,-42.64139175415039,-42.64144515991211,-42.64149856567383,-42.64155197143555,-42.641605377197266,-42.64166259765625,-42.64171600341797,-42.64177322387695,-42.64183044433594,-42.64188766479492,-42.64194869995117,-42.642005920410156,-42.642066955566406,-42.642127990722656,-42.642189025878906,-42.642250061035156,-42.64231491088867,-42.64237976074219,-42.6424446105957,-42.64250946044922,-42.642578125,-42.642642974853516,-42.6427116394043,-42.64278030395508,-42.642852783203125,-42.642921447753906,-42.64299392700195,-42.64306640625,-42.64313888549805,-42.64321517944336,-42.643287658691406,-42.64336395263672,-42.6434440612793,-42.64352035522461,-42.64360046386719,-42.6436767578125,-42.643760681152344,-42.64384078979492,-42.6439208984375,-42.644004821777344,-42.64408874511719,-42.64417266845703,-42.64426040649414,-42.64434814453125,-42.64443588256836,-42.64452362060547,-42.64461135864258,-42.64470291137695,-42.64479446411133,-42.6448860168457,-42.64497756958008,-42.64507293701172,-42.64516830444336,-42.645263671875,-42.64535903930664,-42.64545822143555,-42.64555358886719,-42.645652770996094,-42.645751953125,-42.64585494995117,-42.64595413208008,-42.64605712890625,-42.64616012573242,-42.646263122558594,-42.646366119384766,-42.6464729309082,-42.646575927734375,-42.64668273925781,-42.64678955078125,-42.64690017700195,-42.64700698852539,-42.647117614746094,-42.64722442626953,-42.647335052490234,-42.64744567871094,-42.64755630493164,-42.64767074584961,-42.64778137207031,-42.64789581298828,-42.64801025390625,-42.64812088012695,-42.64823532104492,-42.64834976196289,-42.64846420288086,-42.648582458496094,-42.64869689941406,-42.64881134033203,-42.648929595947266,-42.649044036865234,-42.64916229248047,-42.64927673339844,-42.64939498901367,-42.649513244628906,-42.649627685546875,-42.64974594116211,-42.649864196777344,-42.64997863769531,-42.65009689331055,-42.65021514892578,-42.650333404541016,-42.650447845458984,-42.65056610107422,-42.65068054199219,-42.65079879760742,-42.65091323852539,-42.651031494140625,-42.651145935058594,-42.65126037597656,-42.65137481689453,-42.6514892578125,-42.65160369873047,-42.65171813964844,-42.651832580566406,-42.65194320678711,-42.65205764770508,-42.65216827392578,-42.652278900146484,-42.65238952636719,-42.65250015258789,-42.652610778808594,-42.65271759033203,-42.65282440185547,-42.65293502807617,-42.653038024902344,-42.65314483642578,-42.65325164794922,-42.65335464477539,-42.65345764160156,-42.653560638427734,-42.653663635253906,-42.65376281738281,-42.65386199951172,-42.653961181640625,-42.65406036376953,-42.65415573120117,-42.65425109863281,-42.65434646606445,-42.654441833496094,-42.65453338623047,-42.654624938964844,-42.65471649169922,-42.654808044433594,-42.6548957824707,-42.65498352050781,-42.65507125854492,-42.655155181884766,-42.65523910522461,-42.65532302856445,-42.6554069519043,-42.655487060546875,-42.65556716918945,-42.65564727783203,-42.655723571777344,-42.655799865722656,-42.65587615966797,-42.65595245361328,-42.65602493286133,-42.656097412109375,-42.65616989135742,-42.6562385559082,-42.656307220458984,-42.656375885009766,-42.65644454956055,-42.65650939941406,-42.65657424926758,-42.656639099121094,-42.656700134277344,-42.656761169433594,-42.656822204589844,-42.656883239746094,-42.65694046020508,-42.65699768066406,-42.65705490112305,-42.65711212158203,-42.65716552734375,-42.65721893310547,-42.65727233886719,-42.65732192993164,-42.65737533569336,-42.65742492675781,-42.657470703125,-42.65752029418945,-42.65756607055664,-42.65761184692383,-42.657657623291016,-42.65769958496094,-42.657745361328125,-42.65778732299805,-42.65782928466797,-42.657867431640625,-42.65790939331055,-42.6579475402832,-42.65798568725586,-42.658023834228516,-42.65806198120117,-42.65809631347656,-42.65813064575195,-42.658164978027344,-42.658199310302734,-42.658233642578125,-42.65826416015625,-42.658294677734375,-42.658329010009766,-42.658355712890625,-42.65838623046875,-42.658416748046875,-42.658443450927734,-42.65847396850586,-42.65850067138672,-42.65852737426758,-42.65855026245117,-42.65857696533203,-42.65860366821289,-42.658626556396484,-42.65864944458008,-42.65867233276367,-42.658695220947266,-42.65871810913086,-42.65874099731445,-42.65876007080078,-42.658782958984375,-42.6588020324707,-42.65882110595703,-42.65884017944336,-42.65885925292969,-42.658878326416016,-42.658897399902344,-42.658912658691406,-42.658931732177734,-42.6589469909668,-42.65896224975586,-42.65898132324219,-42.65899658203125,-42.65901184082031,-42.659027099609375,-42.65904235839844,-42.659053802490234,-42.6590690612793,-42.65908432006836,-42.659095764160156,-42.65911102294922,-42.659122467041016,-42.65913391113281,-42.65914535522461,-42.65916061401367,-42.65917205810547,-42.659183502197266,-42.6591911315918,-42.659202575683594,-42.65921401977539,-42.65922546386719,-42.659236907958984,-42.659244537353516,-42.65925598144531,-42.659263610839844,-42.65927505493164,-42.65928268432617,-42.6592903137207,-42.6593017578125,-42.65930938720703,-42.65931701660156,-42.659324645996094,-42.659332275390625,-42.659339904785156,-42.65934753417969,-42.65935516357422,-42.65936279296875,-42.65937042236328,-42.65937805175781,-42.659385681152344,-42.65938949584961
-32.27050018310547,-32.434234619140625,-32.60127639770508,-32.777320861816406,-32.960018157958984,-33.147804260253906,-33.343658447265625,-33.54646301269531,-33.75448226928711,-33.96950149536133,-34.189857482910156,-34.41282272338867,-34.6393928527832,-34.86703872680664,-35.0941047668457,-35.322181701660156,-35.54960250854492,-35.77827835083008,-36.00801467895508,-36.23748779296875,-36.46686553955078,-36.693111419677734,-36.91678237915039,-37.13565444946289,-37.350730895996094,-37.56021499633789,-37.76475524902344,-37.963035583496094,-38.156349182128906,-38.34392547607422,-38.5268669128418,-38.703636169433594,-38.87430953979492,-39.03756332397461,-39.193695068359375,-39.34298324584961,-39.48579025268555,-39.62324142456055,-39.7553825378418,-39.883121490478516,-40.0066032409668,-40.12553787231445,-40.23994827270508,-40.34929275512695,-40.45360565185547,-40.553348541259766,-40.64857864379883,-40.73954772949219,-40.826698303222656,-40.910194396972656,-40.99013137817383,-41.06674575805664,-41.140262603759766,-41.210792541503906,-41.2783203125,-41.346858978271484,-41.41790008544922,-41.489688873291016,-41.56138229370117,-41.63256072998047,-41.702964782714844,-41.77245330810547,-41.84096908569336,-41.908409118652344,-41.974647521972656,-42.03959655761719,-42.103267669677734,-42.165733337402344,-42.227088928222656,-42.28744888305664,-42.34695053100586,-42.40571212768555,-42.46381378173828,-42.521358489990234,-42.57842254638672,-42.63505172729492,-42.69129943847656,-42.747257232666016,-42.80302429199219,-42.858497619628906,-42.91348648071289,-42.967987060546875,-43.02212142944336,-43.07597732543945,-43.129451751708984,-43.18230438232422,-43.23432159423828,-43.285465240478516,-43.33574295043945,-43.38510513305664,-43.43339920043945,-43.48043441772461,-43.52611541748047,-43.57046127319336,-43.6135368347168,-43.655418395996094,-43.69619369506836,-43.7359504699707,-43.774803161621094,-43.81291961669922,-43.8504753112793,-43.88761901855469,-43.924461364746094,-43.96105194091797,-43.997398376464844,-44.0334358215332,-44.069068908691406,-44.104164123535156,-44.138587951660156,-44.172218322753906,-44.20494842529297,-44.236690521240234,-44.26737976074219,-44.29698944091797,-44.32551574707031,-44.35298156738281,-44.37944030761719,-44.40501022338867,-44.429832458496094,-44.45393753051758,-44.47716522216797,-44.49934768676758,-44.520511627197266,-44.54079818725586,-44.56029510498047,-44.578941345214844,-44.60318374633789,-44.62904739379883,-44.65535354614258,-44.68162155151367,-44.707210540771484,-44.731754302978516,-44.755218505859375,-44.777496337890625,-44.79836654663086,-44.81779098510742,-44.83585739135742,-44.85258102416992,-44.867923736572266,-44.8819465637207,-44.89479064941406,-44.906551361083984,-44.91728210449219,-44.92707824707031,-44.93608093261719,-44.94440460205078,-44.95212173461914,-44.95929718017578,-44.96602249145508,-44.972373962402344,-44.97840118408203,-44.9841194152832,-44.989559173583984,-44.99475860595703,-44.99974060058594,-45.00450897216797,-45.00906753540039,-45.0134162902832,-45.017578125,-45.02155303955078,-45.02534484863281,-45.02895736694336,-45.03239822387695,-45.03566360473633,-45.038761138916016,-45.04169845581055,-45.04448699951172,-45.04713439941406,-45.049644470214844,-45.052032470703125,-45.05430221557617,-45.05646514892578,-45.05853271484375,-45.06051254272461,-45.062408447265625,-45.06423568725586,-45.06599426269531,-45.06769561767578,-45.06934356689453,-45.07093811035156,-45.07249069213867,-45.073997497558594,-45.07545852661133,-45.07687759399414,-45.0782470703125,-45.079532623291016,-45.080684661865234,-45.08161163330078,-45.08230209350586,-45.0832405090332,-45.08514404296875,-45.08723831176758,-45.088157653808594,-45.088706970214844,-45.0902214050293,-45.09186935424805,-45.09258270263672,-45.09342956542969,-45.09495162963867,-45.09601974487305,-45.096683502197266,-45.09786605834961,-45.099063873291016,-45.09977722167969,-45.10068893432617,-45.10184097290039,-45.10265350341797,-45.10340881347656,-45.104427337646484,-45.105308532714844,-45.10600280761719,-45.10686492919922,-45.107749938964844,-45.10844802856445,-45.10918045043945,-45.11001205444336,-45.1107292175293,-45.11138153076172,-45.112117767333984,-45.11284255981445,-45.113468170166016,-45.11410903930664,-45.11478805541992,-45.115413665771484,-45.11599349975586,-45.116600036621094,-45.117210388183594,-45.117767333984375,-45.118309020996094,-45.11886978149414,-45.119415283203125,-45.11992263793945,-45.120418548583984,-45.12092590332031,-45.12141799926758,-45.12187957763672,-45.12233352661133,-45.1227912902832,-45.123233795166016,-45.1236572265625,-45.12406921386719,-45.12447738647461,-45.1248779296875,-45.12526321411133,-45.125633239746094,-45.125999450683594,-45.12636184692383,-45.126708984375,-45.127044677734375,-45.12737274169922,-45.1276969909668,-45.12800979614258,-45.12831497192383,-45.12860870361328,-45.12889862060547,-45.129180908203125,-45.12945556640625,-45.129722595214844,-45.12997817993164,-45.13022994995117,-45.13047409057617,-45.130714416503906,-45.13094711303711,-45.13117218017578,-45.13139343261719,-45.13160705566406,-45.131813049316406,-45.132015228271484,-45.1322135925293,-45.13240432739258,-45.132591247558594,-45.13277053833008,-45.1329460144043,-45.13311767578125,-45.13328552246094,-45.13344955444336,-45.13360595703125,-45.133758544921875,-45.1339111328125,-45.134056091308594,-45.13419723510742,-45.134334564208984,-45.13447189331055,-45.13460159301758,-45.134727478027344,-45.13485336303711,-45.13497543334961,-45.135093688964844,-45.13520812988281,-45.135318756103516,-45.13542938232422,-45.135536193847656,-45.13563919067383,-45.135738372802734,-45.13583755493164,-45.13593673706055,-45.13602828979492,-45.1361198425293,-45.13621139526367,-45.13629913330078,-45.136383056640625,-45.13646697998047,-45.13655090332031,-45.136627197265625,-45.13670349121094,-45.136775970458984,-45.136844635009766,-45.136905670166016,-45.1369514465332,-45.13697814941406,-45.13695526123047,-45.13685989379883,-45.136653900146484,-45.1363410949707,-45.1360969543457,-45.136268615722656,-45.13694381713867,-45.137542724609375,-45.13752365112305,-45.13715362548828,-45.13710403442383,-45.13753128051758,-45.13787078857422,-45.137760162353516,-45.137569427490234,-45.13772964477539,-45.138038635253906,-45.138092041015625,-45.13795471191406,-45.13799285888672,-45.13821029663086,-45.13832092285156,-45.13825607299805,-45.138248443603516,-45.138389587402344,-45.13850784301758,-45.13849639892578,-45.13848114013672,-45.13856506347656,-45.138671875,-45.13869857788086,-45.13869094848633,-45.13874053955078,-45.138824462890625,-45.138877868652344,-45.138885498046875,-45.13890838623047,-45.13896942138672,-45.13903045654297,-45.13905715942383,-45.13907241821289,-45.13911437988281,-45.13916778564453,-45.13920974731445,-45.13923263549805,-45.139259338378906,-45.13929748535156,-45.13934326171875,-45.13937759399414,-45.139400482177734,-45.13943099975586,-45.13946533203125,-45.139503479003906,-45.13953399658203,-45.13956069946289,-45.139591217041016,-45.13962173461914,-45.13965606689453,-45.139686584472656,-45.139713287353516,-45.139739990234375,-45.1397705078125,-45.139801025390625,-45.139827728271484,-45.139854431152344,-45.1398811340332,-45.13990783691406,-45.13993453979492,-45.13996505737305,-45.139991760253906,-45.1400146484375,-45.14004135131836,-45.14006805419922,-45.14009094238281,-45.14011764526367,-45.14014434814453,-45.140167236328125,-45.14019012451172,-45.14021682739258,-45.14023971557617,-45.140262603759766,-45.14028549194336,-45.14031219482422,-45.14033508300781,-45.14035415649414,-45.140377044677734,-45.14039993286133,-45.14042282104492,-45.140445709228516,-45.14046859741211,-45.1404914855957,-45.14051055908203,-45.140533447265625,-45.14055252075195,-45.14057540893555,-45.140594482421875,-45.14061737060547,-45.1406364440918,-45.14065933227539,-45.14067840576172,-45.14069747924805,-45.14072036743164,-45.14073944091797,-45.1407585144043,-45.140777587890625,-45.14079666137695,-45.14081573486328,-45.140838623046875,-45.1408576965332,-45.14087677001953,-45.14089584350586,-45.14091491699219,-45.140933990478516,-45.14094924926758,-45.140968322753906,-45.140987396240234,-45.14100646972656,-45.14102554321289,-45.14104461669922,-45.14106369018555,-45.14107894897461,-45.14109802246094,-45.141117095947266,-45.14113235473633,-45.141151428222656,-45.141170501708984,-45.14118576049805,-45.141204833984375,-45.14122009277344,-45.1412353515625,-45.1412467956543,-45.141258239746094,-45.141258239746094,-45.1412467956543,-45.141212463378906,-45.14112854003906,-45.140968322753906,-45.140689849853516,-45.14029312133789,-45.13991165161133,-45.139896392822266,-45.14047622680664,-45.141239166259766,-45.14146423339844,-45.141082763671875,-45.1407356262207,-45.140933990478516,-45.141414642333984,-45.141544342041016,-45.14127731323242,-45.14112854003906,-45.141361236572266,-45.14162063598633,-45.141571044921875,-45.141395568847656,-45.14143753051758,-45.141639709472656,-45.14170837402344,-45.141605377197266,-45.14156723022461,-45.14168167114258,-45.14178466796875,-45.141754150390625,-45.141700744628906,-45.141746520996094,-45.14183807373047,-45.14186096191406,-45.14182662963867,-45.14183044433594,-45.14188766479492,-45.14193344116211,-45.141929626464844,-45.14192199707031,-45.14194869995117,-45.14199447631836,-45.14201354980469,-45.14201354980469,-45.14202117919922,-45.142051696777344,-45.14208221435547,-45.14209747314453,-45.1421012878418,-45.14211654663086,-45.14214324951172,-45.14216613769531,-45.142181396484375,-45.142189025878906,-45.142208099365234,-45.14223098754883,-45.142250061035156,-45.14226531982422,-45.142276763916016,-45.14229202270508,-45.14231491088867,-45.142333984375,-45.14234924316406,-45.142364501953125,-45.14237976074219,-45.142398834228516,-45.142417907714844,-45.142433166503906,-45.14244842529297,-45.14246368408203,-45.14248275756836,-45.14249801635742,-45.14251708984375,-45.14253234863281,-45.142547607421875,-45.1425666809082,-45.142581939697266,-45.142601013183594,-45.142616271972656,-45.14263153076172,-45.14265060424805,-45.14266586303711,-45.14268493652344,-45.1427001953125,-45.14271545410156,-45.14273452758789,-45.14274978637695,-45.142765045166016,-45.142784118652344,-45.142799377441406,-45.142818450927734,-45.1428337097168,-45.142852783203125,-45.14286804199219,-45.14288330078125,-45.14290237426758,-45.14291763305664,-45.1429328918457,-45.14295196533203,-45.142967224121094,-45.14298629760742,-45.143001556396484,-45.14301681518555,-45.143035888671875,-45.14305114746094,-45.143070220947266,-45.14308547973633,-45.14310073852539,-45.14311981201172,-45.14313507080078,-45.14315414428711,-45.14316940307617,-45.143184661865234,-45.14320373535156,-45.143218994140625,-45.14323806762695,-45.143253326416016,-45.14326858520508,-45.143287658691406,-45.14330291748047,-45.14331817626953,-45.14333724975586,-45.14335250854492,-45.14337158203125,-45.14338684082031,-45.143402099609375,-45.1434211730957,-45.143436431884766,-45.143455505371094,-45.143470764160156,-45.14348602294922,-45.14350509643555,-45.14352035522461,-45.14353942871094,-45.1435546875,-45.14356994628906,-45.14358901977539,-45.14360427856445,-45.143619537353516,-45.143638610839844,-45.143653869628906,-45.143672943115234,-45.1436882019043,-45.14370346069336,-45.14372253417969,-45.14373779296875,-45.14375305175781,-45.14377212524414,-45.1437873840332,-45.14380645751953,-45.143821716308594,-45.143836975097656,-45.143856048583984,-45.14387130737305,-45.14388656616211,-45.14390182495117,-45.143917083740234,-45.14392852783203,-45.14393997192383,-45.14393997192383,-45.1439323425293,-45.14389419555664,-45.143802642822266,-45.143611907958984,-45.14324951171875,-45.14265823364258,-45.14194869995117,-45.14162063598633,-45.14229965209961,-45.14359664916992,-45.14414596557617,-45.1435546875,-45.14293670654297,-45.143287658691406,-45.144073486328125,-45.14413070678711,-45.14361572265625,-45.14356231689453,-45.14407730102539,-45.144283294677734,-45.14397048950195,-45.143856048583984,-45.1441764831543,-45.14435958862305,-45.1441764831543,-45.144081115722656,-45.144287109375,-45.14442825317383,-45.144317626953125,-45.14425277709961,-45.14439010620117,-45.144493103027344,-45.14442825317383,-45.144386291503906,-45.14448165893555,-45.14455795288086,-45.14452362060547,-45.14449691772461,-45.144561767578125,-45.144622802734375,-45.14461135864258,-45.144596099853516,-45.14463806152344,-45.14468765258789,-45.14468765258789,-45.14468002319336,-45.144710540771484,-45.14474868774414,-45.1447639465332,-45.14476013183594,-45.144779205322266,-45.144813537597656,-45.14482879638672,-45.14483642578125,-45.14484786987305,-45.144874572753906,-45.1448974609375,-45.14490509033203,-45.14491653442383,-45.144935607910156,-45.14495849609375,-45.14497375488281,-45.14498519897461,-45.14500045776367,-45.14501953125,-45.14503860473633,-45.145050048828125,-45.14506530761719,-45.145084381103516,-45.14509963989258,-45.14511489868164,-45.1451301574707,-45.145145416259766,-45.14516067504883,-45.145179748535156,-45.14519500732422,-45.145206451416016,-45.145225524902344,-45.145240783691406,-45.14525604248047,-45.14527130126953,-45.145286560058594,-45.145301818847656,-45.14531707763672,-45.14533233642578,-45.145347595214844,-45.145362854003906,-45.14537811279297,-45.14539337158203,-45.145408630371094,-45.145423889160156,-45.14543914794922,-45.14545440673828,-45.145469665527344,-45.145484924316406,-45.14550018310547,-45.14551544189453,-45.145530700683594,-45.145545959472656,-45.14556121826172,-45.14557647705078,-45.145591735839844,-45.145606994628906,-45.14562225341797,-45.14563751220703,-45.14564895629883,-45.14566421508789,-45.14567947387695,-45.145694732666016,-45.14570999145508,-45.14572525024414,-45.1457405090332,-45.145755767822266,-45.14576721191406,-45.145782470703125,-45.14579772949219,-45.14581298828125,-45.14582824707031,-45.145843505859375,-45.14585494995117,-45.145870208740234,-45.1458854675293,-45.14590072631836,-45.14591598510742,-45.14592742919922,-45.14594268798828,-45.145957946777344,-45.145973205566406,-45.1459846496582,-45.145999908447266,-45.14601516723633,-45.14603042602539,-45.14604187011719,-45.14605712890625,-45.14607238769531,-45.146087646484375,-45.14609909057617,-45.146114349365234,-45.1461296081543,-45.146141052246094,-45.146156311035156,-45.14617156982422,-45.146183013916016,-45.14619827270508,-45.14621353149414,-45.14622497558594,-45.146240234375,-45.14625549316406,-45.14626693725586,-45.14628219604492,-45.14629364013672,-45.14630889892578,-45.146324157714844,-45.14633560180664,-45.1463508605957,-45.1463623046875,-45.14637756347656,-45.146392822265625,-45.14640426635742,-45.146419525146484,-45.14643096923828,-45.146446228027344,-45.14645767211914,-45.1464729309082,-45.146484375,-45.14649963378906,-45.14651107788086,-45.14652633666992,-45.14653778076172,-45.14655303955078,-45.14656448364258,-45.14657974243164,-45.14659118652344,-45.1466064453125,-45.1466178894043,-45.14663314819336,-45.146644592285156,-45.14665603637695,-45.146671295166016,-45.14668273925781,-45.146697998046875,-45.14670944213867,-45.14672088623047,-45.14673614501953,-45.14674758911133,-45.14676284790039,-45.14677429199219,-45.146785736083984,-45.14680099487305,-45.146812438964844,-45.14682388305664,-45.14683532714844,-45.1468505859375,-45.1468620300293,-45.146873474121094,-45.14688491821289,-45.14689636230469,-45.146907806396484,-45.146915435791016,-45.14691925048828,-45.146915435791016,-45.14690017700195,-45.14686584472656
-31.085556030273438,-31.375755310058594,-31.659929275512695,-31.939626693725586,-32.21306610107422,-32.47605895996094,-32.7245979309082,-32.95651626586914,-33.17307662963867,-33.37895965576172,-33.579837799072266,-33.77938461303711,-33.97821044921875,-34.17473220825195,-34.36659622192383,-34.551849365234375,-34.72968292236328,-34.90076446533203,-35.06720733642578,-35.23213577270508,-35.3988151550293,-35.56962203979492,-35.74530029296875,-35.92477798461914,-36.105655670166016,-36.28519058227539,-36.46159744262695,-36.63508987426758,-36.807857513427734,-36.98249816894531,-37.159915924072266,-37.33829116821289,-37.513885498046875,-37.683231353759766,-37.84541702270508,-38.00257873535156,-38.157325744628906,-38.30963134765625,-38.45686721801758,-38.596866607666016,-38.73064041137695,-38.86137771606445,-38.99064636230469,-39.11661148071289,-39.2365608215332,-39.35040283203125,-39.460365295410156,-39.56728744506836,-39.669212341308594,-39.76434326171875,-39.853824615478516,-39.94001007080078,-40.0231819152832,-40.102149963378906,-40.1773681640625,-40.25101852416992,-40.32392883300781,-40.3950309753418,-40.464054107666016,-40.53032302856445,-40.5993537902832,-40.66921615600586,-40.7388801574707,-40.80853271484375,-40.87819290161133,-40.94703674316406,-41.014530181884766,-41.0810661315918,-41.14686965942383,-41.21144485473633,-41.274505615234375,-41.33638000488281,-41.3971061706543,-41.45621109008789,-41.51360321044922,-41.569576263427734,-41.62407684326172,-41.67687225341797,-41.728145599365234,-41.778099060058594,-41.826541900634766,-41.873382568359375,-41.918792724609375,-41.96273422241211,-42.00507736206055,-42.045989990234375,-42.08563232421875,-42.124000549316406,-42.16120147705078,-42.19744110107422,-42.232723236083984,-42.26704025268555,-42.30049514770508,-42.33308410644531,-42.36476516723633,-42.395599365234375,-42.425636291503906,-42.4548454284668,-42.483280181884766,-42.51097869873047,-42.53792190551758,-42.564117431640625,-42.58960723876953,-42.6143684387207,-42.63840866088867,-42.66175842285156,-42.68442153930664,-42.70639419555664,-42.72771453857422,-42.748382568359375,-42.76840591430664,-42.78781509399414,-42.80662155151367,-42.82484436035156,-42.85563278198242,-42.89067459106445,-42.9279670715332,-42.966434478759766,-43.00544357299805,-43.04462432861328,-43.08380126953125,-43.12284469604492,-43.161624908447266,-43.19999313354492,-43.23781204223633,-43.274959564208984,-43.31132888793945,-43.34684371948242,-43.38145446777344,-43.41512680053711,-43.44785690307617,-43.47965621948242,-43.510536193847656,-43.54052734375,-43.56965637207031,-43.597930908203125,-43.625370025634766,-43.6519775390625,-43.677757263183594,-43.70271682739258,-43.72685623168945,-43.75019454956055,-43.77273941040039,-43.79451370239258,-43.8155403137207,-43.83584213256836,-43.85544204711914,-43.87437057495117,-43.892642974853516,-43.9102897644043,-43.927330017089844,-43.943790435791016,-43.959693908691406,-43.97507095336914,-43.989952087402344,-44.00436782836914,-44.018348693847656,-44.03192901611328,-44.04513931274414,-44.058013916015625,-44.070579528808594,-44.08286666870117,-44.09489440917969,-44.10668182373047,-44.11825180053711,-44.12961959838867,-44.14078903198242,-44.15177917480469,-44.16259002685547,-44.17323684692383,-44.183712005615234,-44.19403076171875,-44.204185485839844,-44.21418762207031,-44.22403335571289,-44.233726501464844,-44.2432746887207,-44.2526741027832,-44.26192855834961,-44.27104949951172,-44.280029296875,-44.288883209228516,-44.297607421875,-44.30621337890625,-44.314701080322266,-44.32307815551758,-44.33134841918945,-44.33951950073242,-44.34758758544922,-44.355560302734375,-44.363441467285156,-44.37123107910156,-44.378929138183594,-44.38654327392578,-44.394065856933594,-44.40150833129883,-44.40886306762695,-44.416133880615234,-44.42332077026367,-44.430423736572266,-44.43744659423828,-44.44438171386719,-44.451236724853516,-44.458011627197266,-44.46470260620117,-44.4713134765625,-44.47784423828125,-44.48429870605469,-44.49067687988281,-44.496978759765625,-44.50320816040039,-44.50936508178711,-44.51545333862305,-44.52147674560547,-44.52743148803711,-44.5333251953125,-44.539161682128906,-44.54493713378906,-44.550662994384766,-44.556339263916016,-44.56196594238281,-44.56755447387695,-44.57310104370117,-44.57861328125,-44.5840950012207,-44.58955001831055,-44.5949821472168,-44.600399017333984,-44.605804443359375,-44.611202239990234,-44.61659622192383,-44.62199783325195,-44.627403259277344,-44.6328239440918,-44.63826370239258,-44.64373016357422,-44.64922332763672,-44.65475082397461,-44.660316467285156,-44.665924072265625,-44.67157745361328,-44.67728805541992,-44.683048248291016,-44.688865661621094,-44.69474792480469,-44.70069122314453,-44.706695556640625,-44.7127685546875,-44.71890640258789,-44.7251091003418,-44.73137283325195,-44.737701416015625,-44.74408721923828,-44.750526428222656,-44.757015228271484,-44.7635498046875,-44.770118713378906,-44.77671813964844,-44.7833366394043,-44.78997039794922,-44.796600341796875,-44.80322265625,-44.809818267822266,-44.816383361816406,-44.822898864746094,-44.829349517822266,-44.835731506347656,-44.84202194213867,-44.848209381103516,-44.85428237915039,-44.8602294921875,-44.86603546142578,-44.87168884277344,-44.87718200683594,-44.88250732421875,-44.88764953613281,-44.892608642578125,-44.89737319946289,-44.90194320678711,-44.906314849853516,-44.91048812866211,-44.914459228515625,-44.91823196411133,-44.92180633544922,-44.92518997192383,-44.928382873535156,-44.93138885498047,-44.93421936035156,-44.9368782043457,-44.939369201660156,-44.94170379638672,-44.943885803222656,-44.945926666259766,-44.94782638549805,-44.94960021972656,-44.95124816894531,-44.952781677246094,-44.95420837402344,-44.955528259277344,-44.95675277709961,-44.957889556884766,-44.95893859863281,-44.95990753173828,-44.96080017089844,-44.96162796020508,-44.96238708496094,-44.96308517456055,-44.96372985839844,-44.96432113647461,-44.96486282348633,-44.965362548828125,-44.965824127197266,-44.966243743896484,-44.96663284301758,-44.96699142456055,-44.967323303222656,-44.967628479003906,-44.96791458129883,-44.968177795410156,-44.968421936035156,-44.96865463256836,-44.9688720703125,-44.969078063964844,-44.969268798828125,-44.96945571899414,-44.96963119506836,-44.96979904174805,-44.96996307373047,-44.97011947631836,-44.970272064208984,-44.970420837402344,-44.97056579589844,-44.970706939697266,-44.970848083496094,-44.97098159790039,-44.97111511230469,-44.971248626708984,-44.971378326416016,-44.97150421142578,-44.97163391113281,-44.97175979614258,-44.97188186645508,-44.97200393676758,-44.97212600708008,-44.97224807739258,-44.97237014770508,-44.97248840332031,-44.97260665893555,-44.97272491455078,-44.97283935546875,-44.972957611083984,-44.97307205200195,-44.97318649291992,-44.973297119140625,-44.973411560058594,-44.9735221862793,-44.973636627197266,-44.97374725341797,-44.973854064941406,-44.97396469116211,-44.97407150268555,-44.974178314208984,-44.97428512573242,-44.97439193725586,-44.9744987487793,-44.97460174560547,-44.97470474243164,-44.97480773925781,-44.974910736083984,-44.975013732910156,-44.97511291503906,-44.97521209716797,-44.975311279296875,-44.97541046142578,-44.97550964355469,-44.97560501098633,-44.97570037841797,-44.97579574584961,-44.97589111328125,-44.97598648071289,-44.976078033447266,-44.976173400878906,-44.97626495361328,-44.976356506347656,-44.976444244384766,-44.97653579711914,-44.97662353515625,-44.97671127319336,-44.97679901123047,-44.97688674926758,-44.97697448730469,-44.97705841064453,-44.97714614868164,-44.977230072021484,-44.97731399536133,-44.977394104003906,-44.97747802734375,-44.97755813598633,-44.977638244628906,-44.977718353271484,-44.97779846191406,-44.97787857055664,-44.97795867919922,-44.97803497314453,-44.978111267089844,-44.978187561035156,-44.97826385498047,-44.97834014892578,-44.97841262817383,-44.97848892211914,-44.97856140136719,-44.978633880615234,-44.97870635986328,-44.97877883911133,-44.97884750366211,-44.978919982910156,-44.97898864746094,-44.97905731201172,-44.9791259765625,-44.97919464111328,-44.9792594909668,-44.97932815551758,-44.979393005371094,-44.979461669921875,-44.97952651977539,-44.979591369628906,-44.979652404785156,-44.97971725463867,-44.97977828979492,-44.97984313964844,-44.97990417480469,-44.97996520996094,-44.98002624511719,-44.98008728027344,-44.98014450073242,-44.98020553588867,-44.980262756347656,-44.980323791503906,-44.98038101196289,-44.980438232421875,-44.98049545288086,-44.98054885864258,-44.98060607910156,-44.98065948486328,-44.980716705322266,-44.980770111083984,-44.9808235168457,-44.98087692260742,-44.98093032836914,-44.980979919433594,-44.98103332519531,-44.981082916259766,-44.981136322021484,-44.98118591308594,-44.98123550415039,-44.981285095214844,-44.9813346862793,-44.98138427734375,-44.98143005371094,-44.98147964477539,-44.98152542114258,-44.98157501220703,-44.98162078857422,-44.981666564941406,-44.981712341308594,-44.98175811767578,-44.9818000793457,-44.98184585571289,-44.98189163208008,-44.98193359375,-44.98197555541992,-44.98202133178711,-44.98206329345703,-44.98210525512695,-44.982147216796875,-44.98218536376953,-44.98222732543945,-44.982269287109375,-44.98230743408203,-44.98234939575195,-44.98238754272461,-44.982425689697266,-44.98246383666992,-44.98250198364258,-44.982540130615234,-44.98257827758789,-44.98261642456055,-44.9826545715332,-44.982688903808594,-44.98272705078125,-44.98276138305664,-44.9827995300293,-44.98283386230469,-44.98286819458008,-44.98290252685547,-44.98293685913086,-44.98297119140625,-44.98300552368164,-44.98303985595703,-44.983070373535156,-44.98310470581055,-44.98313522338867,-44.98316955566406,-44.98320007324219,-44.98323059082031,-44.98326110839844,-44.98329544067383,-44.98332595825195,-44.98335647583008,-44.98338317871094,-44.98341369628906,-44.98344421386719,-44.98347473144531,-44.98350143432617,-44.9835319519043,-44.983558654785156,-44.98358917236328,-44.98361587524414,-44.983642578125,-44.983673095703125,-44.983699798583984,-44.983726501464844,-44.9837532043457,-44.98377990722656,-44.98380661010742,-44.983829498291016,-44.983856201171875,-44.983882904052734,-44.983909606933594,-44.98393249511719,-44.98395919799805,-44.98398208618164,-44.984004974365234,-44.984031677246094,-44.98405456542969,-44.98407745361328,-44.98410415649414,-44.984127044677734,-44.98414993286133,-44.98417282104492,-44.984195709228516,-44.98421859741211,-44.98423767089844,-44.98426055908203,-44.984283447265625,-44.98430633544922,-44.98432540893555,-44.98434829711914,-44.984371185302734,-44.98439025878906,-44.984413146972656,-44.984432220458984,-44.98445129394531,-44.984474182128906,-44.984493255615234,-44.98451232910156,-44.98453140258789,-44.98455047607422,-44.98457336425781,-44.98459243774414,-44.98461151123047,-44.9846305847168,-44.984649658203125,-44.98466873168945,-44.984683990478516,-44.984703063964844,-44.98472213745117,-44.9847412109375,-44.98475646972656,-44.98477554321289,-44.98479461669922,-44.98480987548828,-44.98482894897461,-44.98484420776367,-44.98486328125,-44.98487854003906,-44.98489761352539,-44.98491287231445,-44.98493194580078,-44.984947204589844,-44.984962463378906,-44.98497772216797,-44.9849967956543,-44.98501205444336,-44.98502731323242,-44.985042572021484,-44.98505783081055,-44.98507308959961,-44.98508834838867,-44.985103607177734,-44.9851188659668,-44.98513412475586,-44.98514938354492,-44.985164642333984,-44.98517990112305,-44.98519515991211,-44.98521041870117,-44.985225677490234,-44.98523712158203,-44.985252380371094,-44.985267639160156,-44.98528289794922,-44.985294342041016,-44.98530960083008,-44.98532485961914,-44.98533630371094,-44.9853515625,-44.9853630065918,-44.98537826538086,-44.98539352416992,-44.98540496826172,-44.98542022705078,-44.98543167114258,-44.985443115234375,-44.98545837402344,-44.985469818115234,-44.9854850769043,-44.985496520996094,-44.98550796508789,-44.98552322387695,-44.98553466796875,-44.98554611206055,-44.98556137084961,-44.985572814941406,-44.9855842590332,-44.985599517822266,-44.98561096191406,-44.98562240600586,-44.985633850097656,-44.98564529418945,-44.985660552978516,-44.98567199707031,-44.98568344116211,-44.985694885253906,-44.9857063293457,-44.9857177734375,-44.9857292175293,-44.985740661621094,-44.985755920410156,-44.98576736450195,-44.98577880859375,-44.98579025268555,-44.985801696777344,-44.98581314086914,-44.98582458496094,-44.985836029052734,-44.98584747314453,-44.98585891723633,-44.985870361328125,-44.98588180541992,-44.98589324951172,-44.985904693603516,-44.98591613769531,-44.98592758178711,-44.985939025878906,-44.98594665527344,-44.985958099365234,-44.98596954345703,-44.98598098754883,-44.985992431640625,-44.98600387573242,-44.98601531982422,-44.986026763916016,-44.98603820800781,-44.98604965209961,-44.98605728149414,-44.98606872558594,-44.986080169677734,-44.98609161376953,-44.98610305786133,-44.986114501953125,-44.98612594604492,-44.98613357543945,-44.98614501953125,-44.98615646362305,-44.986167907714844,-44.98617935180664,-44.98619079589844,-44.98619842529297,-44.986209869384766,-44.98622131347656,-44.98623275756836,-44.986244201660156,-44.98625564575195,-44.986263275146484,-44.98627471923828,-44.98628616333008,-44.986297607421875,-44.98630905151367,-44.98632049560547,-44.986328125,-44.9863395690918,-44.986351013183594,-44.98636245727539,-44.98637390136719,-44.986385345458984,-44.98639678955078,-44.98640441894531,-44.98641586303711,-44.986427307128906,-44.9864387512207,-44.9864501953125,-44.9864616394043,-44.986473083496094,-44.98648452758789,-44.98649215698242,-44.98650360107422,-44.986515045166016,-44.98652648925781,-44.98653793334961,-44.986549377441406,-44.9865608215332,-44.986572265625,-44.9865837097168,-44.986595153808594,-44.98660659790039,-44.98661804199219,-44.986629486083984,-44.98664093017578,-44.98665237426758,-44.986663818359375,-44.98667526245117,-44.98668670654297,-44.986698150634766,-44.98670959472656,-44.98672103881836,-44.986732482910156,-44.98674392700195,-44.98675537109375,-44.98676681518555,-44.986778259277344,-44.98678970336914,-44.98680114746094,-44.986812591552734,-44.9868278503418,-44.986839294433594,-44.98685073852539,-44.98686218261719,-44.986873626708984,-44.98688507080078,-44.986900329589844,-44.98691177368164,-44.98692321777344,-44.986934661865234,-44.9869499206543,-44.986961364746094,-44.98697280883789,-44.98698806762695,-44.98699951171875,-44.98701095581055,-44.98702621459961,-44.987037658691406,-44.9870491027832,-44.987064361572266,-44.98707580566406,-44.987091064453125,-44.98710250854492,-44.987117767333984,-44.98712921142578,-44.987144470214844,-44.98715591430664,-44.9871711730957,-44.9871826171875,-44.98719787597656,-44.98720932006836,-44.98722457885742,-44.987239837646484,-44.98725128173828,-44.987266540527344,-44.987281799316406,-44.9872932434082,-44.987308502197266,-44.98732376098633,-44.98733901977539,-44.98735427856445,-44.98736572265625,-44.98738098144531,-44.987396240234375,-44.98741149902344,-44.9874267578125,-44.98744201660156,-44.987457275390625,-44.98747253417969,-44.98748779296875,-44.98750305175781,-44.987518310546875,-44.98753356933594,-44.987552642822266,-44.98756790161133,-44.98758316040039,-44.98759841918945,-44.987613677978516,-44.987632751464844,-44.987648010253906,-44.98766326904297,-44.9876823425293,-44.98769760131836,-44.98771667480469,-44.98773193359375,-44.98775100708008,-44.98776626586914,-44.98778533935547,-44.98780059814453,-44.98781967163086,-44.98783874511719,-44.98785400390625,-44.98787307739258,-44.987892150878906,-44.987911224365234,-44.98793029785156,-44.98794937133789,-44.98796844482422,-44.98798751831055,-44.988006591796875,-44.9880256652832,-44.98804473876953,-44.98806381225586,-44.98808288574219,-44.988101959228516,-44.98812484741211,-44.98814392089844,-44.988162994384766,-44.98818588256836,-44.98820495605469,-44.98822784423828,-44.98824691772461,-44.9882698059082,-44.98828887939453,-44.988311767578125,-44.98833465576172,-44.98835372924805,-44.98837661743164,-44.988399505615234,-44.98842239379883,-44.98844528198242,-44.988468170166016,-44.98849105834961,-44.9885139465332,-44.98854064941406,-44.988563537597656,-44.98858642578125,-44.988609313964844,-44.9886360168457,-44.9886589050293,-44.988685607910156,-44.988712310791016,-44.98873519897461,-44.98876190185547,-44.98878860473633,-44.98881530761719,-44.98884201049805,-44.988868713378906,-44.988895416259766,-44.988922119140625,-44.988948822021484,-44.988975524902344,-44.98900604248047,-44.98903274536133,-44.98906326293945,-44.98908996582031,-44.98912048339844,-44.9891471862793,-44.98917770385742,-44.98920822143555,-44.98923873901367,-44.9892692565918,-44.98929977416992,-44.98933029174805,-44.98936462402344,-44.98939514160156,-44.98942947387695,-44.98945999145508,-44.98949432373047,-44.98952865600586,-44.989559173583984,-44.989593505859375,-44.989627838134766,-44.98966598510742,-44.98970031738281,-44.9897346496582,-44.98977279663086,-44.98980712890625,-44.989845275878906,-44.98988342285156,-44.98991775512695,-44.98995590209961,-44.989994049072266,-44.99003601074219,-44.990074157714844,-44.9901123046875,-44.99015426635742,-44.990196228027344,-44.990234375,-44.99027633666992,-44.990318298339844,-44.99036407470703,-44.99040603637695,-44.990447998046875,-44.99049377441406,-44.99053955078125,-44.99058532714844,-44.990631103515625,-44.99067687988281,-44.99072265625,-44.99076843261719,-44.99081802368164,-44.990867614746094,-44.99091720581055,-44.990966796875,-44.99101638793945,-44.99106979370117,-44.991119384765625,-44.991172790527344,-44.99122619628906,-44.99127960205078,-44.9913330078125,-44.991390228271484,-44.9914436340332,-44.99150085449219,-44.99155807495117,-44.991615295410156,-44.991676330566406,-44.99173355102539,-44.99179458618164,-44.99185562133789,-44.99191665649414,-44.991981506347656,-44.992042541503906,-44.99210739135742,-44.99217224121094,-44.99224090576172,-44.992305755615234,-44.992374420166016,-44.9924430847168,-44.992515563964844,-44.992584228515625,-44.99265670776367,-44.99272918701172,-44.992801666259766,-44.99287796020508,-44.99295425415039,-44.9930305480957,-44.993106842041016,-44.993186950683594,-44.99326705932617,-44.99334716796875,-44.993431091308594,-44.99351119995117,-44.99359893798828,-44.993682861328125,-44.993770599365234,-44.993858337402344,-44.99394607543945,-44.99403762817383,-44.9941291809082,-44.994224548339844,-44.99431610107422,-44.994415283203125,-44.994510650634766,-44.99460983276367,-44.99470901489258,-44.99481201171875,-44.99491500854492,-44.995018005371094,-44.99512481689453,-44.99523162841797,-44.99534225463867,-44.99544906616211,-44.99556350708008,-44.99567794799805,-44.995792388916016,-44.995906829833984,-44.996028900146484,-44.99614715576172,-44.99626922607422,-44.996395111083984,-44.996517181396484,-44.996646881103516,-44.99677658081055,-44.99690628051758,-44.997039794921875,-44.99717330932617,-44.997310638427734,-44.9974479675293,-44.997589111328125,-44.99773025512695,-44.99787521362305,-44.99802017211914,-44.9981689453125,-44.998321533203125,-44.998470306396484,-44.998626708984375,-44.998783111572266,-44.99894332885742,-44.99910354614258,-44.999263763427734,-44.99943161010742,-44.99959945678711,-44.9997673034668,-44.99993896484375,-45.00011444091797,-45.00028991699219,-45.000465393066406,-45.000648498535156,-45.000831604003906,-45.001014709472656,-45.00120162963867,-45.00139236450195,-45.001583099365234,-45.00177764892578,-45.001976013183594,-45.002174377441406,-45.00237274169922,-45.00257873535156,-45.00278091430664,-45.00299072265625,-45.00320053100586,-45.00341033935547,-45.003623962402344,-45.003841400146484,-45.004058837890625,-45.00428009033203,-45.0045051574707,-45.00472640991211,-45.00495529174805,-45.005184173583984,-45.00541305541992,-45.005645751953125,-45.005882263183594,-45.00611877441406,-45.00635528564453,-45.006595611572266,-45.0068359375,-45.007080078125,-45.00732421875,-45.007568359375,-45.007816314697266,-45.00806427001953,-45.00831604003906,-45.008567810058594,-45.008819580078125,-45.009071350097656,-45.00932693481445,-45.00958251953125,-45.00983810424805,-45.010093688964844,-45.01034927368164,-45.0106086730957,-45.0108642578125,-45.01112365722656,-45.011383056640625,-45.01164245605469,-45.011898040771484,-45.01215744018555,-45.01241683959961,-45.012672424316406,-45.01293182373047,-45.013187408447266,-45.01344299316406,-45.01369857788086,-45.013954162597656,-45.01420593261719,-45.01445770263672,-45.01470947265625,-45.01496124267578,-45.01520919799805,-45.01545715332031,-45.01570129394531,-45.01594543457031,-45.01618576049805,-45.01642608642578,-45.01666259765625,-45.01689910888672,-45.01713180541992,-45.017364501953125,-45.01759338378906,-45.017822265625,-45.018043518066406,-45.01826858520508,-45.01848602294922,-45.01870346069336,-45.018917083740234,-45.019126892089844,-45.01933670043945,-45.0195426940918,-45.019744873046875,-45.01994323730469,-45.0201416015625,-45.02033233642578,-45.02052307128906,-45.020713806152344,-45.020896911621094,-45.021080017089844,-45.02125930786133,-45.02143478393555,-45.0216064453125,-45.02177429199219,-45.021942138671875,-45.0221061706543,-45.02226638793945,-45.02242660522461,-45.022579193115234,-45.02273178100586,-45.02288055419922,-45.02302551269531,-45.023170471191406,-45.023311614990234,-45.0234489440918,-45.023582458496094,-45.02371597290039,-45.02384567260742,-45.02397155761719,-45.02409744262695,-45.02421951293945,-45.02433776855469,-45.02445602416992,-45.02457046508789,-45.024681091308594,-45.0247917175293,-45.024898529052734,-45.02500534057617,-45.025108337402344,-45.025211334228516,-45.02531051635742,-45.02540588378906,-45.0255012512207,-45.025596618652344,-45.02568817138672,-45.02577590942383,-45.02586364746094,-45.02595138549805,-45.02603530883789,-45.02611541748047,-45.02619552612305,-45.026275634765625,-45.0263557434082,-45.02642822265625,-45.02650451660156,-45.02657699584961,-45.026649475097656,-45.02671813964844,-45.02678680419922,-45.02685546875,-45.026920318603516,-45.02698516845703,-45.02705001831055,-45.02711486816406,-45.02717590332031,-45.0272331237793,-45.02729415893555,-45.02735137939453,-45.027408599853516,-45.027462005615234,-45.02751922607422,-45.02757263183594,-45.02762222290039,-45.02767562866211,-45.02772521972656,-45.027774810791016,-45.02782440185547,-45.027870178222656,-45.02791976928711,-45.0279655456543,-45.028011322021484,-45.028053283691406,-45.028099060058594,-45.028141021728516,-45.02818298339844,-45.02822494506836,-45.028263092041016,-45.02830505371094,-45.028343200683594,-45.02838134765625,-45.028419494628906,-45.0284538269043,-45.02849197387695,-45.028526306152344,-45.028560638427734,-45.028594970703125,-45.028629302978516,-45.028663635253906,-45.02869415283203,-45.02872848510742,-45.02875900268555,-45.02878952026367,-45.0288200378418,-45.02885055541992,-45.02887725830078,-45.028907775878906,-45.028934478759766,-45.028961181640625,-45.02899169921875,-45.02901840209961,-45.0290412902832,-45.02906799316406,-45.02909469604492,-45.029117584228516,-45.029144287109375,-45.02916717529297,-45.02919006347656,-45.029212951660156,-45.02923583984375,-45.029258728027344,-45.02928161621094,-45.02930450439453,-45.02932357788086,-45.02934646606445,-45.02936553955078,-45.02938461303711,-45.02940368652344,-45.02942657470703,-45.02944564819336,-45.02946090698242,-45.02947998046875,-45.02949905395508,-45.029518127441406,-45.02953338623047,-45.0295524597168,-45.02956771850586,-45.02958679199219,-45.02960205078125,-45.02961730957031,-45.029632568359375,-45.02964782714844,-45.0296630859375,-45.02967834472656,-45.029693603515625,-45.02970886230469,-45.02972412109375,-45.02973556518555,-45.02975082397461,-45.02976608276367,-45.02977752685547,-45.02979278564453,-45.02980422973633,-45.029815673828125,-45.02982711791992,-45.029842376708984,-45.02985382080078,-45.02986526489258,-45.029876708984375,-45.02988815307617,-45.02989959716797,-45.029911041259766,-45.02992248535156,-45.029930114746094,-45.02994155883789,-45.02995300292969,-45.029964447021484,-45.029972076416016,-45.02998352050781,-45.029991149902344,-45.03000259399414,-45.03001022338867,-45.03002166748047,-45.030029296875,-45.03003692626953,-45.03004837036133,-45.03005599975586,-45.03006362915039,-45.03007125854492,-45.03007888793945,-45.03009033203125,-45.03009796142578,-45.03010559082031,-45.030113220214844,-45.030120849609375,-45.030128479003906,-45.03013229370117,-45.0301399230957,-45.030147552490234,-45.030155181884766
-31.818885803222656,-31.963153839111328,-32.1139030456543,-32.269004821777344,-32.42591094970703,-32.58263397216797,-32.73800277709961,-32.89295959472656,-33.05186462402344,-33.21783447265625,-33.390586853027344,-33.5676155090332,-33.745277404785156,-33.92125701904297,-34.098907470703125,-34.283931732177734,-34.47676467895508,-34.673431396484375,-34.868919372558594,-35.061912536621094,-35.257694244384766,-35.45917892456055,-35.66152572631836,-35.85866165161133,-36.05141830444336,-36.24478530883789,-36.43643569946289,-36.6193962097168,-36.79320526123047,-36.96394729614258,-37.13140869140625,-37.29170608520508,-37.44820022583008,-37.60716247558594,-37.76699447631836,-37.925323486328125,-38.08620834350586,-38.25022888183594,-38.412315368652344,-38.57224655151367,-38.73140335083008,-38.88519287109375,-39.032081604003906,-39.17414093017578,-39.30855178833008,-39.434783935546875,-39.55574035644531,-39.66985321044922,-39.77787399291992,-39.882240295410156,-39.981510162353516,-40.07707595825195,-40.169898986816406,-40.25860595703125,-40.34484100341797,-40.42801284790039,-40.5079460144043,-40.58592987060547,-40.66110610961914,-40.734779357910156,-40.80683517456055,-40.87723922729492,-40.94648742675781,-41.0135498046875,-41.078857421875,-41.14146041870117,-41.20429611206055,-41.26954650878906,-41.33586120605469,-41.403045654296875,-41.470420837402344,-41.538143157958984,-41.60576629638672,-41.6731071472168,-41.739933013916016,-41.80579376220703,-41.87068176269531,-41.93425750732422,-41.996673583984375,-42.05786895751953,-42.118011474609375,-42.17718505859375,-42.235382080078125,-42.29265213012695,-42.348777770996094,-42.40366744995117,-42.45698165893555,-42.50853729248047,-42.558021545410156,-42.60525131225586,-42.650062561035156,-42.6923713684082,-42.73219680786133,-42.769596099853516,-42.80476379394531,-42.83788299560547,-42.8692512512207,-42.89913558959961,-42.927860260009766,-42.95566940307617,-42.982826232910156,-43.00949478149414,-43.03581237792969,-43.06184387207031,-43.087615966796875,-43.11312484741211,-43.13834762573242,-43.16325378417969,-43.187835693359375,-43.21208953857422,-43.23604202270508,-43.259727478027344,-43.28321075439453,-43.306549072265625,-43.32981872558594,-43.353092193603516,-43.37643814086914,-43.3999137878418,-43.423580169677734,-43.447479248046875,-43.47165298461914,-43.496124267578125,-43.520912170410156,-43.54603958129883,-43.571510314941406,-43.59733200073242,-43.62351608276367,-43.65007019042969,-43.67700958251953,-43.704349517822266,-43.73209762573242,-43.76026916503906,-43.78887939453125,-43.81793975830078,-43.84745788574219,-43.877445220947266,-43.90790557861328,-43.938838958740234,-43.97023391723633,-44.002079010009766,-44.034332275390625,-44.06695556640625,-44.099884033203125,-44.1330451965332,-44.166351318359375,-44.1996955871582,-44.23297882080078,-44.26606750488281,-44.2988395690918,-44.33115005493164,-44.36286163330078,-44.39381790161133,-44.42387008666992,-44.45287322998047,-44.48067855834961,-44.50716018676758,-44.532203674316406,-44.55571746826172,-44.5776252746582,-44.59788131713867,-44.61646270751953,-44.63337326049805,-44.64863586425781,-44.662296295166016,-44.67443084716797,-44.685123443603516,-44.694480895996094,-44.7167854309082,-44.74268341064453,-44.77005386352539,-44.79777145385742,-44.82524108886719,-44.85211181640625,-44.878108978271484,-44.903053283691406,-44.92681121826172,-44.94930648803711,-44.970481872558594,-44.990318298339844,-45.008811950683594,-45.025970458984375,-45.041805267333984,-45.056339263916016,-45.06959915161133,-45.0816535949707,-45.092586517333984,-45.10251235961914,-45.11155319213867,-45.11982345581055,-45.12742233276367,-45.134429931640625,-45.14090347290039,-45.146881103515625,-45.152408599853516,-45.15751266479492,-45.162227630615234,-45.166587829589844,-45.17061996459961,-45.174346923828125,-45.177791595458984,-45.180973052978516,-45.18390655517578,-45.186614990234375,-45.18910598754883,-45.191402435302734,-45.193519592285156,-45.195465087890625,-45.19725036621094,-45.19888687133789,-45.20038986206055,-45.20176315307617,-45.203025817871094,-45.204193115234375,-45.20527648925781,-45.20629119873047,-45.207244873046875,-45.20814895629883,-45.209007263183594,-45.2098274230957,-45.21061706542969,-45.21138000488281,-45.21211624145508,-45.21282958984375,-45.213523864746094,-45.21419906616211,-45.2148551940918,-45.21549606323242,-45.21611785888672,-45.21672439575195,-45.21731185913086,-45.21788024902344,-45.21842956542969,-45.218963623046875,-45.21947479248047,-45.219966888427734,-45.220436096191406,-45.22088623046875,-45.221317291259766,-45.22172927856445,-45.22212219238281,-45.222496032714844,-45.22285461425781,-45.22319412231445,-45.22351837158203,-45.22382736206055,-45.22412109375,-45.224403381347656,-45.22467041015625,-45.22492218017578,-45.22516632080078,-45.225399017333984,-45.22562026977539,-45.225830078125,-45.22603225708008,-45.22622299194336,-45.226402282714844,-45.226566314697266,-45.22670364379883,-45.226802825927734,-45.22682189941406,-45.2266960144043,-45.22637176513672,-45.225955963134766,-45.22598648071289,-45.22688674926758,-45.22782516479492,-45.227760314941406,-45.227256774902344,-45.22747802734375,-45.228206634521484,-45.22830581665039,-45.227962493896484,-45.228153228759766,-45.2286491394043,-45.2286376953125,-45.22845458984375,-45.22870635986328,-45.22899627685547,-45.22890853881836,-45.22887420654297,-45.2291259765625,-45.229251861572266,-45.22916793823242,-45.2292366027832,-45.229427337646484,-45.229454040527344,-45.22941970825195,-45.229530334472656,-45.22964859008789,-45.22964096069336,-45.229652404785156,-45.22975540161133,-45.22982406616211,-45.229820251464844,-45.229854583740234,-45.22993850708008,-45.229976654052734,-45.22998046875,-45.23002243041992,-45.23008728027344,-45.2301139831543,-45.230125427246094,-45.23016357421875,-45.2302131652832,-45.2302360534668,-45.230255126953125,-45.230289459228516,-45.23032760620117,-45.230350494384766,-45.23036575317383,-45.23039627075195,-45.230430603027344,-45.23044967651367,-45.23046875,-45.230491638183594,-45.23052215576172,-45.23054504394531,-45.230560302734375,-45.23058319091797,-45.23060607910156,-45.230628967285156,-45.230648040771484,-45.23066711425781,-45.23068618774414,-45.230709075927734,-45.23072814941406,-45.230743408203125,-45.23076248168945,-45.23078155517578,-45.23080062866211,-45.23081588745117,-45.2308349609375,-45.23085021972656,-45.23086929321289,-45.23088455200195,-45.23090362548828,-45.230918884277344,-45.230934143066406,-45.230953216552734,-45.2309684753418,-45.23098373413086,-45.23099899291992,-45.231014251708984,-45.23102951049805,-45.23104476928711,-45.23106002807617,-45.231075286865234,-45.2310905456543,-45.23110580444336,-45.23112106323242,-45.231136322021484,-45.23115158081055,-45.23116683959961,-45.23118209838867,-45.23119354248047,-45.23120880126953,-45.231224060058594,-45.231239318847656,-45.23125457763672,-45.231266021728516,-45.23128128051758,-45.23129653930664,-45.23130798339844,-45.2313232421875,-45.23133850097656,-45.23134994506836,-45.23136520385742,-45.231380462646484,-45.23139190673828,-45.231407165527344,-45.231422424316406,-45.2314338684082,-45.231449127197266,-45.23146057128906,-45.231475830078125,-45.23148727416992,-45.231502532958984,-45.23151779174805,-45.231529235839844,-45.231544494628906,-45.2315559387207,-45.231571197509766,-45.23158264160156,-45.231597900390625,-45.23160934448242,-45.231624603271484,-45.23163604736328,-45.23164749145508,-45.23166275024414,-45.23167419433594,-45.231689453125,-45.2317008972168,-45.23171615600586,-45.231727600097656,-45.23174285888672,-45.231754302978516,-45.23176574707031,-45.231781005859375,-45.23179244995117,-45.231807708740234,-45.23181915283203,-45.23183059692383,-45.23184585571289,-45.23185729980469,-45.231868743896484,-45.23188018798828,-45.231895446777344,-45.23190689086914,-45.23191452026367,-45.2319221496582,-45.23192596435547,-45.2319221496582,-45.231903076171875,-45.231849670410156,-45.23173522949219,-45.23151397705078,-45.231136322021484,-45.230621337890625,-45.23024368286133,-45.230491638183594,-45.23139190673828,-45.232059478759766,-45.23184585571289,-45.231285095214844,-45.23128890991211,-45.23186111450195,-45.232139587402344,-45.23183059692383,-45.23160171508789,-45.23188018798828,-45.23218536376953,-45.2320671081543,-45.23186111450195,-45.23198699951172,-45.23222351074219,-45.2321891784668,-45.2320442199707,-45.23209762573242,-45.23226547241211,-45.23227310180664,-45.232173919677734,-45.23219680786133,-45.23231506347656,-45.232337951660156,-45.232276916503906,-45.23228073120117,-45.23236083984375,-45.23239517211914,-45.23236083984375,-45.232357025146484,-45.23240661621094,-45.232444763183594,-45.23242950439453,-45.232421875,-45.232452392578125,-45.23249053955078,-45.23249053955078,-45.232486724853516,-45.23250198364258,-45.2325325012207,-45.2325439453125,-45.2325439453125,-45.23255157470703,-45.232574462890625,-45.23259353637695,-45.23259735107422,-45.23260498046875,-45.23261642456055,-45.232635498046875,-45.23264694213867,-45.2326545715332,-45.232662200927734,-45.2326774597168,-45.23269271850586,-45.232704162597656,-45.23271179199219,-45.232723236083984,-45.23273468017578,-45.232749938964844,-45.232757568359375,-45.23276901245117,-45.2327766418457,-45.232791900634766,-45.23280334472656,-45.23281478881836,-45.23282241821289,-45.23283386230469,-45.232845306396484,-45.23285675048828,-45.23286819458008,-45.23287582397461,-45.232887268066406,-45.2328987121582,-45.23291015625,-45.23291778564453,-45.23292922973633,-45.232940673828125,-45.232948303222656,-45.23295974731445,-45.23297119140625,-45.23298263549805,-45.23299026489258,-45.233001708984375,-45.23301315307617,-45.2330207824707,-45.2330322265625,-45.2330436706543,-45.23305130004883,-45.233062744140625,-45.23307418823242,-45.23308181762695,-45.23309326171875,-45.23310089111328,-45.23311233520508,-45.233123779296875,-45.233131408691406,-45.2331428527832,-45.233150482177734,-45.23316192626953,-45.23316955566406,-45.23318099975586,-45.233192443847656,-45.23320007324219,-45.233211517333984,-45.233219146728516,-45.23323059082031,-45.233238220214844,-45.23324966430664,-45.23325729370117,-45.23326873779297,-45.2332763671875,-45.23328399658203,-45.23329544067383,-45.23330307006836,-45.233314514160156,-45.23332214355469,-45.233333587646484,-45.233341217041016,-45.23334884643555,-45.233360290527344,-45.233367919921875,-45.23337936401367,-45.2333869934082,-45.233394622802734,-45.23340606689453,-45.23341369628906,-45.233421325683594,-45.23343276977539,-45.23344039916992,-45.23344802856445,-45.23345947265625,-45.23346710205078,-45.23347473144531,-45.233482360839844,-45.23349380493164,-45.23350143432617,-45.2335090637207,-45.233516693115234,-45.23352813720703,-45.23353576660156,-45.233543395996094,-45.233551025390625,-45.23356246948242,-45.23357009887695,-45.233577728271484,-45.233585357666016,-45.23359298706055,-45.233604431152344,-45.233612060546875,-45.233619689941406,-45.23362731933594,-45.23363494873047,-45.233642578125,-45.23365020751953,-45.23365783691406,-45.23366165161133,-45.23366928100586
-31.578289031982422,-31.695629119873047,-31.81226348876953,-31.927898406982422,-32.042205810546875,-32.15480422973633,-32.26543045043945,-32.3740348815918,-32.480804443359375,-32.586082458496094,-32.690189361572266,-32.7933464050293,-32.895652770996094,-32.997169494628906,-33.0980110168457,-33.19837951660156,-33.298583984375,-33.398990631103516,-33.49998092651367,-33.60190963745117,-33.70506286621094,-33.80957794189453,-33.91560363769531,-34.02326583862305,-34.1326789855957,-34.24398422241211,-34.35725021362305,-34.47244644165039,-34.58946228027344,-34.708091735839844,-34.828102111816406,-34.949275970458984,-35.071434020996094,-35.194419860839844,-35.3179931640625,-35.441917419433594,-35.566123962402344,-35.69068145751953,-35.815704345703125,-35.94126510620117,-36.067344665527344,-36.19377899169922,-36.320316314697266,-36.446651458740234,-36.57246017456055,-36.69737243652344,-36.821048736572266,-36.94318771362305,-37.06354904174805,-37.18195724487305,-37.29814529418945,-37.41177749633789,-37.52263259887695,-37.63064193725586,-37.73575210571289,-37.83782958984375,-37.93674850463867,-38.03234100341797,-38.12431716918945,-38.212398529052734,-38.29648971557617,-38.37666320800781,-38.45298385620117,-38.52550506591797,-38.59437942504883,-38.659854888916016,-38.72221374511719,-38.78166961669922,-38.83836364746094,-38.892459869384766,-38.94416427612305,-38.993690490722656,-39.041229248046875,-39.086917877197266,-39.130889892578125,-39.173316955566406,-39.214412689208984,-39.26025390625,-39.30915832519531,-39.35980224609375,-39.411643981933594,-39.46442413330078,-39.517906188964844,-39.5717887878418,-39.6257209777832,-39.67936325073242,-39.732521057128906,-39.78501892089844,-39.836734771728516,-39.8875617980957,-39.93742370605469,-39.986209869384766,-40.033790588378906,-40.08002471923828,-40.124881744384766,-40.168418884277344,-40.210697174072266,-40.251800537109375,-40.291786193847656,-40.33073425292969,-40.36870193481445,-40.405723571777344,-40.441776275634766,-40.47683334350586,-40.51083755493164,-40.543724060058594,-40.5754508972168,-40.605979919433594,-40.63528823852539,-40.66337966918945,-40.69035720825195,-40.7164306640625,-40.74177551269531,-40.76628112792969,-40.79011535644531,-40.813743591308594,-40.83742141723633,-40.861122131347656,-40.88508224487305,-40.90978240966797,-40.93552780151367,-40.96251678466797,-40.99107360839844,-41.02167510986328,-41.054710388183594,-41.0904541015625,-41.12903594970703,-41.170555114746094,-41.21504592895508,-41.26247787475586,-41.312679290771484,-41.36496353149414,-41.418365478515625,-41.47765350341797,-41.5383415222168,-41.597774505615234,-41.66270065307617,-41.724605560302734,-41.79012680053711,-41.85480880737305,-41.919071197509766,-41.98476028442383,-42.047210693359375,-42.111148834228516,-42.171409606933594,-42.230979919433594,-42.28825759887695,-42.342185974121094,-42.39504623413086,-42.4437141418457,-42.490936279296875,-42.53514862060547,-42.57664489746094,-42.61668395996094,-42.65363693237305,-42.689491271972656,-42.72350311279297,-42.755924224853516,-42.7879524230957,-42.81867599487305,-42.849185943603516,-42.87961959838867,-42.909542083740234,-42.93987274169922,-42.97032165527344,-43.000755310058594,-43.03179168701172,-43.06317138671875,-43.09478759765625,-43.12709045410156,-43.15995788574219,-43.19318389892578,-43.22700881958008,-43.26148986816406,-43.29636764526367,-43.331607818603516,-43.367286682128906,-43.40324020385742,-43.43921661376953,-43.47513198852539,-43.51093292236328,-43.54645919799805,-43.581512451171875,-43.61601638793945,-43.64992141723633,-43.683082580566406,-43.71532440185547,-43.74651336669922,-43.77656555175781,-43.805381774902344,-43.83285140991211,-43.85890579223633,-43.88351058959961,-43.90666580200195,-43.928375244140625,-43.94864273071289,-43.96747970581055,-43.98491668701172,-44.001014709472656,-44.0158576965332,-44.02952575683594,-44.042110443115234,-44.06013870239258,-44.07975769042969,-44.0998649597168,-44.12010955810547,-44.14010238647461,-44.159584045410156,-44.17856979370117,-44.19721603393555,-44.21564483642578,-44.2339973449707,-44.25246047973633,-44.27120590209961,-44.29034423828125,-44.3099479675293,-44.33006286621094,-44.350711822509766,-44.37190246582031,-44.393653869628906,-44.415977478027344,-44.43885803222656,-44.4622802734375,-44.486228942871094,-44.51068115234375,-44.53559875488281,-44.560909271240234,-44.58652877807617,-44.61237716674805,-44.63836669921875,-44.664398193359375,-44.69037628173828,-44.7161979675293,-44.74177169799805,-44.766998291015625,-44.79177474975586,-44.81599807739258,-44.839561462402344,-44.86235046386719,-44.88425827026367,-44.90514373779297,-44.92487716674805,-44.94337463378906,-44.960845947265625,-44.977806091308594,-44.994102478027344,-45.00865936279297,-45.021278381347656,-45.032997131347656,-45.04433059692383,-45.0544319152832,-45.06290054321289,-45.07058334350586,-45.07788848876953,-45.08415985107422,-45.089290618896484,-45.093990325927734,-45.098323822021484,-45.10181427001953,-45.10465621948242,-45.10730743408203,-45.10959243774414,-45.111289978027344,-45.112709045410156,-45.11402893066406,-45.11503219604492,-45.11571502685547,-45.11632537841797,-45.11687088012695,-45.11720275878906,-45.11741638183594,-45.11764907836914,-45.117835998535156,-45.11791229248047,-45.117984771728516,-45.11809539794922,-45.11817932128906,-45.118221282958984,-45.11829376220703,-45.1183967590332,-45.11848449707031,-45.11855697631836,-45.1186637878418,-45.11878967285156,-45.118900299072266,-45.1190071105957,-45.11913299560547,-45.119266510009766,-45.119388580322266,-45.119503021240234,-45.11962890625,-45.119754791259766,-45.119869232177734,-45.11997604370117,-45.120086669921875,-45.12019348144531,-45.12028503417969,-45.1203727722168,-45.12045669555664,-45.12053680419922,-45.12060546875,-45.12066650390625,-45.120723724365234,-45.12077713012695,-45.120826721191406,-45.12086486816406,-45.12089920043945,-45.120933532714844,-45.1209602355957,-45.1209831237793,-45.121002197265625,-45.12102127075195,-45.121036529541016,-45.12105178833008,-45.12105941772461,-45.12106704711914,-45.12107467651367,-45.1210823059082,-45.12108612060547,-45.12109375,-45.121097564697266,-45.121097564697266
-32.91439437866211,-33.08809280395508,-33.257774353027344,-33.42038345336914,-33.573368072509766,-33.71548080444336,-33.84703826904297,-33.96968460083008,-34.085601806640625,-34.196685791015625,-34.30424499511719,-34.409183502197266,-34.51219177246094,-34.61387252807617,-34.71479034423828,-34.81549835205078,-34.91654968261719,-35.01852035522461,-35.12196350097656,-35.22736740112305,-35.335105895996094,-35.445411682128906,-35.55835723876953,-35.673831939697266,-35.79157257080078,-35.91115188598633,-36.032066345214844,-36.153804779052734,-36.2760124206543,-36.398651123046875,-36.522117614746094,-36.647212982177734,-36.774993896484375,-36.906410217285156,-37.041934967041016,-37.1812744140625,-37.32322692871094,-37.46587371826172,-37.607025146484375,-37.74502182006836,-37.879547119140625,-38.01175308227539,-38.143192291259766,-38.27436065673828,-38.40415954589844,-38.53032684326172,-38.65039825439453,-38.76292037963867,-38.868350982666016,-38.96864700317383,-39.0653190612793,-39.15811538696289,-39.24549102783203,-39.32614517211914,-39.400325775146484,-39.46977615356445,-39.536224365234375,-39.60003662109375,-39.660457611083984,-39.716800689697266,-39.76947021484375,-39.81989669799805,-39.8693733215332,-39.91803741455078,-39.96512222290039,-40.0101432800293,-40.059452056884766,-40.11235046386719,-40.16756820678711,-40.223934173583984,-40.28053665161133,-40.337249755859375,-40.39455795288086,-40.452701568603516,-40.511199951171875,-40.569488525390625,-40.627708435058594,-40.686519622802734,-40.74614715576172,-40.80628204345703,-40.867034912109375,-40.92919158935547,-40.9931755065918,-41.0587272644043,-41.12602615356445,-41.1957893371582,-41.26803970336914,-41.34251022338867,-41.419795989990234,-41.50015640258789,-41.58319854736328,-41.669368743896484,-41.7585334777832,-41.84986877441406,-41.943206787109375,-42.03733444213867,-42.13146209716797,-42.22488021850586,-42.31645965576172,-42.40578079223633,-42.491615295410156,-42.57362365722656,-42.65087890625,-42.72341537475586,-42.79074478149414,-42.85310363769531,-42.91021728515625,-42.96241760253906,-43.00972366333008,-43.05259704589844,-43.0913200378418,-43.126251220703125,-43.15781021118164,-43.18630599975586,-43.21230697631836,-43.23613357543945,-43.25825500488281,-43.278953552246094,-43.29853057861328,-43.31874465942383,-43.3394775390625,-43.36042022705078,-43.38132858276367,-43.40220642089844,-43.42306137084961,-43.44393539428711,-43.46480941772461,-43.48563003540039,-43.506378173828125,-43.52699661254883,-43.54750442504883,-43.56789016723633,-43.58816909790039,-43.60832595825195,-43.628326416015625,-43.64815902709961,-43.66779708862305,-43.68724060058594,-43.706478118896484,-43.72550582885742,-43.74430847167969,-43.76286697387695,-43.78114318847656,-43.799102783203125,-43.81669616699219,-43.83388900756836,-43.85064697265625,-43.86693572998047,-43.88273620605469,-43.89801788330078,-43.912750244140625,-43.926910400390625,-43.94048309326172,-43.95345687866211,-43.9658317565918,-43.97761154174805,-43.98881530761719,-43.99946212768555,-44.00958251953125,-44.01919937133789,-44.02833938598633,-44.03704071044922,-44.04533386230469,-44.05324935913086,-44.06082534790039,-44.068092346191406,-44.07508850097656,-44.08183670043945,-44.0883674621582,-44.09470748901367,-44.10087966918945,-44.106895446777344,-44.11277389526367,-44.11852264404297,-44.12415313720703,-44.12966537475586,-44.13507080078125,-44.14036560058594,-44.14555740356445,-44.15065002441406,-44.15564727783203,-44.160552978515625,-44.165367126464844,-44.170101165771484,-44.17475509643555,-44.17934036254883,-44.18385696411133,-44.18831253051758,-44.192718505859375,-44.197078704833984,-44.20139694213867,-44.20568084716797,-44.20994186401367,-44.21417999267578,-44.21840286254883,-44.22261428833008,-44.22682189941406,-44.23102951049805,-44.2352409362793,-44.23945617675781,-44.243682861328125,-44.247920989990234,-44.252174377441406,-44.256446838378906,-44.260738372802734,-44.265052795410156,-44.26939392089844,-44.27376174926758,-44.27816390991211,-44.282596588134766,-44.28706741333008,-44.29157638549805,-44.29612731933594,-44.300724029541016,-44.30537033081055,-44.31006622314453,-44.314815521240234,-44.31962203979492,-44.32448959350586,-44.32942199707031,-44.334415435791016,-44.339481353759766,-44.34461212158203,-44.34981918334961,-44.355098724365234,-44.36045837402344,-44.36589431762695,-44.37141036987305,-44.37700653076172,-44.382686614990234,-44.38845443725586,-44.39430618286133,-44.40024185180664,-44.40626907348633,-44.412384033203125,-44.41858673095703,-44.42488098144531,-44.43126678466797,-44.437740325927734,-44.44430923461914,-44.450965881347656,-44.45771789550781,-44.46455383300781,-44.47148132324219,-44.47848892211914,-44.48558044433594,-44.49274826049805,-44.4999885559082,-44.507293701171875,-44.514652252197266,-44.522064208984375,-44.529510498046875,-44.536983489990234,-44.544471740722656,-44.55195617675781,-44.55943298339844,-44.5668830871582,-44.57428741455078,-44.58163833618164,-44.58891296386719,-44.59610366821289,-44.60319137573242,-44.610164642333984,-44.617008209228516,-44.62371063232422,-44.630252838134766,-44.636627197265625,-44.642818450927734,-44.64881896972656,-44.65461349487305,-44.66019821166992,-44.66556167602539,-44.670692443847656,-44.675594329833984,-44.68025588989258,-44.68467330932617,-44.68885040283203,-44.692787170410156,-44.69648361206055,-44.69994354248047,-44.70317077636719,-44.706172943115234,-44.70895767211914,-44.71153259277344,-44.71390914916992,-44.71609115600586,-44.71809387207031,-44.71992492675781,-44.721595764160156,-44.723114013671875,-44.72449493408203,-44.725746154785156,-44.72687911987305,-44.7279052734375,-44.72882843017578,-44.72966003417969,-44.730411529541016,-44.7310905456543,-44.7317008972168,-44.73225021362305,-44.73274612426758,-44.73319625854492,-44.733604431152344,-44.73397445678711,-44.73431396484375,-44.734622955322266,-44.73490524291992,-44.735164642333984,-44.73540115356445,-44.73562240600586,-44.73582077026367,-44.736000061035156,-44.73615264892578,-44.73626708984375,-44.736328125,-44.736324310302734,-44.73628616333008,-44.73634719848633,-44.736663818359375,-44.73714828491211,-44.737457275390625,-44.73746109008789,-44.73740005493164,-44.73756408691406,-44.73789978027344,-44.738101959228516,-44.73810577392578,-44.73814392089844,-44.73835372924805,-44.738582611083984,-44.73866271972656,-44.73869323730469,-44.738826751708984,-44.73902130126953,-44.7391357421875,-44.73918533325195,-44.739280700683594,-44.739437103271484,-44.73956298828125,-44.739627838134766,-44.739707946777344,-44.73983383178711,-44.739952087402344,-44.740028381347656,-44.7401008605957,-44.740203857421875,-44.74031448364258,-44.74039840698242,-44.7404670715332,-44.74055480957031,-44.74065399169922,-44.74073791503906,-44.74081039428711,-44.74088668823242,-44.74097442626953,-44.741058349609375,-44.74113082885742,-44.7411994934082,-44.74127960205078,-44.741355895996094,-44.741432189941406,-44.74150085449219,-44.74156951904297,-44.741641998291016,-44.74171447753906,-44.741783142089844,-44.74184799194336,-44.74191665649414,-44.74198532104492,-44.74205017089844,-44.74211502075195,-44.7421760559082,-44.74224090576172,-44.742305755615234,-44.74237060546875,-44.742431640625,-44.74249267578125,-44.7425537109375,-44.74261474609375,-44.74267578125,-44.742733001708984,-44.74279022216797,-44.74285125732422,-44.7429084777832,-44.74296569824219,-44.74302291870117,-44.743080139160156,-44.74313735961914,-44.74319076538086,-44.743247985839844,-44.74330139160156,-44.74335479736328,-44.743412017822266,-44.743465423583984,-44.7435188293457,-44.74357223510742,-44.74362564086914,-44.743675231933594,-44.74372863769531,-44.743778228759766,-44.743831634521484,-44.74388122558594,-44.743934631347656,-44.74398422241211,-44.74403381347656,-44.744083404541016,-44.74413299560547,-44.74418258666992,-44.744232177734375,-44.74428176879883,-44.744327545166016,-44.74437713623047,-44.74442672729492,-44.74447250366211,-44.74452209472656,-44.74456787109375,-44.74461364746094,-44.744659423828125,-44.74470901489258,-44.744754791259766,-44.74480056762695,-44.74484634399414,-44.74489212036133,-44.744937896728516,-44.74497985839844,-44.745025634765625,-44.74507141113281,-44.7451171875,-44.74515914916992,-44.74520492553711,-44.74524688720703,-44.74529266357422,-44.74533462524414,-44.74537658691406,-44.74542236328125,-44.74546432495117,-44.745506286621094,-44.745548248291016,-44.74559020996094,-44.74563217163086,-44.74567413330078,-44.7457160949707,-44.745758056640625,-44.74580001831055,-44.7458381652832,-44.745880126953125,-44.74592208862305,-44.7459602355957,-44.746002197265625,-44.74604034423828,-44.7460823059082,-44.74612045288086,-44.74616241455078,-44.74620056152344,-44.746238708496094,-44.74627685546875,-44.74631881713867,-44.74635696411133,-44.746395111083984,-44.74643325805664,-44.7464714050293,-44.74650955200195,-44.74654769897461,-44.746585845947266,-44.746620178222656,-44.74665832519531,-44.74669647216797,-44.746734619140625,-44.746768951416016,-44.74680709838867,-44.74684143066406,-44.74687957763672,-44.74691390991211,-44.746952056884766,-44.746986389160156,-44.74702453613281,-44.7470588684082,-44.747093200683594,-44.747127532958984,-44.74716567993164,-44.74720001220703,-44.74723434448242,-44.74726867675781,-44.7473030090332,-44.747337341308594,-44.747371673583984,-44.747406005859375,-44.7474365234375,-44.74747085571289,-44.74750518798828,-44.74753952026367,-44.7475700378418,-44.74760055541992,-44.74763107299805,-44.747657775878906,-44.7476806640625,-44.74769592285156,-44.74769592285156,-44.74767303466797,-44.74760437011719,-44.74747848510742,-44.74730682373047,-44.747169494628906,-44.747230529785156,-44.747554779052734,-44.747928619384766,-44.74803924560547,-44.74788284301758,-44.74774169921875,-44.74784469604492,-44.74809265136719,-44.748199462890625,-44.748111724853516,-44.748043060302734,-44.748146057128906,-44.74829864501953,-44.74833297729492,-44.74827575683594,-44.7482795715332,-44.74838638305664,-44.74846649169922,-44.74846267700195,-44.748443603515625,-44.74849319458008,-44.74856948852539,-44.74860382080078,-44.748600006103516,-44.74861526489258,-44.74867248535156,-44.748722076416016,-44.74873352050781,-44.74874496459961,-44.748779296875,-44.74882507324219,-44.74885559082031,-44.74886703491211,-44.7488899230957,-44.748924255371094,-44.74896240234375,-44.748985290527344,-44.74900436401367,-44.74903106689453,-44.749061584472656,-44.74909210205078,-44.749114990234375,-44.7491340637207,-44.74916076660156,-44.74919128417969,-44.74921798706055,-44.74924087524414,-44.749263763427734,-44.749290466308594,-44.74931716918945,-44.74934005737305,-44.74936294555664,-44.749385833740234,-44.749412536621094,-44.74943542480469,-44.74945831298828,-44.749481201171875,-44.74950408935547,-44.74953079223633,-44.74955368041992,-44.749576568603516,-44.74959945678711,-44.7496223449707,-44.7496452331543,-44.74966812133789,-44.749691009521484,-44.74971008300781,-44.749732971191406,-44.749755859375,-44.749778747558594,-44.74979782104492,-44.749820709228516,-44.74984359741211,-44.74986267089844,-44.74988555908203,-44.74990463256836,-44.74992752075195,-44.74994659423828,-44.749969482421875,-44.7499885559082,-44.7500114440918,-44.750030517578125,-44.75004959106445,-44.75007247924805,-44.750091552734375,-44.7501106262207,-44.75012969970703,-44.750152587890625,-44.75017166137695,-44.75019073486328,-44.75020980834961,-44.75022888183594,-44.750247955322266,-44.750267028808594,-44.75028610229492,-44.75030517578125,-44.75032424926758,-44.750343322753906,-44.75035858154297,-44.7503776550293,-44.750396728515625,-44.75041580200195,-44.75043487548828,-44.750450134277344,-44.75046920776367,-44.75048828125,-44.75050354003906,-44.75052261352539,-44.75053787231445,-44.75055694580078,-44.750572204589844,-44.75059127807617,-44.750606536865234,-44.75062561035156,-44.750640869140625,-44.75065612792969,-44.750675201416016,-44.75069046020508,-44.75070571899414,-44.75072479248047,-44.75074005126953,-44.750755310058594,-44.750770568847656,-44.75078582763672,-44.75080490112305,-44.75082015991211,-44.75083541870117,-44.750850677490234,-44.7508659362793,-44.75088119506836,-44.75089645385742,-44.750911712646484,-44.75092697143555,-44.75094223022461,-44.750953674316406,-44.75096893310547,-44.75098419189453,-44.750999450683594,-44.751014709472656,-44.75102615356445,-44.751041412353516,-44.75105667114258,-44.75107192993164,-44.75108337402344,-44.7510986328125,-44.7511100769043,-44.75112533569336,-44.75114059448242,-44.75115203857422,-44.75116729736328,-44.75117874145508,-44.75119400024414,-44.75120544433594,-44.751220703125,-44.7512321472168,-44.751243591308594,-44.751258850097656,-44.75127029418945,-44.75128173828125,-44.75129699707031,-44.75130844116211,-44.751319885253906,-44.7513313293457,-44.751346588134766,-44.75135803222656,-44.75136947631836,-44.751380920410156,-44.75139236450195,-44.75140380859375,-44.75141525268555,-44.751426696777344,-44.75143814086914,-44.75144958496094,-44.751461029052734,-44.75147247314453,-44.75148391723633,-44.751495361328125,-44.75150680541992,-44.75151824951172,-44.751529693603516,-44.75154113769531,-44.751548767089844,-44.75156021118164,-44.75157165527344,-44.751583099365234,-44.75159454345703,-44.75160217285156,-44.75161361694336,-44.75162124633789,-44.75162887573242,-44.75163650512695,-44.75164031982422,-44.75164031982422,-44.75163269042969
-32.54600524902344,-32.649757385253906,-32.75348663330078,-32.85648727416992,-32.95850372314453,-33.06062316894531,-33.163818359375,-33.26862335205078,-33.37548828125,-33.484554290771484,-33.595977783203125,-33.710323333740234,-33.827972412109375,-33.9491081237793,-34.07401657104492,-34.20256042480469,-34.33498764038086,-34.47107696533203,-34.61100387573242,-34.75440979003906,-34.90138626098633,-35.05156707763672,-35.204559326171875,-35.36045837402344,-35.51906967163086,-35.680084228515625,-35.8434944152832,-36.009254455566406,-36.17718505859375,-36.3470344543457,-36.519493103027344,-36.69591522216797,-36.87675094604492,-37.061954498291016,-37.25165939331055,-37.445526123046875,-37.64182662963867,-37.838539123535156,-38.034584045410156,-38.22937774658203,-38.421974182128906,-38.61213684082031,-38.800846099853516,-38.98884582519531,-39.175628662109375,-39.3600959777832,-39.54185485839844,-39.72068786621094,-39.895782470703125,-40.066253662109375,-40.23179626464844,-40.391971588134766,-40.54570770263672,-40.69153594970703,-40.82807159423828,-40.95497131347656,-41.072818756103516,-41.1823844909668,-41.283931732177734,-41.3770866394043,-41.46153259277344,-41.5373420715332,-41.60501480102539,-41.66521072387695,-41.71841812133789,-41.7652702331543,-41.80657958984375,-41.843284606933594,-41.883792877197266,-41.92645263671875,-41.970359802246094,-42.01570129394531,-42.06153869628906,-42.107330322265625,-42.15336608886719,-42.19923782348633,-42.24475860595703,-42.290382385253906,-42.33595657348633,-42.38119125366211,-42.426273345947266,-42.471073150634766,-42.51531982421875,-42.55914306640625,-42.60248947143555,-42.64508819580078,-42.68692398071289,-42.727989196777344,-42.768096923828125,-42.80723571777344,-42.845436096191406,-42.882537841796875,-42.918426513671875,-42.9531135559082,-42.98654556274414,-43.0186653137207,-43.04954147338867,-43.07920837402344,-43.107643127441406,-43.13488006591797,-43.16097640991211,-43.18595504760742,-43.20981979370117,-43.23261642456055,-43.25437545776367,-43.27510070800781,-43.294822692871094,-43.313602447509766,-43.33148193359375,-43.34848403930664,-43.364662170410156,-43.38005065917969,-43.394691467285156,-43.40861129760742,-43.421852111816406,-43.43445587158203,-43.45174026489258,-43.47050857543945,-43.4898681640625,-43.50944900512695,-43.52900695800781,-43.54842758178711,-43.56772232055664,-43.586891174316406,-43.60590362548828,-43.62473678588867,-43.64336395263672,-43.6617546081543,-43.67988204956055,-43.69775390625,-43.71537399291992,-43.73274612426758,-43.7498664855957,-43.76673889160156,-43.7833366394043,-43.79962921142578,-43.815582275390625,-43.8311767578125,-43.84638595581055,-43.8611946105957,-43.87559127807617,-43.88957595825195,-43.90314865112305,-43.91630935668945,-43.9290771484375,-43.941463470458984,-43.9534797668457,-43.96514129638672,-43.97647476196289,-43.98749542236328,-43.99821472167969,-44.008644104003906,-44.01879119873047,-44.028656005859375,-44.038238525390625,-44.04753112792969,-44.05652618408203,-44.065223693847656,-44.07361602783203,-44.08171081542969,-44.08951187133789,-44.09703063964844,-44.10428237915039,-44.11128616333008,-44.11806106567383,-44.124629974365234,-44.13100814819336,-44.13721466064453,-44.14326858520508,-44.14918518066406,-44.15497970581055,-44.16066360473633,-44.16625213623047,-44.1717529296875,-44.17717742919922,-44.18254089355469,-44.1878547668457,-44.19313049316406,-44.19837951660156,-44.20362091064453,-44.208866119384766,-44.214134216308594,-44.219444274902344,-44.22480392456055,-44.23023223876953,-44.23574447631836,-44.241355895996094,-44.24707794189453,-44.252925872802734,-44.2589111328125,-44.265045166015625,-44.271339416503906,-44.27781295776367,-44.28447341918945,-44.29132843017578,-44.29839324951172,-44.3056755065918,-44.31318283081055,-44.3209228515625,-44.32889938354492,-44.337120056152344,-44.345584869384766,-44.35429382324219,-44.36324691772461,-44.372440338134766,-44.381866455078125,-44.39152145385742,-44.40139389038086,-44.411468505859375,-44.421730041503906,-44.432159423828125,-44.4427375793457,-44.45343780517578,-44.4642333984375,-44.475101470947266,-44.48600387573242,-44.496910095214844,-44.507781982421875,-44.51858139038086,-44.529273986816406,-44.53981399536133,-44.5501708984375,-44.560298919677734,-44.57016372680664,-44.579734802246094,-44.58897018432617,-44.59784698486328,-44.60633087158203,-44.614410400390625,-44.6220588684082,-44.629268646240234,-44.636024475097656,-44.64232635498047,-44.64816665649414,-44.653533935546875,-44.65838623046875,-44.6626091003418,-44.665992736816406,-44.66875076293945,-44.6724853515625,-44.677127838134766,-44.679561614990234,-44.680999755859375,-44.68406677246094,-44.686119079589844,-44.686920166015625,-44.68898391723633,-44.69023132324219,-44.690711975097656,-44.6921501159668,-44.69267272949219,-44.69304656982422,-44.6939582824707,-44.694026947021484,-44.694393157958984,-44.6948356628418,-44.694740295410156,-44.69508361816406,-44.69517517089844,-44.69512176513672,-44.695369720458984,-44.695289611816406,-44.69533920288086,-44.695465087890625,-44.695369720458984,-44.69548797607422,-44.69551467895508,-44.695491790771484,-44.695613861083984,-44.69560623168945,-44.69565963745117,-44.69575881958008,-44.695762634277344,-44.695858001708984,-44.69593048095703,-44.69596862792969,-44.696075439453125,-44.696128845214844,-44.696197509765625,-44.696292877197266,-44.696346282958984,-44.69643020629883,-44.69651412963867,-44.69656753540039,-44.696651458740234,-44.69672393798828,-44.696781158447266,-44.696861267089844,-44.696922302246094,-44.696983337402344,-44.69705581665039,-44.69710922241211,-44.69717025756836,-44.697235107421875,-44.69728469848633,-44.69734191894531,-44.6973991394043,-44.69744873046875,-44.69750213623047,-44.69755172729492,-44.697601318359375,-44.69765090942383,-44.69770050048828,-44.69774627685547,-44.69779586791992,-44.69784164428711,-44.6978874206543,-44.69793701171875,-44.69798278808594,-44.698028564453125,-44.69807815551758,-44.698123931884766,-44.69816970825195,-44.698219299316406,-44.698265075683594,-44.69831085205078,-44.698360443115234,-44.69840621948242,-44.698455810546875,-44.69850158691406,-44.698551177978516,-44.69860076904297,-44.69865036010742,-44.69869613647461,-44.69874572753906,-44.698795318603516,-44.69884490966797,-44.69889450073242,-44.69894790649414,-44.698997497558594,-44.69904708862305,-44.6990966796875,-44.69915008544922,-44.69919967651367,-44.69925308227539,-44.699302673339844,-44.69935607910156,-44.69940948486328,-44.699462890625,-44.69951629638672,-44.69956588745117,-44.699623107910156,-44.699676513671875,-44.699729919433594,-44.69978332519531,-44.69983673095703,-44.699893951416016,-44.699947357177734,-44.70000076293945,-44.70005798339844,-44.700111389160156,-44.70016860961914,-44.700225830078125,-44.700279235839844,-44.70033645629883,-44.70039367675781,-44.7004508972168,-44.700504302978516,-44.7005615234375,-44.700618743896484,-44.70067596435547,-44.70073318481445,-44.70079040527344,-44.70084762573242,-44.700904846191406,-44.70096206665039,-44.701019287109375,-44.70107650756836,-44.70112991333008,-44.70118713378906,-44.70124435424805,-44.70130157470703,-44.70135498046875,-44.701412200927734,-44.70146560668945,-44.70152282714844,-44.701576232910156,-44.701629638671875,-44.70168685913086,-44.70174026489258,-44.7017936706543,-44.70184326171875,-44.70189666748047,-44.70195007324219,-44.70199966430664,-44.702049255371094,-44.70209884643555,-44.7021484375,-44.70219802856445,-44.70224380493164,-44.702293395996094,-44.70233917236328,-44.70238494873047,-44.702430725097656,-44.70247268676758,-44.7025146484375,-44.70256042480469,-44.70260238647461,-44.702640533447266,-44.70268249511719,-44.702720642089844,-44.7027587890625,-44.702796936035156,-44.70283126831055,-44.7028694152832,-44.702903747558594,-44.70293426513672,-44.70296859741211,-44.7030029296875,-44.703033447265625,-44.70306396484375,-44.70309066772461,-44.703121185302734,-44.703147888183594,-44.70317459106445,-44.70320129394531,-44.70322799682617,-44.70325469970703,-44.703277587890625,-44.70330047607422,-44.70332336425781,-44.703346252441406,-44.703369140625,-44.70338821411133,-44.703407287597656,-44.703426361083984,-44.70344543457031,-44.70346450805664,-44.70348358154297,-44.7035026550293,-44.70351791381836,-44.70353698730469,-44.70355224609375,-44.70356750488281,-44.703582763671875,-44.70359802246094,-44.70361328125,-44.70362854003906,-44.70363998413086,-44.70365524291992,-44.70366668701172,-44.70368194580078,-44.70369338989258,-44.70370864868164,-44.70372009277344,-44.703731536865234,-44.70374298095703,-44.70375442504883,-44.703765869140625,-44.70378112792969,-44.70378875732422,-44.703800201416016,-44.70381164550781,-44.70382308959961,-44.703834533691406,-44.7038459777832,-44.703857421875,-44.70386505126953,-44.70387649536133,-44.703887939453125,-44.703895568847656,-44.70390701293945,-44.70391845703125,-44.70392608642578,-44.70393753051758,-44.703948974609375,-44.703956604003906,-44.7039680480957,-44.703975677490234,-44.70398712158203,-44.70399475097656,-44.70400619506836,-44.70401382446289,-44.70402145385742,-44.70403289794922,-44.70404052734375,-44.70405197143555,-44.70405960083008,-44.70406723022461,-44.704078674316406,-44.70408630371094,-44.70409393310547,-44.704105377197266,-44.7041130065918,-44.70412063598633,-44.704132080078125,-44.704139709472656,-44.70414733886719,-44.704158782958984,-44.704166412353516,-44.70417404174805,-44.70418167114258,-44.70418930053711,-44.704200744628906,-44.70420837402344,-44.70421600341797,-44.7042236328125,-44.70423126220703,-44.70424270629883,-44.70425033569336,-44.70425796508789,-44.70426559448242,-44.70427322387695,-44.704280853271484,-44.704288482666016,-44.70429611206055,-44.704307556152344,-44.704315185546875,-44.704322814941406,-44.70433044433594,-44.70433807373047,-44.704345703125,-44.70435333251953,-44.7043571472168,-44.70436477661133,-44.704368591308594
-30.67854118347168,-30.8398494720459,-30.996877670288086,-31.1490421295166,-31.296228408813477,-31.43874168395996,-31.577102661132812,-31.711984634399414,-31.844154357910156,-31.974197387695312,-32.10245132446289,-32.22911071777344,-32.35430908203125,-32.47810745239258,-32.60053634643555,-32.72159957885742,-32.841304779052734,-32.959678649902344,-33.07678985595703,-33.19275665283203,-33.30778503417969,-33.422142028808594,-33.53614807128906,-33.650081634521484,-33.764137268066406,-33.87837219238281,-33.992733001708984,-34.10710144042969,-34.221317291259766,-34.33524703979492,-34.448795318603516,-34.56195831298828,-34.67482376098633,-34.787567138671875,-34.90038299560547,-35.01347732543945,-35.1269645690918,-35.240882873535156,-35.355159759521484,-35.469642639160156,-35.584129333496094,-35.698387145996094,-35.812198638916016,-35.92535400390625,-36.03766632080078,-36.14896774291992,-36.25908279418945,-36.36785888671875,-36.47514343261719,-36.58086013793945,-36.685001373291016,-36.78765106201172,-36.888912200927734,-36.988868713378906,-37.087554931640625,-37.18499755859375,-37.281307220458984,-37.376705169677734,-37.4715690612793,-37.56635284423828,-37.66153335571289,-37.75755310058594,-37.854881286621094,-37.95400619506836,-38.05516052246094,-38.15781784057617,-38.260738372802734,-38.36286926269531,-38.464359283447266,-38.56559753417969,-38.66571044921875,-38.76362228393555,-38.860321044921875,-38.95671081542969,-39.05126190185547,-39.14419937133789,-39.236732482910156,-39.32712173461914,-39.41533660888672,-39.50209045410156,-39.58551025390625,-39.66691207885742,-39.745750427246094,-39.82160568237305,-39.895687103271484,-39.96684265136719,-40.03670883178711,-40.10421371459961,-40.170841217041016,-40.23580551147461,-40.300296783447266,-40.36336898803711,-40.42581558227539,-40.48635482788086,-40.54552459716797,-40.60222244262695,-40.656856536865234,-40.70936965942383,-40.75984573364258,-40.809207916259766,-40.85731506347656,-40.90470886230469,-40.95172882080078,-40.99809646606445,-41.04402542114258,-41.08961868286133,-41.14162063598633,-41.196929931640625,-41.25358200073242,-41.31027603149414,-41.36634826660156,-41.42164993286133,-41.47603988647461,-41.52943801879883,-41.581912994384766,-41.63352584838867,-41.68424987792969,-41.73403549194336,-41.782901763916016,-41.830955505371094,-41.878360748291016,-41.92530059814453,-41.9719352722168,-42.0184440612793,-42.06498718261719,-42.1117057800293,-42.15846252441406,-42.204769134521484,-42.25019836425781,-42.294551849365234,-42.337703704833984,-42.379615783691406,-42.420074462890625,-42.45856857299805,-42.49463653564453,-42.52815246582031,-42.559165954589844,-42.58776092529297,-42.61386489868164,-42.63725662231445,-42.65792465209961,-42.6761474609375,-42.69228744506836,-42.70661544799805,-42.7192268371582,-42.73019027709961,-42.739784240722656,-42.75226593017578,-42.76558303833008,-42.778953552246094,-42.79222106933594,-42.80562210083008,-42.819175720214844,-42.83271026611328,-42.84626770019531,-42.859981536865234,-42.873809814453125,-42.887699127197266,-42.90174865722656,-42.916072845458984,-42.93064880371094,-42.945438385009766,-42.960479736328125,-42.9758186340332,-42.991432189941406,-43.007293701171875,-43.02342987060547,-43.03984832763672,-43.056488037109375,-43.07326126098633,-43.09012222290039,-43.107025146484375,-43.123924255371094,-43.14076232910156,-43.15751647949219,-43.174171447753906,-43.190704345703125,-43.20708084106445,-43.223262786865234,-43.239227294921875,-43.25496292114258,-43.27045822143555,-43.285709381103516,-43.300716400146484,-43.31547546386719,-43.32999038696289,-43.34427261352539,-43.35832595825195,-43.372161865234375,-43.38577651977539,-43.39917755126953,-43.4123649597168,-43.42533493041992,-43.43809127807617,-43.450626373291016,-43.46294021606445,-43.47502899169922,-43.48688888549805,-43.4985237121582,-43.50993347167969,-43.5211181640625,-43.532081604003906,-43.54281234741211,-43.55329132080078,-43.56346893310547,-43.57333755493164,-43.58314514160156,-43.59343338012695,-43.60398864746094,-43.61378860473633,-43.62295150756836,-43.63252258300781,-43.64246368408203,-43.65181350708008,-43.660797119140625,-43.670204162597656,-43.67963790893555,-43.68856430053711,-43.6975212097168,-43.706764221191406,-43.715763092041016,-43.72452926635742,-43.73350524902344,-43.74251937866211,-43.75128173828125,-43.76005935668945,-43.768985748291016,-43.777801513671875,-43.786495208740234,-43.79528045654297,-43.80410385131836,-43.812808990478516,-43.82149124145508,-43.83024978637695,-43.838993072509766,-43.84766387939453,-43.856361389160156,-43.86511993408203,-43.87386703491211,-43.88260269165039,-43.891387939453125,-43.900245666503906,-43.90913009643555,-43.91804885864258,-43.92704772949219,-43.93614196777344,-43.9453125,-43.95455551147461,-43.963905334472656,-43.97338104248047,-43.98297119140625,-43.99267578125,-44.00250244140625,-44.01247787475586,-44.0225944519043,-44.0328483581543,-44.043243408203125,-44.05378723144531,-44.06448745727539,-44.07533645629883,-44.086334228515625,-44.09747314453125,-44.108760833740234,-44.12018966674805,-44.13175964355469,-44.143463134765625,-44.1552848815918,-44.1672248840332,-44.17927551269531,-44.19142532348633,-44.203651428222656,-44.21595001220703,-44.228294372558594,-44.24067306518555,-44.25306701660156,-44.26544952392578,-44.277801513671875,-44.29009246826172,-44.302303314208984,-44.31439971923828,-44.326358795166016,-44.33815002441406,-44.34974670410156,-44.36112594604492,-44.372249603271484,-44.38310241699219,-44.393653869628906,-44.40388488769531,-44.41377258300781,-44.423301696777344,-44.432456970214844,-44.44122314453125,-44.44959259033203,-44.457557678222656,-44.46511459350586,-44.472267150878906,-44.4790153503418,-44.48536682128906,-44.491329193115234,-44.49691390991211,-44.50213623046875,-44.50700759887695,-44.51154708862305,-44.51577377319336,-44.51970672607422,-44.52336502075195,-44.526771545410156,-44.52994918823242,-44.53291702270508,-44.53569412231445,-44.538307189941406,-44.540767669677734,-44.54309844970703,-44.545318603515625,-44.54743957519531,-44.54947280883789,-44.55142593383789,-44.55329895019531,-44.55508804321289,-44.55679702758789,-44.55847930908203,-44.56026840209961,-44.56233596801758,-44.56460952758789,-44.5667724609375,-44.56865310668945,-44.57042694091797,-44.57240676879883,-44.57468032836914,-44.57701110839844,-44.57918930053711,-44.5813102722168,-44.58361053466797,-44.58613586425781,-44.588722229003906,-44.591251373291016,-44.593814849853516,-44.596553802490234,-44.59947204589844,-44.60245895385742,-44.605464935302734,-44.60856628417969,-44.611839294433594,-44.61526870727539,-44.61879348754883,-44.62239456176758,-44.62611770629883,-44.630008697509766,-44.634056091308594,-44.63822937011719,-44.642513275146484,-44.64693069458008,-44.65151596069336,-44.65626907348633,-44.66117477416992,-44.666229248046875,-44.67143630981445,-44.67681121826172,-44.68236541748047,-44.68810272216797,-44.69401168823242,-44.70008850097656,-44.70633316040039,-44.71275329589844,-44.71934127807617,-44.726104736328125,-44.7330322265625,-44.7401123046875,-44.74734115600586,-44.75471496582031,-44.76222229003906,-44.76985549926758,-44.77760314941406,-44.78544998168945,-44.79338455200195,-44.8013801574707,-44.80942153930664,-44.81748580932617,-44.82555389404297,-44.8336067199707,-44.84161376953125,-44.849552154541016,-44.857398986816406,-44.86512756347656,-44.87270736694336,-44.8801155090332,-44.887325286865234,-44.89431381225586,-44.901058197021484,-44.90753173828125,-44.91371536254883,-44.919586181640625,-44.92511749267578,-44.93029022216797,-44.935081481933594,-44.939483642578125,-44.94354248046875,-44.94737243652344,-44.95111083984375,-44.954715728759766,-44.95793151855469,-44.960567474365234,-44.96272277832031,-44.96467208862305,-44.96659851074219,-44.968421936035156,-44.96992874145508,-44.971065521240234,-44.97200012207031,-44.97291946411133,-44.97381591796875,-44.97456359863281,-44.975093841552734,-44.97551345825195,-44.97593688964844,-44.97637176513672,-44.976741790771484,-44.97700500488281,-44.977210998535156,-44.97743225097656,-44.97767639160156,-44.97789001464844,-44.978050231933594,-44.97817611694336,-44.97831344604492,-44.97846984863281,-44.97861099243164,-44.97871780395508,-44.97880172729492,-44.978885650634766,-44.978981018066406,-44.979068756103516,-44.9791374206543,-44.979190826416016,-44.9792366027832,-44.97928237915039,-44.979331970214844,-44.979373931884766,-44.97940444946289,-44.979427337646484,-44.979454040527344,-44.9794807434082,-44.97950744628906,-44.979530334472656,-44.979549407958984,-44.97956848144531,-44.97958755493164,-44.979610443115234,-44.97963333129883,-44.97965621948242,-44.979679107666016,-44.97970199584961,-44.9797248840332,-44.97975158691406,-44.97977828979492,-44.97980499267578,-44.97983169555664,-44.9798583984375,-44.979881286621094,-44.97990798950195,-44.97993469238281,-44.97996520996094,-44.9799919128418,-44.98001480102539,-44.98004150390625,-44.98006820678711,-44.9800910949707,-44.98011779785156,-44.98014450073242,-44.980167388916016,-44.98019027709961,-44.98021697998047,-44.98023986816406,-44.980262756347656,-44.98028564453125,-44.980308532714844,-44.98033142089844,-44.98035430908203,-44.980377197265625,-44.98040008544922,-44.98041915893555,-44.98044204711914,-44.980464935302734,-44.98048782348633,-44.980506896972656,-44.98052978515625,-44.98054885864258,-44.98057174682617,-44.980594635009766,-44.980613708496094,-44.98063278198242,-44.980655670166016,-44.980674743652344,-44.98069763183594,-44.980716705322266,-44.980735778808594,-44.98075866699219,-44.980777740478516,-44.980796813964844,-44.98081970214844,-44.980838775634766,-44.980857849121094,-44.98087692260742,-44.98089599609375,-44.98091506958008,-44.98093795776367,-44.98095703125,-44.98097610473633,-44.980995178222656,-44.981014251708984,-44.98103332519531,-44.98105239868164,-44.9810676574707,-44.98108673095703,-44.98110580444336,-44.98112487792969,-44.98114013671875,-44.98115539550781,-44.981170654296875,-44.98118209838867,-44.9811897277832,-44.98118591308594,-44.981170654296875,-44.981136322021484,-44.98106384277344,-44.98094177246094,-44.98077392578125,-44.9805908203125,-44.980491638183594,-44.98060989379883,-44.98094940185547,-44.98130416870117,-44.98143005371094,-44.98129653930664,-44.98111343383789,-44.98109817504883,-44.98127746582031,-44.98147964477539,-44.98152160644531,-44.981422424316406,-44.98134994506836,-44.981407165527344,-44.98154067993164,-44.98161697387695,-44.98158645629883,-44.98153305053711,-44.98154830932617,-44.98162841796875,-44.981693267822266,-44.98169708251953,-44.98167037963867,-44.98167037963867,-44.98171615600586,-44.98176956176758,-44.981788635253906,-44.981781005859375,-44.981781005859375,-44.98180389404297,-44.981842041015625,-44.981868743896484,-44.981876373291016,-44.981876373291016,-44.98188781738281,-44.98191452026367,-44.98194122314453,-44.981956481933594,-44.981964111328125,-44.981971740722656,-44.981990814208984,-44.98200988769531,-44.98202896118164,-44.9820442199707,-44.982051849365234,-44.98206329345703,-44.982078552246094,-44.98209762573242,-44.982112884521484,-44.98212814331055,-44.982139587402344,-44.98215103149414,-44.9821662902832,-44.982181549072266,-44.98219680786133,-44.982208251953125,-44.98222351074219,-44.982234954833984,-44.98224639892578,-44.982261657714844,-44.982276916503906,-44.9822883605957,-44.982303619384766,-44.98231506347656,-44.98232650756836,-44.982337951660156,-44.98235321044922,-44.982364654541016,-44.98237609863281,-44.982391357421875,-44.98240280151367,-44.98241424560547,-44.982425689697266,-44.98243713378906,-44.982452392578125,-44.98246383666992,-44.98247528076172,-44.982486724853516,-44.98249816894531,-44.98250961303711,-44.982521057128906,-44.9825325012207,-44.9825439453125,-44.9825553894043,-44.98257064819336,-44.982582092285156,-44.98258972167969,-44.982601165771484,-44.98261260986328,-44.98262405395508,-44.982635498046875,-44.98264694213867,-44.98265838623047,-44.982669830322266,-44.98268127441406,-44.982688903808594,-44.98270034790039,-44.98271179199219,-44.982723236083984,-44.982730865478516,-44.98274230957031,-44.98275375366211,-44.982765197753906,-44.98277282714844,-44.982784271240234,-44.98279571533203,-44.98280334472656,-44.98281478881836,-44.982826232910156,-44.98283386230469,-44.982845306396484,-44.982852935791016,-44.98286437988281,-44.982872009277344,-44.98288345336914,-44.98289108276367,-44.98290252685547,-44.98291015625,-44.9829216003418,-44.98292922973633,-44.982940673828125,-44.982948303222656,-44.98295593261719,-44.982967376708984,-44.982975006103516,-44.98298645019531,-44.982994079589844,-44.983001708984375,-44.98301315307617,-44.9830207824707,-44.983028411865234,-44.983036041259766,-44.98304748535156,-44.983055114746094,-44.983062744140625,-44.983070373535156,-44.98307418823242,-44.98308181762695,-44.98308563232422
-33.5103874206543,-33.62600326538086,-33.73800277709961,-33.84619140625,-33.95066452026367,-34.05156707763672,-34.148963928222656,-34.243289947509766,-34.335601806640625,-34.42677688598633,-34.51683044433594,-34.605342864990234,-34.69193649291992,-34.77660369873047,-34.85978698730469,-34.94209671020508,-35.024085998535156,-35.10625457763672,-35.18910217285156,-35.27307891845703,-35.358524322509766,-35.445640563964844,-35.534488677978516,-35.6250114440918,-35.71699905395508,-35.810096740722656,-35.903812408447266,-35.99753189086914,-36.09053421020508,-36.1820068359375,-36.271095275878906,-36.3570442199707,-36.43946075439453,-36.51863098144531,-36.59564208984375,-36.6721076965332,-36.74967575073242,-36.82969665527344,-36.91313552856445,-37.00050735473633,-37.091861724853516,-37.18690490722656,-37.28512191772461,-37.38602066040039,-37.489418029785156,-37.59590530395508,-37.70705032348633,-37.82445526123047,-37.94881057739258,-38.08012390136719,-38.21833801269531,-38.3636589050293,-38.51674270629883,-38.678253173828125,-38.848228454589844,-39.0262451171875,-39.21241760253906,-39.40702819824219,-39.60971450805664,-39.81965255737305,-40.03486633300781,-40.24990463256836,-40.456844329833984,-40.64967346191406,-40.82492446899414,-40.981388092041016,-41.121620178222656,-41.249908447265625,-41.37046432495117,-41.48686218261719,-41.60057067871094,-41.71007537841797,-41.813331604003906,-41.90842056274414,-41.99348449707031,-42.06840896606445,-42.134117126464844,-42.192474365234375,-42.245643615722656,-42.294898986816406,-42.34095001220703,-42.38502502441406,-42.42774200439453,-42.468990325927734,-42.50785827636719,-42.54167175292969,-42.574180603027344,-42.60514831542969,-42.63466262817383,-42.66310501098633,-42.690670013427734,-42.71712112426758,-42.7420768737793,-42.76514434814453,-42.78609085083008,-42.80501937866211,-42.82217025756836,-42.83776092529297,-42.85206604003906,-42.86532974243164,-42.87772750854492,-42.889339447021484,-42.900169372558594,-42.91029357910156,-42.91989517211914,-42.929134368896484,-42.93816375732422,-42.94712448120117,-42.956111907958984,-42.96520233154297,-42.974456787109375,-42.98392868041992,-42.9936637878418,-43.003665924072266,-43.01390838623047,-43.02437973022461,-43.035091400146484,-43.04607009887695,-43.057334899902344,-43.068878173828125,-43.08070373535156,-43.092811584472656,-43.10519790649414,-43.11786651611328,-43.13080978393555,-43.14401626586914,-43.15745162963867,-43.17106628417969,-43.18479919433594,-43.19858169555664,-43.212345123291016,-43.22602081298828,-43.23956298828125,-43.2529296875,-43.26608657836914,-43.278987884521484,-43.29159927368164,-43.30388641357422,-43.31581115722656,-43.32735061645508,-43.33848571777344,-43.349205017089844,-43.35950469970703,-43.36939239501953,-43.37888717651367,-43.388004302978516,-43.39677047729492,-43.405208587646484,-43.4133415222168,-43.421199798583984,-43.428802490234375,-43.43617248535156,-43.443328857421875,-43.45028305053711,-43.45704650878906,-43.463623046875,-43.47001647949219,-43.476226806640625,-43.482242584228516,-43.488067626953125,-43.49368667602539,-43.49910354614258,-43.518680572509766,-43.54277038574219,-43.56924819946289,-43.59687805175781,-43.624820709228516,-43.65248107910156,-43.67940902709961,-43.705291748046875,-43.729896545410156,-43.75307846069336,-43.774742126464844,-43.794857025146484,-43.81343460083008,-43.83052062988281,-43.846195220947266,-43.860557556152344,-43.873722076416016,-43.88581848144531,-43.89697265625,-43.90731430053711,-43.916961669921875,-43.926021575927734,-43.93458938598633,-43.94274139404297,-43.950538635253906,-43.95802688598633,-43.965240478515625,-43.97220230102539,-43.978912353515625,-43.985382080078125,-43.99160385131836,-43.9975700378418,-44.00326919555664,-44.008697509765625,-44.01384353637695,-44.01870346069336,-44.02327346801758,-44.027549743652344,-44.03153991699219,-44.035247802734375,-44.03867721557617,-44.041847229003906,-44.044761657714844,-44.04743957519531,-44.049896240234375,-44.052146911621094,-44.05420684814453,-44.05609130859375,-44.05781555175781,-44.05939483642578,-44.06084060668945,-44.06216812133789,-44.063385009765625,-44.06450271606445,-44.06553268432617,-44.06647872924805,-44.067352294921875,-44.06815719604492,-44.06889724731445,-44.069580078125,-44.07020568847656,-44.07078552246094,-44.071311950683594,-44.07179641723633,-44.072242736816406,-44.07264709472656,-44.07301330566406,-44.07334899902344,-44.07365036010742,-44.07392501831055,-44.07417297363281,-44.074398040771484,-44.07460021972656,-44.07477951049805,-44.07494354248047,-44.07508850097656,-44.075218200683594,-44.07533645629883,-44.075439453125,-44.07553482055664,-44.075618743896484,-44.07569122314453,-44.07575988769531,-44.07582092285156,-44.07587432861328,-44.075923919677734,-44.07596969604492,-44.07600784301758,-44.07604217529297,-44.07607650756836,-44.076107025146484,-44.07612991333008,-44.07615661621094,-44.076175689697266,-44.076194763183594,-44.07621383666992,-44.076229095458984,-44.07624435424805,-44.076255798339844,-44.07626724243164,-44.07627487182617,-44.07628631591797,-44.0762939453125,-44.07630157470703,-44.07630920410156,-44.07631301879883,-44.076316833496094,-44.076324462890625,-44.07632827758789
