-27.76555633544922,-27.883268356323242,-28.001583099365234,-28.119701385498047,-28.23693084716797,-28.35280990600586,-28.46725845336914,-28.580551147460938,-28.693017959594727,-28.804697036743164,-28.91527557373047,-29.024261474609375,-29.13120460510254,-29.23588752746582,-29.338459014892578,-29.43942642211914,-29.539339065551758,-29.63837242126465,-29.73615264892578,-29.831958770751953,-29.925174713134766,-30.015830993652344,-30.104772567749023,-30.19297981262207,-30.280818939208984,-30.36798667907715,-30.453893661499023,-30.538331985473633,-30.62192726135254,-30.70539665222168,-30.788532257080078,-30.870479583740234,-30.95079803466797,-31.030134201049805,-31.109397888183594,-31.18854331970215,-31.266916275024414,-31.3444766998291,-31.422061920166016,-31.499759674072266,-31.57643699645996,-31.651540756225586,-31.725603103637695,-31.798337936401367,-31.86881446838379,-31.937471389770508,-32.00496292114258,-32.07057189941406,-32.13439178466797,-32.19723892211914,-32.25865173339844,-32.3189811706543,-32.379207611083984,-32.43907928466797,-32.49934005737305,-32.560428619384766,-32.62200164794922,-32.684818267822266,-32.748477935791016,-32.813358306884766,-32.87959289550781,-32.947235107421875,-33.01652526855469,-33.08698272705078,-33.15849685668945,-33.23041534423828,-33.302276611328125,-33.373504638671875,-33.44322204589844,-33.5111198425293,-33.576419830322266,-33.63890838623047,-33.698604583740234,-33.755218505859375,-33.80867385864258,-33.85911560058594,-33.90662384033203,-33.95125198364258,-33.993038177490234,-34.03192138671875,-34.06771469116211,-34.100242614746094,-34.129417419433594,-34.155250549316406,-34.17776107788086,-34.19703674316406,-34.18235778808594,-34.26103591918945,-34.285179138183594,-34.29745864868164,-34.33412551879883,-34.37806701660156,-34.411014556884766,-34.43120574951172,-34.450401306152344,-34.47687911987305,-34.507484436035156,-34.534889221191406,-34.55587387084961,-34.57353973388672,-34.592987060546875,-34.61571502685547,-34.6390495300293,-34.65975570678711,-34.67742919921875,-34.69462203979492,-34.71379852294922,-34.7348747253418,-34.755828857421875,-34.77513885498047,-34.79334259033203,-34.81224060058594,-34.832759857177734,-34.8541259765625,-34.8749885559082,-34.894996643066406,-34.91501235961914,-34.93589782714844,-34.957481384277344,-34.978912353515625,-34.999759674072266,-35.02047348022461,-35.041690826416016,-35.06340408325195,-35.0850830078125,-35.10642623901367,-35.127750396728516,-35.149478912353516,-35.17158508300781,-35.19369125366211,-35.21565246582031,-35.23773193359375,-35.260196685791016,-35.2829704284668,-35.3057975769043,-35.32866287231445,-35.351776123046875,-35.37525177001953,-35.398948669433594,-35.4227294921875,-35.446659088134766,-35.470890045166016,-35.49541473388672,-35.52011489868164,-35.54495620727539,-35.57003402709961,-35.59538650512695,-35.62092208862305,-35.64655685424805,-35.672298431396484,-35.69816589355469,-35.72409439086914,-35.749977111816406,-35.77577590942383,-35.80148696899414,-35.82704544067383,-35.85235595703125,-35.877384185791016,-35.9021110534668,-35.92650604248047,-35.950496673583984,-35.97406005859375,-35.997188568115234,-36.019859313964844,-36.042022705078125,-36.06365966796875,-36.08476638793945,-36.10532760620117,-36.12531661987305,-36.14472961425781,-36.16356658935547,-36.181827545166016,-36.19950866699219,-36.21662521362305,-36.233192443847656,-36.24922180175781,-36.26472091674805,-36.27971267700195,-36.294212341308594,-36.30823516845703,-36.32179260253906,-36.33489990234375,-36.347572326660156,-36.35982131958008,-36.37165832519531,-36.38309860229492,-36.394161224365234,-36.40485382080078,-36.415199279785156,-36.42521667480469,-36.4349250793457,-36.44434356689453,-36.4535026550293,-36.4624137878418,-36.426536560058594,-36.49665069580078,-36.50626754760742,-36.50379180908203,-36.528690338134766,-36.56280517578125,-36.58660888671875,-36.59674072265625,-36.6048469543457,-36.621192932128906,-36.64421844482422,-36.66632080078125,-36.6822509765625,-36.69321060180664,-36.70466995239258,-36.7202033996582,-36.73847198486328,-36.7556266784668,-36.769264221191406,-36.78037643432617,-36.79194259643555,-36.80569839477539,-36.82069396972656,-36.834720611572266,-36.84660339355469,-36.857208251953125,-36.868282318115234,-36.88056182861328,-36.89319610595703,-36.90488052368164,-36.91526412963867,-36.92516326904297,-36.935550689697266,-36.94647979736328,-36.957176208496094,-36.967010498046875,-36.97615051269531,-36.985260009765625,-36.99468994140625,-37.00411605834961,-37.01301574707031,-37.021305084228516,-37.029361724853516,-37.03751754760742,-37.04566955566406,-37.0534782409668,-37.060813903808594,-37.06788635253906,-37.07493591308594,-37.08193588256836,-37.088661193847656,-37.09502410888672,-37.10115432739258,-37.107215881347656,-37.113182067871094,-37.11891555786133,-37.12436294555664,-37.12963104248047,-37.13480758666992,-37.13985824584961,-37.14469528198242,-37.14931106567383,-37.153778076171875,-37.158138275146484,-37.162357330322266,-37.166385650634766,-37.17023468017578,-37.17396545410156,-37.177589416503906,-37.181068420410156,-37.184391021728516,-37.187583923339844,-37.190677642822266,-37.193668365478516,-37.196533203125,-37.199275970458984,-37.201927185058594,-37.20449447631836,-37.206966400146484,-37.20933151245117,-37.211612701416016,-37.21381759643555,-37.2159423828125,-37.217979431152344,-37.219940185546875,-37.22182846069336,-37.22364807128906,-37.22539138793945,-37.22706604003906,-37.228675842285156,-37.230224609375,-37.231712341308594,-37.23313522338867,-37.23450469970703,-37.23582077026367,-37.237083435058594,-37.2382926940918,-37.23945236206055,-37.240570068359375,-37.241641998291016,-37.242671966552734,-37.24365997314453,-37.24460983276367,-37.245521545410156,-37.246395111083984,-37.24723434448242,-37.24803924560547,-37.24881362915039,-37.24955368041992,-37.25026321411133,-37.250946044921875,-37.25160217285156,-37.252227783203125,-37.25282669067383,-37.25340270996094,-37.25395584106445,-37.254486083984375,-37.2549934387207,-37.25547790527344,-37.255943298339844,-37.25638961791992,-37.25681686401367,-37.257225036621094,-37.25761795043945,-37.257991790771484,-37.25835418701172,-37.258697509765625,-37.25902557373047,-37.259342193603516,-37.2596435546875,-37.25992965698242,-37.26020431518555,-37.260467529296875,-37.26072311401367,-37.260963439941406,-37.261192321777344,-37.26141357421875,-37.26162338256836,-37.26182556152344,-37.26201629638672,-37.26219940185547,-37.26237487792969,-37.262542724609375,-37.262699127197266,-37.26285171508789,-37.262996673583984,-37.26313781738281,-37.263267517089844,-37.26339340209961,-37.26351547241211,-37.26362991333008,-37.26374053955078,-37.26384353637695,-37.26394271850586,-37.264034271240234,-37.26412582397461,-37.26420974731445,-37.2642936706543,-37.26436996459961,-37.264442443847656,-37.2645149230957,-37.26457977294922,-37.264644622802734,-37.264705657958984,-37.26476287841797,-37.26481628417969,-37.26486587524414,-37.264915466308594,-37.26496505737305,-37.26500701904297,-37.26504898071289,-37.26509094238281,-37.26512908935547,-37.26516342163086,-37.26519775390625,-37.265228271484375,-37.2652587890625,-37.265289306640625,-37.265316009521484,-37.265342712402344,-37.26536560058594,-37.26538848876953,-37.265411376953125,-37.26543426513672,-37.26545333862305,-37.265472412109375,-37.26548767089844,-37.265506744384766,-37.26552200317383,-37.26553726196289,-37.26554870605469,-37.26556396484375,-37.26557540893555,-37.265586853027344,-37.26559829711914,-37.26560974121094,-37.26561737060547,-37.265628814697266,-37.2656364440918,-37.26564407348633,-37.26565170288086,-37.26565933227539,-37.26566696166992,-37.26567459106445,-37.26567840576172,-37.26568603515625,-37.265689849853516,-37.26569747924805,-37.26570129394531,-37.26570510864258,-37.265708923339844
-26.092025756835938,-26.197738647460938,-26.304332733154297,-26.411449432373047,-26.51869010925293,-26.626529693603516,-26.735733032226562,-26.846172332763672,-26.956714630126953,-27.06573486328125,-27.171710968017578,-27.274003982543945,-27.373140335083008,-27.469667434692383,-27.563268661499023,-27.652996063232422,-27.737733840942383,-27.816574096679688,-27.889297485351562,-27.956787109375,-28.020936965942383,-28.083765029907227,-28.146648406982422,-28.210189819335938,-28.274446487426758,-28.339345932006836,-28.405399322509766,-28.47416877746582,-28.54759407043457,-28.626806259155273,-28.711925506591797,-28.802490234375,-28.897924423217773,-28.998016357421875,-29.103378295898438,-29.215221405029297,-29.333961486816406,-29.458341598510742,-29.586515426635742,-29.718053817749023,-29.853816986083984,-29.993350982666016,-30.134241104125977,-30.27455711364746,-30.415002822875977,-30.555744171142578,-30.694137573242188,-30.82929039001465,-30.96247673034668,-31.09220314025879,-31.216564178466797,-31.337013244628906,-31.453289031982422,-31.564008712768555,-31.670730590820312,-31.7734432220459,-31.87105941772461,-31.964906692504883,-32.05455017089844,-32.13924026489258,-32.21986770629883,-32.295570373535156,-32.36622619628906,-32.432701110839844,-32.49465560913086,-32.55305480957031,-32.60868453979492,-32.66165542602539,-32.712982177734375,-32.762569427490234,-32.81037139892578,-32.85641860961914,-32.90000915527344,-32.9412727355957,-32.979984283447266,-33.016353607177734,-33.05093002319336,-33.09737014770508,-33.1650390625,-33.216102600097656,-33.27711486816406,-33.33697509765625,-33.38807678222656,-33.43830108642578,-33.4927864074707,-33.54719161987305,-33.59769058227539,-33.64616012573242,-33.695213317871094,-33.7443962097168,-33.79225158691406,-33.839134216308594,-33.88579177856445,-33.93147277832031,-33.97612380981445,-34.021026611328125,-34.06647872924805,-34.111148834228516,-34.154396057128906,-34.1972770690918,-34.240421295166016,-34.28328323364258,-34.32582092285156,-34.368377685546875,-34.410579681396484,-34.45235061645508,-34.49457931518555,-34.537593841552734,-34.58087921142578,-34.62445831298828,-34.66858673095703,-34.71308898925781,-34.75813674926758,-34.80409240722656,-34.850624084472656,-34.897491455078125,-34.94491195678711,-34.9927864074707,-35.041011810302734,-35.08967590332031,-35.13849639892578,-35.18729019165039,-35.23616027832031,-35.284915924072266,-35.333412170410156,-35.3815803527832,-35.42918014526367,-35.4761848449707,-35.5225944519043,-35.56825256347656,-35.61314392089844,-35.657203674316406,-35.70036315917969,-35.74266052246094,-35.78398895263672,-35.82427215576172,-35.863460540771484,-35.90143966674805,-35.93819046020508,-35.973594665527344,-36.007572174072266,-36.04008865356445,-36.07110595703125,-36.100650787353516,-36.128719329833984,-36.15536117553711,-36.180660247802734,-36.20469665527344,-36.227577209472656,-36.249393463134766,-36.2702522277832,-36.290252685546875,-36.30946731567383,-36.327964782714844,-36.34578323364258,-36.362979888916016,-36.379573822021484,-36.34396743774414,-36.41713333129883,-36.42741012573242,-36.42434310913086,-36.448829650878906,-36.482566833496094,-36.5054817199707,-36.5140380859375,-36.520084381103516,-36.53412628173828,-36.554710388183594,-36.57419967651367,-36.58726501464844,-36.59504699707031,-36.603031158447266,-36.61495590209961,-36.62974548339844,-36.643638610839844,-36.65406036376953,-36.66169357299805,-36.669349670410156,-36.67894744873047,-36.68986129760742,-36.69997024536133,-36.70790100097656,-36.714195251464844,-36.72050857543945,-36.727787017822266,-36.7354621887207,-36.74226760864258,-36.74761962890625,-36.75212860107422,-36.756797790527344,-36.76195526123047,-36.76703643798828,-36.77134323120117,-36.774818420410156,-36.77804183959961,-36.78153991699219,-36.78524398803711,-36.788719177246094,-36.791748046875,-36.79460144042969,-36.79771041870117,-36.801212310791016,-36.80488967895508,-36.80855941772461,-36.812339782714844,-36.81653594970703,-36.8212890625,-36.82649612426758,-36.832035064697266,-36.837947845458984,-36.84442138671875,-36.85155487060547,-36.859275817871094,-36.86747360229492,-36.876163482666016,-36.88543701171875,-36.89532470703125,-36.905738830566406,-36.91658020019531,-36.92784881591797,-36.939579010009766,-36.951751708984375,-36.964290618896484,-36.977142333984375,-36.99034118652344,-37.00394058227539,-37.01795196533203,-37.03237533569336,-37.0472526550293,-37.06264114379883,-37.078575134277344,-37.09502029418945,-37.11192321777344,-37.12924575805664,-37.14693069458008,-37.16488265991211,-37.18301010131836,-37.201229095458984,-37.219482421875,-37.23771286010742,-37.25584411621094,-37.2738037109375,-37.291526794433594,-37.308929443359375,-37.32590866088867,-37.342342376708984,-37.35813522338867,-37.373191833496094,-37.387428283691406,-37.40078353881836,-37.413230895996094,-37.424774169921875,-37.43543243408203,-37.44523239135742,-37.45423126220703,-37.46248245239258,-37.47005081176758,-37.47700119018555,-37.48340606689453,-37.48933792114258,-37.494869232177734,-37.50004959106445,-37.50494384765625,-37.509578704833984,-37.513980865478516,-37.518157958984375,-37.52210998535156,-37.525821685791016,-37.5292854309082,-37.53248977661133,-37.535423278808594,-37.538089752197266,-37.540489196777344,-37.54262924194336,-37.54452133178711,-37.54618835449219,-37.54764175415039,-37.54890823364258,-37.550010681152344,-37.55096435546875,-37.55179977416992,-37.55253219604492,-37.55318069458008,-37.55376434326172,-37.55428695678711,-37.55476379394531,-37.55519485473633,-37.55558776855469,-37.555938720703125,-37.55625534057617,-37.5565299987793,-37.5567741394043,-37.55698013305664,-37.55715560913086,-37.55730056762695,-37.55741500854492,-37.55751037597656,-37.55758285522461,-37.557640075683594,-37.55768585205078,-37.557716369628906,-37.557743072509766,-37.55776596069336,-37.55778503417969,-37.557804107666016,-37.55781936645508,-37.557838439941406,-37.55785369873047,-37.55786895751953,-37.557884216308594,-37.557899475097656,-37.55791091918945,-37.557926177978516,-37.55793762207031,-37.557945251464844,-37.55795669555664,-37.55796432495117,-37.5579719543457,-37.557979583740234,-37.557987213134766,-37.55799102783203,-37.55799865722656,-37.558006286621094,-37.558013916015625,-37.55802536010742,-37.55803298950195,-37.558040618896484,-37.55805206298828,-37.55805969238281,-37.55807113647461,-37.55807876586914,-37.55808639526367,-37.5580940246582,-37.55810546875,-37.55811309814453,-37.5581169128418,-37.55812454223633,-37.55813217163086,-37.55813980102539,-37.558143615722656,-37.55815124511719,-37.55815505981445,-37.558162689208984,-37.55816650390625,-37.55817413330078,-37.55817794799805,-37.55818176269531
-26.702383041381836,-26.88337516784668,-27.058034896850586,-27.234338760375977,-27.41607093811035,-27.60186767578125,-27.790822982788086,-27.986164093017578,-28.18798065185547,-28.392459869384766,-28.599674224853516,-28.811180114746094,-29.02398109436035,-29.234827041625977,-29.444869995117188,-29.65374183654785,-29.858211517333984,-30.059282302856445,-30.257612228393555,-30.450763702392578,-30.639799118041992,-30.8262882232666,-31.00861358642578,-31.188430786132812,-31.366029739379883,-31.53957176208496,-31.710277557373047,-31.876541137695312,-32.037715911865234,-32.194332122802734,-32.34470748901367,-32.49018096923828,-32.63013458251953,-32.765533447265625,-32.89708709716797,-33.024898529052734,-33.149932861328125,-33.2712516784668,-33.38908386230469,-33.501670837402344,-33.608707427978516,-33.708553314208984,-33.80138397216797,-33.88673782348633,-33.96589660644531,-34.03941345214844,-34.108856201171875,-34.1746826171875,-34.23771286010742,-34.29792022705078,-34.35546112060547,-34.39886474609375,-34.496150970458984,-34.55634689331055,-34.611915588378906,-34.67933654785156,-34.74601364135742,-34.805824279785156,-34.863006591796875,-34.922115325927734,-34.98216247558594,-35.0395393371582,-35.09299850463867,-35.14500045776367,-35.19795227050781,-35.251495361328125,-35.30410385131836,-35.355262756347656,-35.405582427978516,-35.455379486083984,-35.504032135009766,-35.551109313964844,-35.597225189208984,-35.643192291259766,-35.68878936767578,-35.732975006103516,-35.775169372558594,-35.815826416015625,-35.855506896972656,-35.89405059814453,-35.93098449707031,-35.96629333496094,-36.00028610229492,-36.03291320800781,-36.06382751464844,-36.09300994873047,-36.12083435058594,-36.147457122802734,-36.17266845703125,-36.196380615234375,-36.218849182128906,-36.24028015136719,-36.260616302490234,-36.279876708984375,-36.29830551147461,-36.31607437133789,-36.333133697509766,-36.30390930175781,-36.37825393676758,-36.39411544799805,-36.399356842041016,-36.42975997924805,-36.467655181884766,-36.495853424072266,-36.5124397277832,-36.52863693237305,-36.55195617675781,-36.57915496826172,-36.60389709472656,-36.62379455566406,-36.641815185546875,-36.6623420715332,-36.68611145019531,-36.710079193115234,-36.731239318847656,-36.749755859375,-36.76841354370117,-36.78932189941406,-36.811824798583984,-36.833675384521484,-36.85352325439453,-36.87213897705078,-36.891204833984375,-36.911338806152344,-36.931644439697266,-36.951026916503906,-36.969459533691406,-36.98785400390625,-37.00678253173828,-37.02582550048828,-37.04419708251953,-37.06172561645508,-37.07898712158203,-37.096519470214844,-37.114158630371094,-37.131317138671875,-37.14774703979492,-37.16376495361328,-37.179718017578125,-37.19553756713867,-37.210872650146484,-37.22561264038086,-37.23997497558594,-37.254150390625,-37.268028259277344,-37.28135681152344,-37.29410934448242,-37.30647659301758,-37.31856918334961,-37.33026123046875,-37.34141540527344,-37.352054595947266,-37.36229705810547,-37.37216567993164,-37.381561279296875,-37.39044189453125,-37.39889144897461,-37.40696716308594,-37.414634704589844,-37.42183303833008,-37.428585052490234,-37.43497085571289,-37.44100570678711,-37.44664764404297,-37.45189666748047,-37.456809997558594,-37.46141052246094,-37.4656867980957,-37.469642639160156,-37.47330856323242,-37.47673034667969,-37.47990036010742,-37.48281478881836,-37.485504150390625,-37.487998962402344,-37.49030685424805,-37.492431640625,-37.494388580322266,-37.4962043762207,-37.49788284301758,-37.49943161010742,-37.500858306884766,-37.5021858215332,-37.503421783447266,-37.50456619262695,-37.50562286376953,-37.506614685058594,-37.507537841796875,-37.50839614868164,-37.50919723510742,-37.50994873046875,-37.510650634765625,-37.51130676269531,-37.51192092895508,-37.51250076293945,-37.51304244995117,-37.513545989990234,-37.51401901245117,-37.51446533203125,-37.5148811340332,-37.5152702331543,-37.51563262939453,-37.51597213745117,-37.51628875732422,-37.51658630371094,-37.51686096191406,-37.51711654663086,-37.51735305786133,-37.517574310302734,-37.51777648925781,-37.517967224121094,-37.51814270019531,-37.518306732177734,-37.51845932006836,-37.51860046386719,-37.51873016357422,-37.51885223388672,-37.51896667480469,-37.51906967163086,-37.519168853759766,-37.51926040649414,-37.51934814453125,-37.51942825317383,-37.51950454711914,-37.51957702636719,-37.519649505615234,-37.51971435546875,-37.519775390625,-37.51983642578125,-37.519893646240234,-37.51994705200195,-37.52000045776367,-37.520050048828125,-37.52009963989258,-37.520145416259766,-37.52019119262695,-37.52023696899414,-37.52027893066406,-37.520320892333984,-37.52035903930664,-37.5203971862793,-37.52043533325195,-37.52047348022461,-37.5205078125,-37.52054214477539,-37.52057647705078,-37.520606994628906,-37.52063751220703,-37.520668029785156,-37.52069854736328,-37.52072525024414,-37.520755767822266,-37.520782470703125,-37.52080535888672,-37.52083206176758,-37.52085494995117,-37.520877838134766,-37.52090072631836,-37.52092361450195,-37.52094650268555,-37.520965576171875,-37.52098846435547,-37.5210075378418,-37.521026611328125,-37.52104187011719,-37.521060943603516,-37.521080017089844,-37.521095275878906,-37.52111053466797,-37.52112579345703,-37.521141052246094,-37.521156311035156,-37.52117156982422,-37.521183013916016,-37.52119827270508,-37.521209716796875,-37.52122116088867,-37.52123260498047,-37.521244049072266,-37.52125549316406,-37.52126693725586,-37.521278381347656,-37.52128601074219,-37.521297454833984,-37.521305084228516,-37.52131652832031,-37.521324157714844,-37.521331787109375,-37.521339416503906,-37.52134704589844,-37.52135467529297,-37.5213623046875,-37.52136993408203,-37.52137756347656,-37.52138137817383,-37.52138900756836,-37.52139663696289,-37.521400451660156,-37.52140426635742,-37.52141189575195,-37.52141571044922,-37.521419525146484
-26.38196563720703,-26.52731704711914,-26.672571182250977,-26.8138427734375,-26.948671340942383,-27.075803756713867,-27.193920135498047,-27.30234718322754,-27.402236938476562,-27.497034072875977,-27.59113121032715,-27.687456130981445,-27.786535263061523,-27.887128829956055,-27.98723030090332,-28.085105895996094,-28.18048858642578,-28.275169372558594,-28.371566772460938,-28.470508575439453,-28.57079315185547,-28.670270919799805,-28.76727867126465,-28.861875534057617,-28.956241607666016,-29.053451538085938,-29.155460357666016,-29.26253318786621,-29.374649047851562,-29.493013381958008,-29.619674682617188,-29.755718231201172,-29.900510787963867,-30.052677154541016,-30.21172332763672,-30.378599166870117,-30.553987503051758,-30.736202239990234,-30.921993255615234,-31.108781814575195,-31.294597625732422,-31.476404190063477,-31.650632858276367,-31.81598663330078,-31.973569869995117,-32.123497009277344,-32.2652473449707,-32.400081634521484,-32.52943420410156,-32.6529541015625,-32.770545959472656,-32.88307571411133,-32.99029541015625,-33.09145736694336,-33.18671798706055,-33.27579879760742,-33.35756301879883,-33.43179702758789,-33.49891662597656,-33.558990478515625,-33.61259078979492,-33.660797119140625,-33.70414352416992,-33.743133544921875,-33.778690338134766,-33.811363220214844,-33.85285186767578,-33.93210220336914,-33.97660446166992,-34.025306701660156,-34.08401107788086,-34.13667297363281,-34.18044662475586,-34.22388458251953,-34.2714729309082,-34.31945037841797,-34.363826751708984,-34.405967712402344,-34.449951171875,-34.49607467651367,-34.54095458984375,-34.582584381103516,-34.62302017211914,-34.665252685546875,-34.7090950012207,-34.75215530395508,-34.79353332519531,-34.83476257324219,-34.87711715698242,-34.919830322265625,-34.96173095703125,-35.00320816040039,-35.04536437988281,-35.088008880615234,-35.12995529174805,-35.17094802856445,-35.21192932128906,-35.25330352783203,-35.29429626464844,-35.33427429199219,-35.37358856201172,-35.412628173828125,-35.45099639892578,-35.48823547363281,-35.524566650390625,-35.560245513916016,-35.59492874145508,-35.628196716308594,-35.66019058227539,-35.691131591796875,-35.720802307128906,-35.7489013671875,-35.77552032470703,-35.80078125,-35.824520111083984,-35.84661865234375,-35.86724090576172,-35.8864860534668,-35.90424728393555,-35.920555114746094,-35.93560791015625,-35.94951629638672,-35.962276458740234,-35.974002838134766,-35.94718933105469,-36.01128005981445,-36.021728515625,-36.02195739746094,-36.045677185058594,-36.07609939575195,-36.09636306762695,-36.10468673706055,-36.112003326416016,-36.12639236450195,-36.1453857421875,-36.16220474243164,-36.173091888427734,-36.18009567260742,-36.1881217956543,-36.19955062866211,-36.21256637573242,-36.223876953125,-36.23198699951172,-36.23834991455078,-36.24551773071289,-36.25450134277344,-36.264102935791016,-36.27250289916992,-36.27910614013672,-36.28494644165039,-36.291404724121094,-36.298763275146484,-36.30610656738281,-36.312469482421875,-36.31782913208008,-36.322998046875,-36.328651428222656,-36.33464050292969,-36.34028625488281,-36.34522247314453,-36.349735260009766,-36.35438919067383,-36.35934829711914,-36.36429214477539,-36.36885070800781,-36.373046875,-36.377201080322266,-36.38153076171875,-36.385902404785156,-36.39006805419922,-36.39396667480469,-36.39777374267578,-36.401649475097656,-36.405540466308594,-36.4093017578125,-36.412879943847656,-36.416378021240234,-36.419898986816406,-36.42341995239258,-36.42684555053711,-36.430152893066406,-36.43339538574219,-36.4366340637207,-36.43985366821289,-36.442996978759766,-36.446048736572266,-36.44904327392578,-36.4520149230957,-36.4549446105957,-36.457801818847656,-36.46058654785156,-36.46331787109375,-36.46601104736328,-36.468650817871094,-36.47122573852539,-36.47373962402344,-36.476200103759766,-36.47861862182617,-36.48098373413086,-36.4832878112793,-36.48553466796875,-36.487735748291016,-36.48988723754883,-36.49198532104492,-36.4940299987793,-36.49602127075195,-36.49796676635742,-36.49986267089844,-36.501712799072266,-36.503509521484375,-36.50526428222656,-36.50697326660156,-36.508636474609375,-36.510257720947266,-36.51183319091797,-36.51336669921875,-36.514862060546875,-36.51631546020508,-36.51772689819336,-36.519100189208984,-36.52043914794922,-36.5217399597168,-36.52300262451172,-36.524234771728516,-36.52543258666992,-36.52659606933594,-36.52772903442383,-36.52882766723633,-36.52989959716797,-36.530941009521484,-36.53195571899414,-36.53294372558594,-36.533905029296875,-36.53483963012695,-36.5357551574707,-36.536643981933594,-36.53750991821289,-36.53835678100586,-36.5391845703125,-36.53998947143555,-36.54077911376953,-36.54155349731445,-36.54231262207031,-36.54305648803711,-36.543785095214844,-36.54450225830078,-36.54521179199219,-36.54590606689453,-36.54659652709961,-36.547279357910156,-36.54795455932617,-36.548622131347656,-36.54928970336914,-36.549957275390625,-36.550621032714844,-36.55128860473633,-36.55195617675781,-36.55263137817383,-36.55331039428711,-36.55400085449219,-36.5546989440918,-36.5554084777832,-36.55613327026367,-36.55687713623047,-36.55764389038086,-36.55842971801758,-36.55924606323242,-36.560089111328125,-36.560970306396484,-36.5618896484375,-36.56285095214844,-36.563865661621094,-36.56493377685547,-36.56606674194336,-36.56726837158203,-36.56855010986328,-36.569915771484375,-36.57138442993164,-36.572959899902344,-36.57465362548828,-36.576480865478516,-36.578453063964844,-36.58058166503906,-36.5828742980957,-36.585350036621094,-36.588008880615234,-36.590858459472656,-36.59389114379883,-36.59709930419922,-36.60047149658203,-36.603973388671875,-36.607574462890625,-36.61122512817383,-36.6148681640625,-36.618446350097656,-36.621891021728516,-36.6251335144043,-36.62811279296875,-36.630775451660156,-36.63307571411133,-36.63500213623047,-36.636558532714844,-36.63777542114258,-36.63871383666992,-36.63945007324219,-36.640071868896484,-36.64064407348633,-36.64121627807617,-36.641815185546875,-36.64242935180664,-36.643043518066406,-36.64362335205078,-36.64413833618164,-36.644554138183594,-36.644859313964844,-36.645042419433594,-36.64511489868164,-36.645103454589844,-36.64503860473633,-36.64495086669922,-36.64488220214844,-36.64484405517578,-36.644859313964844,-36.644920349121094,-36.645023345947266,-36.6451530456543,-36.645286560058594,-36.64542007446289,-36.64553451538086,-36.6456298828125,-36.64570236206055,-36.645755767822266,-36.64580154418945,-36.64584732055664,-36.64588928222656,-36.64594268798828,-36.645999908447266,-36.64606857299805,-36.64613723754883,-36.64620590209961,-36.64627456665039,-36.64633560180664,-36.646385192871094,-36.646427154541016,-36.646461486816406,-36.646488189697266,-36.646507263183594,-36.646522521972656,-36.64653778076172,-36.64655303955078,-36.646568298339844,-36.646583557128906,-36.64659881591797,-36.64661407470703,-36.64662551879883,-36.646636962890625,-36.64664840698242,-36.64665603637695,-36.646663665771484,-36.64666748046875,-36.646671295166016,-36.64667510986328,-36.64668273925781,-36.64668655395508,-36.646690368652344,-36.64669418334961
-26.134593963623047,-26.23874855041504,-26.335683822631836,-26.423931121826172,-26.50373077392578,-26.576763153076172,-26.64460563659668,-26.708984375,-26.771617889404297,-26.83380889892578,-26.896251678466797,-26.9591007232666,-27.02219581604004,-27.085237503051758,-27.147924423217773,-27.21002960205078,-27.271413803100586,-27.33204460144043,-27.39199447631836,-27.451444625854492,-27.51068687438965,-27.570171356201172,-27.63056182861328,-27.692724227905273,-27.757566452026367,-27.825870513916016,-27.89820671081543,-27.974895477294922,-28.055992126464844,-28.141300201416016,-28.230426788330078,-28.32286834716797,-28.418121337890625,-28.515743255615234,-28.61536979675293,-28.716732025146484,-28.81965446472168,-28.92406463623047,-29.03000831604004,-29.13772201538086,-29.247665405273438,-29.360469818115234,-29.47686767578125,-29.597537994384766,-29.722957611083984,-29.853321075439453,-29.988540649414062,-30.128292083740234,-30.27206802368164,-30.419239044189453,-30.569156646728516,-30.72128677368164,-30.875200271606445,-31.030216217041016,-31.185136795043945,-31.338476181030273,-31.48891258239746,-31.635644912719727,-31.778600692749023,-31.918434143066406,-32.05607223510742,-32.19200134277344,-32.32590866088867,-32.45684051513672,-32.5836067199707,-32.70515060424805,-32.82084274291992,-32.930381774902344,-33.03349685668945,-33.129913330078125,-33.21942138671875,-33.30195236206055,-33.37772750854492,-33.44717788696289,-33.510650634765625,-33.56821823120117,-33.61977005004883,-33.665401458740234,-33.70563507080078,-33.7410888671875,-33.77196502685547,-33.79803466796875,-33.81917190551758,-33.84669494628906,-33.89627456665039,-33.92790222167969,-33.951725006103516,-33.97972869873047,-34.00795364379883,-34.03223419189453,-34.05359649658203,-34.07596206665039,-34.10080337524414,-34.12657928466797,-34.15141296386719,-34.174842834472656,-34.19769287109375,-34.22077178955078,-34.24409103393555,-34.26718521118164,-34.289756774902344,-34.31198501586914,-34.33430862426758,-34.357059478759766,-34.38016891479492,-34.40324020385742,-34.425899505615234,-34.44807434082031,-34.46995544433594,-34.49171829223633,-34.51327896118164,-34.534385681152344,-34.554927825927734,-34.57505798339844,-34.59501647949219,-34.61484146118164,-34.63432693481445,-34.65327072143555,-34.67170333862305,-34.68977355957031,-34.70753479003906,-34.7248649597168,-34.74164581298828,-34.7579231262207,-34.77383041381836,-34.78939437866211,-34.80451965332031,-34.81914520263672,-34.83331298828125,-34.84710693359375,-34.86052322387695,-34.87350845336914,-34.88603973388672,-34.89814376831055,-34.90984344482422,-34.921119689941406,-34.93194580078125,-34.942325592041016,-34.952274322509766,-34.96180725097656,-34.97093200683594,-34.97965621948242,-34.98798751831055,-34.99594497680664,-35.0035400390625,-34.99502182006836,-35.021854400634766,-35.02823257446289,-35.03063201904297,-35.041622161865234,-35.05472946166992,-35.06383514404297,-35.0684928894043,-35.072837829589844,-35.07965087890625,-35.08777618408203,-35.09477996826172,-35.09961700439453,-35.103328704833984,-35.10765838623047,-35.11318588256836,-35.11906051635742,-35.12416458129883,-35.12824249267578,-35.13201141357422,-35.13630676269531,-35.141258239746094,-35.14634704589844,-35.15105438232422,-35.155372619628906,-35.15971374511719,-35.164424896240234,-35.16947555541992,-35.17457962036133,-35.17957305908203,-35.1845703125,-35.18979263305664,-35.1953239440918,-35.20106506347656,-35.206878662109375,-35.2127571105957,-35.218814849853516,-35.22513961791992,-35.23170852661133,-35.238441467285156,-35.245296478271484,-35.2523078918457,-35.25952911376953,-35.2669677734375,-35.27458953857422,-35.28237533569336,-35.29031753540039,-35.298439025878906,-35.306739807128906,-35.31520462036133,-35.32381820678711,-35.332576751708984,-35.34149169921875,-35.35056686401367,-35.35980224609375,-35.36919403076172,-35.37874984741211,-35.38848876953125,-35.39842224121094,-35.4085693359375,-35.4189453125,-35.42955780029297,-35.440433502197266,-35.451595306396484,-35.46305847167969,-35.474849700927734,-35.48698425292969,-35.49948501586914,-35.51237106323242,-35.52566146850586,-35.53937530517578,-35.55352020263672,-35.568111419677734,-35.58315658569336,-35.59866714477539,-35.6146354675293,-35.63106155395508,-35.64794158935547,-35.66527557373047,-35.683040618896484,-35.70123291015625,-35.719825744628906,-35.738807678222656,-35.75815200805664,-35.777835845947266,-35.79783248901367,-35.8181037902832,-35.838626861572266,-35.85935592651367,-35.88025665283203,-35.90128707885742,-35.92239761352539,-35.94354248046875,-35.96467208862305,-35.98573303222656,-36.00666809082031,-36.02742385864258,-36.047943115234375,-36.06815719604492,-36.088016510009766,-36.10745620727539,-36.12641525268555,-36.144840240478516,-36.16267013549805,-36.17985534667969,-36.19634246826172,-36.21208953857422,-36.22705078125,-36.24119567871094,-36.254493713378906,-36.26692199707031,-36.27846908569336,-36.28912353515625,-36.29888916015625,-36.307777404785156,-36.315799713134766,-36.32298278808594,-36.32936096191406,-36.33497619628906,-36.339866638183594,-36.34408950805664,-36.34769821166992,-36.350746154785156,-36.35329055786133,-36.35539627075195,-36.357120513916016,-36.35851287841797,-36.3596305847168,-36.36052322387695,-36.36123275756836,-36.36179733276367,-36.36225128173828,-36.36262130737305,-36.36293411254883,-36.36320495605469,-36.36344909667969,-36.363677978515625,-36.3638916015625,-36.36410140991211,-36.36430740356445,-36.36450958251953,-36.36470413208008,-36.364891052246094,-36.36507034301758,-36.365238189697266,-36.365394592285156,-36.365535736083984,-36.365665435791016,-36.36577606201172,-36.36587142944336,-36.3659553527832,-36.366024017333984,-36.36608123779297,-36.36613082885742,-36.36616897583008,-36.3661994934082,-36.36622619628906,-36.36624526977539,-36.36626434326172,-36.36627960205078,-36.366294860839844,-36.366310119628906,-36.366329193115234,-36.3663444519043,-36.36635971069336,-36.36637878417969,-36.36639404296875,-36.36641311645508,-36.36642837524414,-36.36644744873047,-36.36646270751953,-36.366477966308594,-36.366493225097656,-36.36650848388672,-36.366519927978516,-36.36652755737305,-36.366539001464844,-36.366546630859375,-36.366554260253906,-36.36655807495117,-36.36656188964844,-36.3665657043457,-36.36656951904297,-36.36656951904297
-27.95480728149414,-28.074703216552734,-28.193239212036133,-28.310428619384766,-28.42618751525879,-28.540573120117188,-28.653717041015625,-28.76589012145996,-28.87734031677246,-28.988054275512695,-29.097553253173828,-29.20490074157715,-29.309301376342773,-29.41155242919922,-29.514387130737305,-29.61995506286621,-29.728593826293945,-29.83929443359375,-29.950180053710938,-30.059070587158203,-30.164531707763672,-30.26723289489746,-30.369474411010742,-30.47222328186035,-30.573932647705078,-30.671937942504883,-30.76463508605957,-30.853235244750977,-30.940515518188477,-31.027313232421875,-31.111961364746094,-31.19280433654785,-31.27057456970215,-31.347169876098633,-31.422462463378906,-31.494474411010742,-31.562421798706055,-31.628145217895508,-31.69314956665039,-31.75658416748047,-31.81747055053711,-31.877059936523438,-31.9371395111084,-31.997350692749023,-32.056793212890625,-32.11639404296875,-32.17711639404297,-32.237979888916016,-32.298362731933594,-32.35935592651367,-32.42105484008789,-32.482364654541016,-32.5435905456543,-32.605194091796875,-32.6661376953125,-32.72626876831055,-32.786190032958984,-32.845096588134766,-32.90278244018555,-32.959774017333984,-33.01540756225586,-33.06983184814453,-33.123497009277344,-33.17586898803711,-33.22742462158203,-33.27827835083008,-33.32830810546875,-33.378177642822266,-33.4277458190918,-33.47746658325195,-33.52765655517578,-33.57837677001953,-33.63009262084961,-33.682586669921875,-33.73613357543945,-33.79047775268555,-33.845680236816406,-33.901493072509766,-33.957759857177734,-34.01427459716797,-34.0708122253418,-34.12712478637695,-34.18293380737305,-34.23792266845703,-34.29179382324219,-34.344207763671875,-34.39500045776367,-34.443912506103516,-34.49091720581055,-34.53589630126953,-34.57893371582031,-34.62004089355469,-34.659263610839844,-34.69672393798828,-34.732460021972656,-34.766632080078125,-34.799339294433594,-34.83071517944336,-34.86091995239258,-34.890052795410156,-34.918243408203125,-34.913333892822266,-35.00205993652344,-35.0332145690918,-35.05661392211914,-35.103267669677734,-35.15437316894531,-35.19280242919922,-35.21860885620117,-35.244239807128906,-35.27711868286133,-35.31357955932617,-35.34638595581055,-35.372432708740234,-35.394840240478516,-35.41860580444336,-35.44517517089844,-35.472068786621094,-35.49619674682617,-35.5169677734375,-35.536476135253906,-35.55686569213867,-35.578125,-35.598594665527344,-35.61705017089844,-35.63395690917969,-35.65077209472656,-35.66822052001953,-35.685691833496094,-35.70217514038086,-35.71746826171875,-35.73231506347656,-35.74739456176758,-35.762550354003906,-35.77710723876953,-35.7907600402832,-35.80392837524414,-35.817134857177734,-35.83037185668945,-35.84315490722656,-35.855194091796875,-35.86675262451172,-35.87826919555664,-35.88982009887695,-35.901084899902344,-35.911827087402344,-35.922183990478516,-35.93243408203125,-35.9426155090332,-35.95253372192383,-35.962066650390625,-35.971309661865234,-35.98039627075195,-35.98931121826172,-35.95903396606445,-36.01655578613281,-36.02378845214844,-36.02152633666992,-36.042144775390625,-36.06938171386719,-36.08689880371094,-36.093143463134766,-36.09892654418945,-36.11206817626953,-36.13002014160156,-36.14609146118164,-36.15656661987305,-36.16347885131836,-36.17163848876953,-36.183204650878906,-36.19622802734375,-36.207427978515625,-36.21546936035156,-36.22191619873047,-36.22930145263672,-36.23844909667969,-36.24802780151367,-36.256248474121094,-36.2627067565918,-36.26860046386719,-36.2752799987793,-36.28284454345703,-36.2902717590332,-36.29665756225586,-36.302154541015625,-36.307655334472656,-36.313743591308594,-36.32011795043945,-36.326087951660156,-36.331398010253906,-36.33645248413086,-36.341773986816406,-36.347381591796875,-36.35287094116211,-36.357940673828125,-36.36271667480469,-36.36753845214844,-36.37251663208008,-36.37742614746094,-36.38203430175781,-36.38637161254883,-36.39066696166992,-36.39501190185547,-36.3992805480957,-36.403324127197266,-36.40717315673828,-36.41096496582031,-36.41476058959961,-36.41848373413086,-36.42203903198242,-36.42545700073242,-36.4288330078125,-36.43218994140625,-36.43545913696289,-36.438602447509766,-36.441650390625,-36.44465637207031,-36.4476203918457,-36.450496673583984,-36.453269958496094,-36.45597457885742,-36.458641052246094,-36.46125030517578,-36.463775634765625,-36.46622848510742,-36.468624114990234,-36.470977783203125,-36.473270416259766,-36.475486755371094,-36.47764587402344,-36.47976303100586,-36.48182678222656,-36.48383331298828,-36.485782623291016,-36.48768615722656,-36.48954772949219,-36.49135971069336,-36.49311828613281,-36.494834899902344,-36.49650955200195,-36.49814224243164,-36.499725341796875,-36.50126647949219,-36.50276565551758,-36.50423049926758,-36.50564956665039,-36.50703048706055,-36.50837326049805,-36.509681701660156,-36.51095199584961,-36.51218795776367,-36.513389587402344,-36.514556884765625,-36.515689849853516,-36.51679229736328,-36.51786422729492,-36.51890182495117,-36.51991271972656,-36.52089309692383,-36.52184295654297,-36.52276611328125,-36.52366256713867,-36.524532318115234,-36.52537536621094,-36.52619171142578,-36.52698516845703,-36.52775192260742,-36.528499603271484,-36.52922058105469,-36.5299186706543,-36.53059768676758,-36.531253814697266,-36.53188705444336,-36.532501220703125,-36.53309631347656,-36.53367233276367,-36.53423309326172,-36.53477096557617,-36.53529357910156,-36.535797119140625,-36.536285400390625,-36.5367546081543,-36.53721237182617,-36.53765106201172,-36.53807830810547,-36.538490295410156,-36.53888702392578,-36.539268493652344,-36.53963851928711,-36.53999710083008,-36.540340423583984,-36.540672302246094,-36.540992736816406,-36.54130554199219,-36.541603088378906,-36.54188919067383,-36.54216766357422,-36.54243469238281,-36.542694091796875,-36.54294204711914,-36.543182373046875,-36.54341125488281,-36.54363250732422,-36.54384994506836,-36.5440559387207,-36.544254302978516,-36.5444450378418,-36.54462814331055,-36.544803619384766,-36.54497528076172,-36.545135498046875,-36.54529571533203,-36.54544448852539,-36.54559326171875,-36.54573059082031,-36.54586410522461,-36.54599380493164,-36.546119689941406,-36.54623794555664,-36.54635238647461,-36.54646301269531,-36.54656982421875,-36.546669006347656,-36.54676818847656,-36.5468635559082,-36.54695129394531,-36.54703903198242,-36.547122955322266,-36.54719924926758,-36.54727554321289,-36.5473518371582,-36.547420501708984,-36.547489166259766,-36.54755401611328,-36.54761505126953,-36.54767608642578,-36.5477294921875,-36.547786712646484,-36.5478401184082,-36.547889709472656,-36.547935485839844,-36.5479850769043,-36.54802703857422,-36.54806900024414,-36.54811096191406,-36.54814910888672,-36.548187255859375,-36.54822540283203,-36.54825973510742,-36.54829025268555,-36.54832458496094,-36.54835510253906,-36.54838180541992,-36.54841232299805,-36.548439025878906,-36.5484619140625,-36.54848861694336,-36.54851150512695,-36.54853439331055,-36.548553466796875,-36.54857635498047,-36.5485954284668,-36.548614501953125,-36.54863357543945,-36.548648834228516,-36.548667907714844,-36.548683166503906,-36.54869842529297,-36.54871368408203,-36.548728942871094,-36.54874038696289,-36.54875564575195,-36.54876708984375,-36.54877853393555,-36.548789978027344,-36.54880142211914,-36.54881286621094,-36.548824310302734,-36.548831939697266,-36.54884338378906,-36.548851013183594,-36.548858642578125,-36.54887008666992,-36.54887771606445,-36.548885345458984,-36.548892974853516,-36.54889678955078,-36.54890441894531,-36.548912048339844,-36.548919677734375,-36.54892349243164,-36.54893112182617,-36.54893493652344,-36.54894256591797,-36.548946380615234,-36.5489501953125,-36.54895782470703,-36.5489616394043
-26.276460647583008,-26.408000946044922,-26.529455184936523,-26.64371109008789,-26.754261016845703,-26.863468170166016,-26.972187042236328,-27.080101013183594,-27.18651580810547,-27.29084014892578,-27.39284896850586,-27.492919921875,-27.592084884643555,-27.69152069091797,-27.79190444946289,-27.893470764160156,-27.996713638305664,-28.102989196777344,-28.213970184326172,-28.33045768737793,-28.452228546142578,-28.57891082763672,-28.711200714111328,-28.850465774536133,-28.996639251708984,-29.149003982543945,-29.30855941772461,-29.47625732421875,-29.650894165039062,-29.831937789916992,-30.020273208618164,-30.213560104370117,-30.410154342651367,-30.60910415649414,-30.80675506591797,-31.002450942993164,-31.19430923461914,-31.381786346435547,-31.565900802612305,-31.74641990661621,-31.924795150756836,-32.09942626953125,-32.27004623413086,-32.433494567871094,-32.58797836303711,-32.72983932495117,-32.85770034790039,-32.97067642211914,-33.07010269165039,-33.157997131347656,-33.235660552978516,-33.30442428588867,-33.363922119140625,-33.4146614074707,-33.45708084106445,-33.49236297607422,-33.52273941040039,-33.55012130737305,-33.583595275878906,-33.659358978271484,-33.70360565185547,-33.749916076660156,-33.79710388183594,-33.838035583496094,-33.87649154663086,-33.91672897338867,-33.957950592041016,-33.997047424316406,-34.03303909301758,-34.06843185424805,-34.10530471801758,-34.14267349243164,-34.178977966308594,-34.214054107666016,-34.24843978881836,-34.28226089477539,-34.315452575683594,-34.348716735839844,-34.383052825927734,-34.41828536987305,-34.453121185302734,-34.486820220947266,-34.520050048828125,-34.5538330078125,-34.588218688964844,-34.62261962890625,-34.6568717956543,-34.69123458862305,-34.725711822509766,-34.760093688964844,-34.794525146484375,-34.8293571472168,-34.864505767822266,-34.899539947509766,-34.9343376159668,-34.96916961669922,-35.0041618347168,-35.03913497924805,-35.07400894165039,-35.10887145996094,-35.14369201660156,-35.17833709716797,-35.212833404541016,-35.24729537963867,-35.281700134277344,-35.315956115722656,-35.35013198852539,-35.38429260253906,-35.418338775634766,-35.452171325683594,-35.48579406738281,-35.51917266845703,-35.55218505859375,-35.58474349975586,-35.61676025390625,-35.648075103759766,-35.67851257324219,-35.70797348022461,-35.736351013183594,-35.76349639892578,-35.789302825927734,-35.813716888427734,-35.83669662475586,-35.858253479003906,-35.87848663330078,-35.897499084472656,-35.91542434692383,-35.93245315551758,-35.94878387451172,-35.9645881652832,-35.98002243041992,-35.995201110839844,-36.010169982910156,-36.02495574951172,-36.0395393371582,-36.026588439941406,-36.081382751464844,-36.09483337402344,-36.100399017333984,-36.12190628051758,-36.148319244384766,-36.167945861816406,-36.17958450317383,-36.19059753417969,-36.206302642822266,-36.225196838378906,-36.242881774902344,-36.2571907043457,-36.269554138183594,-36.28251266479492,-36.29692840576172,-36.311824798583984,-36.32582473754883,-36.33869552612305,-36.35127639770508,-36.3641471862793,-36.377079010009766,-36.38978576660156,-36.402442932128906,-36.41537094116211,-36.42852783203125,-36.441402435302734,-36.453670501708984,-36.465721130371094,-36.478267669677734,-36.49147415161133,-36.50489044189453,-36.5180778503418,-36.53110885620117,-36.544307708740234,-36.55779266357422,-36.57141876220703,-36.58515167236328,-36.59912109375,-36.61334991455078,-36.62763214111328,-36.641841888427734,-36.6561279296875,-36.67068099975586,-36.68543243408203,-36.70017623901367,-36.714847564697266,-36.729515075683594,-36.74419021606445,-36.7588005065918,-36.7733268737793,-36.78779220581055,-36.80215072631836,-36.81630325317383,-36.83024597167969,-36.84403610229492,-36.857662200927734,-36.871055603027344,-36.884185791015625,-36.897090911865234,-36.90977096557617,-36.92219924926758,-36.93439865112305,-36.94639205932617,-36.95816421508789,-36.969703674316406,-36.981040954589844,-36.992210388183594,-37.00321578979492,-37.01404571533203,-37.024723052978516,-37.03526306152344,-37.04566192626953,-37.055931091308594,-37.066078186035156,-37.07609558105469,-37.085968017578125,-37.09569549560547,-37.10527038574219,-37.11467742919922,-37.12389373779297,-37.13290786743164,-37.14169692993164,-37.150230407714844,-37.15849304199219,-37.166465759277344,-37.17412567138672,-37.18144607543945,-37.18841552734375,-37.19501495361328,-37.20124053955078,-37.20707702636719,-37.212520599365234,-37.21757507324219,-37.22224044799805,-37.226524353027344,-37.230438232421875,-37.2339973449707,-37.23721694946289,-37.24011993408203,-37.24272155761719,-37.24504852294922,-37.24712371826172,-37.24897003173828,-37.2506103515625,-37.25206756591797,-37.25336456298828,-37.25452423095703,-37.25555419921875,-37.2564811706543,-37.25731658935547,-37.25807571411133,-37.25876235961914,-37.25939178466797,-37.25996780395508,-37.260498046875,-37.260982513427734,-37.26143264770508,-37.26184844970703,-37.26222610473633,-37.2625732421875,-37.26288986206055,-37.263179779052734,-37.2634391784668,-37.263671875,-37.263877868652344,-37.264060974121094,-37.26422119140625,-37.26435852050781,-37.26447677612305,-37.26457977294922,-37.26466369628906,-37.26473617553711,-37.26479721069336,-37.26485061645508,-37.264892578125,-37.26492691040039,-37.264957427978516,-37.264984130859375,-37.26500701904297,-37.26502990722656,-37.26504898071289,-37.265071868896484,-37.26509094238281,-37.26511001586914,-37.26512908935547,-37.26515197753906,-37.26517105102539,-37.265193939208984,-37.26521301269531,-37.265235900878906,-37.2652587890625,-37.26527786254883,-37.26530075073242,-37.26531982421875,-37.265342712402344,-37.26536178588867,-37.265380859375,-37.26539611816406,-37.26541519165039,-37.26543045043945,-37.265445709228516,-37.26546096801758,-37.26547622680664,-37.26548767089844,-37.265499114990234,-37.2655143737793,-37.265525817871094,-37.265533447265625,-37.26554489135742,-37.26555633544922,-37.26556396484375,-37.26557159423828,-37.26558303833008,-37.26559066772461,-37.26559829711914,-37.26560592651367,-37.2656135559082,-37.265621185302734,-37.265625,-37.26563262939453,-37.26564025878906,-37.26564407348633,-37.26565170288086,-37.265655517578125,-37.26565933227539,-37.26566696166992,-37.26567077636719
-26.218008041381836,-26.489871978759766,-26.760662078857422,-27.025331497192383,-27.280181884765625,-27.522293090820312,-27.7495174407959,-27.960594177246094,-28.155139923095703,-28.333818435668945,-28.4986572265625,-28.652667999267578,-28.798912048339844,-28.939973831176758,-29.07762336730957,-29.212665557861328,-29.345050811767578,-29.474206924438477,-29.599384307861328,-29.719865798950195,-29.834991455078125,-29.944164276123047,-30.04694175720215,-30.143169403076172,-30.233097076416016,-30.317424774169922,-30.397245407104492,-30.473875045776367,-30.548625946044922,-30.622602462768555,-30.696605682373047,-30.771133422851562,-30.846437454223633,-30.922584533691406,-30.999492645263672,-31.076934814453125,-31.15455436706543,-31.2319278717041,-31.30864906311035,-31.384435653686523,-31.45919418334961,-31.533029556274414,-31.606197357177734,-31.67902183532715,-31.751829147338867,-31.824901580810547,-31.89846420288086,-31.972646713256836,-32.04745101928711,-32.122745513916016,-32.19830322265625,-32.27385711669922,-32.34920120239258,-32.42421340942383,-32.49879837036133,-32.57282638549805,-32.64606475830078,-32.718162536621094,-32.788673400878906,-32.85708236694336,-32.922882080078125,-32.98564147949219,-33.04513931274414,-33.1014518737793,-33.15494918823242,-33.2061767578125,-33.25572967529297,-33.30413055419922,-33.35177993774414,-33.398948669433594,-33.44583511352539,-33.49264907836914,-33.55539321899414,-33.625118255615234,-33.6827278137207,-33.74357223510742,-33.80619812011719,-33.8666877746582,-33.92604446411133,-33.98667907714844,-34.04780197143555,-34.10877227783203,-34.170135498046875,-34.23225402832031,-34.294097900390625,-34.35512161254883,-34.416622161865234,-34.47944259643555,-34.54257583618164,-34.60527801513672,-34.667938232421875,-34.73025894165039,-34.79145431518555,-34.851993560791016,-34.912315368652344,-34.971614837646484,-35.02962112426758,-35.08662796020508,-35.14207077026367,-35.19580841064453,-35.24847412109375,-35.299781799316406,-35.349491119384766,-35.39780044555664,-35.444244384765625,-35.48885726928711,-35.532005310058594,-35.5733642578125,-35.613006591796875,-35.65081024169922,-35.686492919921875,-35.72034454345703,-35.752296447753906,-35.78237533569336,-35.8106689453125,-35.83700942993164,-35.861629486083984,-35.88456726074219,-35.90593338012695,-35.92586135864258,-35.944313049316406,-35.96148681640625,-35.94831848144531,-36.00502014160156,-36.020023345947266,-36.02637481689453,-36.05023193359375,-36.07910919189453,-36.099849700927734,-36.11057662963867,-36.1197624206543,-36.13423538208008,-36.1524543762207,-36.169124603271484,-36.18107986450195,-36.189781188964844,-36.199180603027344,-36.211246490478516,-36.22452926635742,-36.23636245727539,-36.24555587768555,-36.25330352783203,-36.261653900146484,-36.27134704589844,-36.281333923339844,-36.290157318115234,-36.29745101928711,-36.30418395996094,-36.311492919921875,-36.31953048706055,-36.32748031616211,-36.3345832824707,-36.34091567993164,-36.34720993041992,-36.35398483276367,-36.361045837402344,-36.36781692504883,-36.3740348815918,-36.37998962402344,-36.38612747192383,-36.39253234863281,-36.39888381958008,-36.40488052368164,-36.410587310791016,-36.41628646850586,-36.42210388183594,-36.427879333496094,-36.433387756347656,-36.4386100769043,-36.4437255859375,-36.44883728027344,-36.453857421875,-36.458641052246094,-36.46317672729492,-36.46758270263672,-36.47193145751953,-36.476158142089844,-36.48017120361328,-36.48398208618164,-36.48767852783203,-36.49129104614258,-36.49477767944336,-36.498085021972656,-36.501243591308594,-36.50430679321289,-36.50728988647461,-36.51015090942383,-36.51287078857422,-36.51548767089844,-36.51803207397461,-36.52048873901367,-36.52284240722656,-36.525089263916016,-36.527259826660156,-36.52936553955078,-36.53139114379883,-36.53333282470703,-36.53519821166992,-36.53700256347656,-36.53874969482422,-36.54042434692383,-36.54203414916992,-36.54358673095703,-36.54509353637695,-36.54654312133789,-36.54793167114258,-36.54927062988281,-36.550567626953125,-36.551815032958984,-36.55301284790039,-36.554168701171875,-36.55527877807617,-36.55635070800781,-36.557376861572266,-36.55836486816406,-36.5593147277832,-36.56023025512695,-36.56111145019531,-36.561954498291016,-36.562767028808594,-36.56354904174805,-36.564300537109375,-36.56502151489258,-36.565711975097656,-36.56637954711914,-36.567020416259766,-36.56763458251953,-36.5682258605957,-36.56879425048828,-36.569339752197266,-36.56986618041992,-36.570369720458984,-36.570858001708984,-36.57132339477539,-36.571773529052734,-36.572208404541016,-36.57262420654297,-36.573028564453125,-36.57341766357422,-36.573795318603516,-36.574161529541016,-36.57451629638672,-36.57486343383789,-36.575199127197266,-36.575531005859375,-36.57585525512695,-36.576175689697266,-36.57649612426758,-36.576812744140625,-36.57712936401367,-36.577449798583984,-36.57777786254883,-36.57810974121094,-36.578453063964844,-36.57881164550781,-36.579185485839844,-36.57958221435547,-36.58000183105469,-36.58045196533203,-36.58094024658203,-36.58146667480469,-36.58204650878906,-36.582679748535156,-36.583377838134766,-36.58415603637695,-36.585018157958984,-36.585975646972656,-36.58704376220703,-36.58823776245117,-36.589569091796875,-36.59104919433594,-36.59269714355469,-36.59452819824219,-36.59654998779297,-36.59878158569336,-36.601226806640625,-36.60390090942383,-36.60680389404297,-36.60993576049805,-36.61329650878906,-36.61688232421875,-36.62068176269531,-36.62467956542969,-36.628868103027344,-36.63323211669922,-36.637760162353516,-36.6424446105957,-36.64727783203125,-36.652259826660156,-36.65739440917969,-36.66267395019531,-36.6680908203125,-36.67363357543945,-36.67926788330078,-36.684967041015625,-36.69070053100586,-36.696434020996094,-36.70214080810547,-36.707794189453125,-36.71337890625,-36.7188720703125,-36.72426223754883,-36.72953414916992,-36.73468017578125,-36.73968505859375,-36.74454116821289,-36.74923324584961,-36.75374984741211,-36.758079528808594,-36.76218795776367,-36.76607131958008,-36.769840240478516,-36.77345275878906,-36.776710510253906,-36.77986145019531,-36.78279113769531,-36.78546142578125,-36.78801727294922,-36.7902946472168,-36.792449951171875,-36.79438781738281,-36.796165466308594,-36.79779052734375,-36.79922866821289,-36.800559997558594,-36.80171585083008,-36.80278015136719,-36.80369567871094,-36.80452346801758,-36.805240631103516,-36.805870056152344,-36.80641555786133,-36.806880950927734,-36.80729293823242,-36.80762481689453,-36.80792236328125,-36.80815887451172,-36.80836486816406,-36.808528900146484,-36.80866622924805,-36.808773040771484,-36.80885696411133,-36.80892562866211,-36.80897521972656,-36.809017181396484,-36.80904006958008,-36.80906295776367,-36.8090705871582,-36.809078216552734,-36.80908203125,-36.809085845947266,-36.809085845947266,-36.80908203125,-36.80908203125,-36.809078216552734
-26.78215980529785,-26.965118408203125,-27.150484085083008,-27.336931228637695,-27.523387908935547,-27.70899200439453,-27.892770767211914,-28.073841094970703,-28.251628875732422,-28.425521850585938,-28.594514846801758,-28.757278442382812,-28.912517547607422,-29.059886932373047,-29.20127296447754,-29.34016990661621,-29.479211807250977,-29.619483947753906,-29.76097297668457,-29.90289878845215,-30.043848037719727,-30.181894302368164,-30.314851760864258,-30.440750122070312,-30.558582305908203,-30.66901397705078,-30.774099349975586,-30.87571144104004,-30.974220275878906,-31.06858253479004,-31.15724754333496,-31.239192962646484,-31.314769744873047,-31.385873794555664,-31.45500946044922,-31.52384376525879,-31.592559814453125,-31.66028594970703,-31.726028442382812,-31.78952980041504,-31.85148811340332,-31.912813186645508,-31.97350311279297,-32.03236389160156,-32.08778762817383,-32.13890838623047,-32.1861572265625,-32.23066329956055,-32.28480529785156,-32.3370361328125,-32.38758087158203,-32.43482208251953,-32.483314514160156,-32.53214645385742,-32.57944107055664,-32.62638473510742,-32.674537658691406,-32.72270965576172,-32.770084381103516,-32.81793212890625,-32.86688232421875,-32.91633224487305,-32.966434478759766,-33.0179443359375,-33.070316314697266,-33.1230354309082,-33.176734924316406,-33.231117248535156,-33.285335540771484,-33.33991241455078,-33.394893646240234,-33.44953918457031,-33.50421142578125,-33.558650970458984,-33.612449645996094,-33.66608428955078,-33.71906280517578,-33.77157211303711,-33.823951721191406,-33.87593460083008,-33.92792892456055,-33.979522705078125,-34.03093338012695,-34.08204650878906,-34.1326789855957,-34.18281555175781,-34.23213195800781,-34.28064727783203,-34.327903747558594,-34.37395095825195,-34.41851043701172,-34.46171569824219,-34.503273010253906,-34.54331588745117,-34.58173751831055,-34.618709564208984,-34.654178619384766,-34.68834686279297,-34.721275329589844,-34.75305938720703,-34.78380584716797,-34.81360626220703,-34.84262466430664,-34.87086868286133,-34.89846420288086,-34.925453186035156,-34.951904296875,-34.97789001464844,-35.0034294128418,-35.028594970703125,-35.05335998535156,-35.07775115966797,-35.10179138183594,-35.12543487548828,-35.14867401123047,-35.17148971557617,-35.19384002685547,-35.215721130371094,-35.237117767333984,-35.25800704956055,-35.27839279174805,-35.29827880859375,-35.317665100097656,-35.3365592956543,-35.354957580566406,-35.37286376953125,-35.3902702331543,-35.36404800415039,-35.42729187011719,-35.438724517822266,-35.441890716552734,-35.46726989746094,-35.49843978881836,-35.519615173339844,-35.53020477294922,-35.54117202758789,-35.55964660644531,-35.58266830444336,-35.60355758666992,-35.61895751953125,-35.63127517700195,-35.645145416259766,-35.662193298339844,-35.680259704589844,-35.69635009765625,-35.709686279296875,-35.72209930419922,-35.735679626464844,-35.75056076049805,-35.76522445678711,-35.778377532958984,-35.790245056152344,-35.802101135253906,-35.81468200683594,-35.827457427978516,-35.83943557739258,-35.85036087036133,-35.86091232299805,-35.871803283691406,-35.88295364379883,-35.8936882019043,-35.90361022949219,-35.913047790527344,-35.922576904296875,-35.93228530883789,-35.941741943359375,-35.950584411621094,-35.958946228027344,-35.96721267700195,-35.97550582885742,-35.983585357666016,-35.99124526977539,-35.998565673828125,-36.00576400756836,-36.012874603271484,-36.019737243652344,-36.02627944946289,-36.0326042175293,-36.03882598876953,-36.044921875,-36.05078887939453,-36.056434631347656,-36.061954498291016,-36.06740188598633,-36.07271194458008,-36.07782745361328,-36.08279800415039,-36.08769226074219,-36.09251403808594,-36.09721755981445,-36.10179901123047,-36.1063117980957,-36.110774993896484,-36.115169525146484,-36.11949157714844,-36.12377166748047,-36.128047943115234,-36.1323127746582,-36.136573791503906,-36.14085388183594,-36.145198822021484,-36.149620056152344,-36.15412521362305,-36.15874481201172,-36.16352081298828,-36.168479919433594,-36.17362976074219,-36.17899703979492,-36.18461227416992,-36.19049835205078,-36.1966667175293,-36.20313262939453,-36.20991516113281,-36.217037200927734,-36.22450256347656,-36.232322692871094,-36.24052047729492,-36.24910354614258,-36.25808334350586,-36.2674674987793,-36.27727127075195,-36.28750228881836,-36.29816818237305,-36.30926513671875,-36.32080078125,-36.33277130126953,-36.34516525268555,-36.357975006103516,-36.371192932128906,-36.38479232788086,-36.39875411987305,-36.413055419921875,-36.42766571044922,-36.44254684448242,-36.45765686035156,-36.47296142578125,-36.4884033203125,-36.50393295288086,-36.51948928833008,-36.53501510620117,-36.550445556640625,-36.56570816040039,-36.580745697021484,-36.59547805786133,-36.60984420776367,-36.62377166748047,-36.637203216552734,-36.65007400512695,-36.662330627441406,-36.673927307128906,-36.6848258972168,-36.69499969482422,-36.70442199707031,-36.71308898925781,-36.72100067138672,-36.728172302246094,-36.73462677001953,-36.740394592285156,-36.74551773071289,-36.75005340576172,-36.75404739379883,-36.75756072998047,-36.76065444946289,-36.763389587402344,-36.76581573486328,-36.76799011230469,-36.76995849609375,-36.77176284790039,-36.77342987060547,-36.774993896484375,-36.776466369628906,-36.777870178222656,-36.779212951660156,-36.780494689941406,-36.78172302246094,-36.782894134521484,-36.78400802612305,-36.785064697265625,-36.78606414794922,-36.7869987487793,-36.78787612915039,-36.788692474365234,-36.789451599121094,-36.790157318115234,-36.79081344604492,-36.79142379760742,-36.79199981689453,-36.79254150390625,-36.79305648803711,-36.79355239868164,-36.794029235839844,-36.794490814208984,-36.794944763183594,-36.79539489746094,-36.795833587646484,-36.79627227783203,-36.79670333862305,-36.7971305847168,-36.79755401611328,-36.797969818115234,-36.798377990722656,-36.79877853393555,-36.79916763305664,-36.79954528808594,-36.79991149902344,-36.800262451171875,-36.80060577392578,-36.800933837890625,-36.801246643066406,-36.801551818847656,-36.801841735839844,-36.802120208740234,-36.80238723754883,-36.802642822265625,-36.80289077758789,-36.803131103515625,-36.80335998535156,-36.80358123779297,-36.803794860839844,-36.80400085449219,-36.80419921875,-36.80438995361328,-36.8045768737793,-36.80475616455078,-36.804931640625,-36.80509948730469,-36.805259704589844,-36.805416107177734,-36.80556869506836,-36.80571365356445,-36.80585479736328,-36.80598831176758,-36.806121826171875,-36.806243896484375,-36.806365966796875,-36.80648422241211,-36.80659484863281,-36.80670166015625,-36.80680847167969,-36.806907653808594,-36.807003021240234,-36.807098388671875,-36.807186126708984,-36.807273864746094,-36.80735397338867,-36.80743408203125,-36.80751419067383,-36.807586669921875,-36.80765914916992,-36.8077278137207,-36.807796478271484,-36.807857513427734,-36.807918548583984,-36.807979583740234,-36.80803680419922,-36.80809020996094,-36.808143615722656,-36.80819320678711,-36.80824279785156,-36.80828857421875,-36.80833435058594,-36.80837631225586,-36.80841827392578,-36.80845642089844,-36.808494567871094,-36.80853271484375,-36.80856704711914,-36.80860137939453,-36.808631896972656,-36.80866241455078,-36.808692932128906,-36.808719635009766,-36.80875015258789,-36.808773040771484,-36.808799743652344,-36.80882263183594,-36.80884552001953,-36.808868408203125,-36.80889129638672,-36.80891036987305,-36.808929443359375,-36.8089485168457,-36.80896759033203,-36.808982849121094,-36.808998107910156,-36.80901336669922,-36.80902862548828,-36.809043884277344,-36.809059143066406,-36.8090705871582,-36.80908203125,-36.80909729003906,-36.80910873413086,-36.80911636352539,-36.80912780761719,-36.809139251708984,-36.809146881103516,-36.80915832519531,-36.809165954589844,-36.809173583984375,-36.809181213378906,-36.80918884277344,-36.80919647216797,-36.8092041015625,-36.80921173095703,-36.8092155456543,-36.80922317504883,-36.809226989746094,-36.809234619140625,-36.80923843383789,-36.80924606323242,-36.80924987792969,-36.80925369262695
-25.702730178833008,-25.875226974487305,-26.03350067138672,-26.17499542236328,-26.298917770385742,-26.40637969970703,-26.500112533569336,-26.58371925354004,-26.660608291625977,-26.733251571655273,-26.80315399169922,-26.87118148803711,-26.937847137451172,-27.003480911254883,-27.068315505981445,-27.13251495361328,-27.196212768554688,-27.259511947631836,-27.322507858276367,-27.385292053222656,-27.447938919067383,-27.510513305664062,-27.573074340820312,-27.63568878173828,-27.69845199584961,-27.761484146118164,-27.824951171875,-27.889041900634766,-27.953964233398438,-28.019926071166992,-28.087112426757812,-28.155656814575195,-28.225629806518555,-28.297039031982422,-28.369836807250977,-28.443960189819336,-28.519371032714844,-28.596107482910156,-28.674278259277344,-28.754003524780273,-28.83531379699707,-28.918066024780273,-29.00193214416504,-29.086469650268555,-29.17121124267578,-29.255773544311523,-29.33992576599121,-29.42359733581543,-29.50682830810547,-29.589685440063477,-29.672176361083984,-29.75421142578125,-29.83562660217285,-29.916231155395508,-29.99587059020996,-30.074443817138672,-30.151872634887695,-30.2280330657959,-30.302732467651367,-30.375749588012695,-30.446922302246094,-30.516212463378906,-30.583696365356445,-30.64948081970215,-30.713603973388672,-30.776002883911133,-30.836565017700195,-30.89520263671875,-30.951915740966797,-31.006772994995117,-31.059873580932617,-31.11131477355957,-31.16118812561035,-31.20961570739746,-31.256731033325195,-31.302644729614258,-31.347396850585938,-31.390962600708008,-31.43329620361328,-31.474384307861328,-31.514238357543945,-31.552886962890625,-31.590335845947266,-31.626575469970703,-31.661605834960938,-31.695432662963867,-31.72806739807129,-31.759506225585938,-31.789737701416016,-31.818761825561523,-31.846593856811523,-31.900619506835938,-31.952911376953125,-32.00382995605469,-32.053749084472656,-32.10289001464844,-32.15164566040039,-32.199546813964844,-32.246864318847656,-32.293426513671875,-32.33940124511719,-32.38478469848633,-32.42940902709961,-32.47325897216797,-32.51637268066406,-32.55868911743164,-32.600215911865234,-32.64096450805664,-32.68085479736328,-32.71993637084961,-32.758243560791016,-32.79579544067383,-32.83269119262695,-32.8690185546875,-32.904869079589844,-32.940372467041016,-32.9755973815918,-33.01059341430664,-33.045406341552734,-33.080013275146484,-33.1143798828125,-33.14842987060547,-33.18206024169922,-33.21517562866211,-33.24769592285156,-33.2795295715332,-33.31062316894531,-33.340919494628906,-33.37038040161133,-33.39897155761719,-33.42667007446289,-33.4534797668457,-33.47941970825195,-33.5045280456543,-33.52885055541992,-33.55244827270508,-33.575382232666016,-33.59771728515625,-33.6195182800293,-33.64085006713867,-33.66176986694336,-33.6823616027832,-33.702701568603516,-33.72285461425781,-33.74290466308594,-33.76291275024414,-33.78293991088867,-33.80302429199219,-33.823211669921875,-33.843528747558594,-33.8640022277832,-33.8846549987793,-33.90549087524414,-33.926517486572266,-33.94771957397461,-33.969078063964844,-33.99055480957031,-34.012107849121094,-34.03368377685547,-34.055240631103516,-34.07672119140625,-34.098087310791016,-34.11930465698242,-34.140350341796875,-34.16120529174805,-34.181861877441406,-34.20230484008789,-34.2225227355957,-34.24248123168945,-34.262149810791016,-34.281494140625,-34.30046844482422,-34.31904602050781,-34.33720397949219,-34.35493087768555,-34.37222671508789,-34.38909912109375,-34.40555191040039,-34.421592712402344,-34.437232971191406,-34.45246887207031,-34.46730041503906,-34.481727600097656,-34.49575424194336,-34.50938415527344,-34.52262878417969,-34.53548812866211,-34.547977447509766,-34.56009292602539,-34.57183837890625,-34.58877944946289,-34.607608795166016,-34.62582015991211,-34.642845153808594,-34.660003662109375,-34.67755889892578,-34.69457244873047,-34.710845947265625,-34.726680755615234,-34.74249267578125,-34.75826644897461,-34.77363586425781,-34.7884407043457,-34.80277633666992,-34.816856384277344,-34.83079147338867,-34.84446716308594,-34.85774230957031,-34.87057876586914,-34.883018493652344,-34.89515686035156,-34.90703201293945,-34.91859436035156,-34.92980194091797,-34.940635681152344,-34.95111846923828,-34.96129608154297,-34.97118377685547,-34.98076248168945,-34.99000549316406,-34.99890899658203,-35.007511138916016,-35.01584243774414,-35.023902893066406,-35.03166580200195,-35.039127349853516,-35.04630661010742,-35.0532341003418,-35.059913635253906,-35.066341400146484,-35.072509765625,-35.07843017578125,-35.08412170410156,-35.08959197998047,-35.09484100341797,-35.09986877441406,-35.10468673706055,-35.10930252075195,-35.11372375488281,-35.11795425415039,-35.12199401855469,-35.125858306884766,-35.129547119140625,-35.13306427001953,-35.13642501831055,-35.139625549316406,-35.142669677734375,-35.145572662353516,-35.14833450317383,-35.15095901489258,-35.1534538269043,-35.155818939208984,-35.15806579589844,-35.16019821166992,-35.1622200012207,-35.16413497924805,-35.165950775146484,-35.167667388916016,-35.169288635253906,-35.17082595825195,-35.172279357910156,-35.17365264892578,-35.174949645996094,-35.176170349121094,-35.17732620239258,-35.17841720581055,-35.179447174072266,-35.180416107177734,-35.18132781982422,-35.18218994140625,-35.18299865722656,-35.18376541137695,-35.18448257446289,-35.18516159057617,-35.185794830322266,-35.18639373779297,-35.18695831298828,-35.1874885559082,-35.187984466552734,-35.18844985961914,-35.18888854980469,-35.189300537109375,-35.1896858215332,-35.19004821777344,-35.19038772583008,-35.190704345703125,-35.191001892089844,-35.191280364990234,-35.19154357910156,-35.19178771972656,-35.192012786865234,-35.19222640991211,-35.19242858886719,-35.19261169433594,-35.192787170410156,-35.19294738769531,-35.19309616088867,-35.1932373046875,-35.19336700439453,-35.19348907470703,-35.193603515625,-35.19371032714844,-35.19380569458008,-35.19389724731445,-35.1939811706543,-35.19405746459961,-35.194129943847656,-35.19419860839844,-35.19425964355469,-35.19431686401367,-35.19437026977539,-35.194419860839844,-35.19446563720703,-35.19450378417969,-35.194541931152344,-35.194580078125,-35.194610595703125,-35.19464111328125,-35.19466781616211,-35.19469451904297,-35.19471740722656,-35.19473648071289,-35.19475555419922,-35.19477462768555,-35.19478988647461,-35.19480514526367,-35.19481658935547,-35.194828033447266,-35.19483947753906,-35.19485092163086,-35.19485855102539,-35.19486618041992,-35.19487380981445,-35.194881439208984,-35.19488525390625,-35.19489288330078,-35.19489669799805,-35.19490051269531,-35.19490432739258,-35.194908142089844
-26.13321304321289,-26.21687126159668,-26.295879364013672,-26.370525360107422,-26.441438674926758,-26.509668350219727,-26.57670783996582,-26.644145965576172,-26.713279724121094,-26.784889221191406,-26.8592586517334,-26.936290740966797,-27.015607833862305,-27.096635818481445,-27.178661346435547,-27.26087760925293,-27.342453002929688,-27.422616958618164,-27.500757217407227,-27.576520919799805,-27.649904251098633,-27.721267700195312,-27.791282653808594,-27.86073112487793,-27.930334091186523,-28.00064468383789,-28.07204818725586,-28.144807815551758,-28.219091415405273,-28.29496192932129,-28.372358322143555,-28.451065063476562,-28.53074836730957,-28.61111831665039,-28.69226837158203,-28.775131225585938,-28.86161994934082,-28.953964233398438,-29.05376434326172,-29.161481857299805,-29.276350021362305,-29.396366119384766,-29.518537521362305,-29.639955520629883,-29.760358810424805,-29.88413429260254,-30.01603126525879,-30.15484046936035,-30.294668197631836,-30.432994842529297,-30.576749801635742,-30.732948303222656,-30.899795532226562,-31.070077896118164,-31.239484786987305,-31.413816452026367,-31.59726333618164,-31.78087043762207,-31.957616806030273,-32.132877349853516,-32.30804443359375,-32.47439193725586,-32.630165100097656,-32.78402328491211,-32.93412399291992,-33.076202392578125,-33.21706771850586,-33.35868835449219,-33.494441986083984,-33.62551498413086,-33.752197265625,-33.86680603027344,-33.968658447265625,-34.059391021728516,-34.134952545166016,-34.197757720947266,-34.25188064575195,-34.296329498291016,-34.334468841552734,-34.369041442871094,-34.398746490478516,-34.42593002319336,-34.4516487121582,-34.46995544433594,-34.56859588623047,-34.613441467285156,-34.6505012512207,-34.70492935180664,-34.76182556152344,-34.807613372802734,-34.84390640258789,-34.87946319580078,-34.918052673339844,-34.95730209350586,-34.99348831176758,-35.025943756103516,-35.056495666503906,-35.08650588989258,-35.116058349609375,-35.144771575927734,-35.17243957519531,-35.19916534423828,-35.22481155395508,-35.249000549316406,-35.27186584472656,-35.29414367675781,-35.31639862060547,-35.33845520019531,-35.35969161987305,-35.37984085083008,-35.399391174316406,-35.41899871826172,-35.43876647949219,-35.45827102661133,-35.477176666259766,-35.49553298950195,-35.51362228393555,-35.531578063964844,-35.54935073852539,-35.56690979003906,-35.58426284790039,-35.60136032104492,-35.61811828613281,-35.63459396362305,-35.65096664428711,-35.66733169555664,-35.683555603027344,-35.69947814941406,-35.71509552001953,-35.730533599853516,-35.74585723876953,-35.76102066040039,-35.77595901489258,-35.7906608581543,-35.805118560791016,-35.81931686401367,-35.83327102661133,-35.847015380859375,-35.86053466796875,-35.87376022338867,-35.88665008544922,-35.89923858642578,-35.91156768798828,-35.92361831665039,-35.93535232543945,-35.94676208496094,-35.95785140991211,-35.968624114990234,-35.97908020019531,-35.989234924316406,-35.999080657958984,-35.978084564208984,-36.021759033203125,-36.031402587890625,-36.03883361816406,-36.058841705322266,-36.0770263671875,-36.08758544921875,-36.0963134765625,-36.10951232910156,-36.12647247314453,-36.14213180541992,-36.15340042114258,-36.16200637817383,-36.17171096801758,-36.18374252319336,-36.1962890625,-36.20732116699219,-36.216835021972656,-36.22636032104492,-36.23681640625,-36.247535705566406,-36.25727844238281,-36.26569366455078,-36.27362060546875,-36.281982421875,-36.29081344604492,-36.299415588378906,-36.30729293823242,-36.31460952758789,-36.32182693481445,-36.329063415527344,-36.33602523803711,-36.34246063232422,-36.3484992980957,-36.35445022583008,-36.36042022705078,-36.36623001098633,-36.37166976928711,-36.376766204833984,-36.38166046142578,-36.386436462402344,-36.39103698730469,-36.39543151855469,-36.399662017822266,-36.40380096435547,-36.40784454345703,-36.4117431640625,-36.41547775268555,-36.419090270996094,-36.42261505126953,-36.42605209350586,-36.429405212402344,-36.43268585205078,-36.4359016418457,-36.439029693603516,-36.44206237792969,-36.44501495361328,-36.447906494140625,-36.45072937011719,-36.45347213745117,-36.45614242553711,-36.45875549316406,-36.4613151550293,-36.46379852294922,-36.46620178222656,-36.46854019165039,-36.47084426879883,-36.47309494018555,-36.47528076171875,-36.477413177490234,-36.47950744628906,-36.4815559387207,-36.48355484008789,-36.48550033569336,-36.48740768432617,-36.489280700683594,-36.49110794067383,-36.492889404296875,-36.49462890625,-36.49633026123047,-36.497989654541016,-36.49960708618164,-36.50117874145508,-36.502716064453125,-36.504215240478516,-36.505672454833984,-36.5070915222168,-36.50847244262695,-36.50981903076172,-36.51112747192383,-36.51240158081055,-36.513641357421875,-36.51484680175781,-36.516021728515625,-36.51716232299805,-36.51826858520508,-36.51934814453125,-36.52039337158203,-36.52140808105469,-36.522396087646484,-36.52334976196289,-36.52427673339844,-36.525177001953125,-36.52605056762695,-36.526893615722656,-36.527713775634766,-36.528507232666016,-36.529273986816406,-36.5300178527832,-36.530738830566406,-36.531436920166016,-36.53211212158203,-36.53276443481445,-36.53339385986328,-36.53400421142578,-36.53459548950195,-36.53516387939453,-36.53571319580078,-36.53624725341797,-36.53675842285156,-36.537254333496094,-36.5377311706543,-36.53819274902344,-36.538639068603516,-36.539066314697266,-36.53948211669922,-36.53988265991211,-36.54026412963867,-36.54063415527344,-36.540992736816406,-36.54133605957031,-36.541664123535156,-36.54198455810547,-36.54228973388672,-36.54258346557617,-36.54286575317383,-36.54314041137695,-36.543399810791016,-36.54365158081055,-36.54389572143555,-36.544124603271484,-36.544349670410156,-36.54456329345703,-36.544769287109375,-36.54496383666992,-36.5451545715332,-36.54533386230469,-36.545509338378906,-36.54567337036133,-36.545833587646484,-36.54598617553711,-36.5461311340332,-36.54627227783203,-36.54640579223633,-36.54653549194336,-36.54665756225586,-36.546775817871094,-36.5468864440918,-36.5469970703125,-36.547096252441406,-36.54719543457031,-36.54729080200195,-36.54737854003906,-36.54746627807617,-36.54754638671875,-36.54762268066406,-36.547698974609375,-36.547767639160156,-36.54783630371094,-36.54790115356445,-36.5479621887207,-36.54801940917969,-36.54807662963867,-36.54813003540039,-36.548179626464844,-36.5482292175293,-36.548274993896484,-36.548316955566406,-36.54835891723633,-36.548397064208984,-36.54843521118164,-36.5484733581543,-36.54850387573242,-36.54853820800781,-36.54856872558594,-36.5485954284668,-36.54862594604492,-36.54865264892578,-36.548675537109375,-36.54869842529297,-36.54872131347656,-36.548744201660156,-36.548763275146484,-36.54878234863281,-36.54880142211914,-36.5488166809082,-36.548831939697266,-36.54884719848633,-36.54886245727539,-36.54887771606445,-36.54888916015625,-36.54890060424805,-36.54891586303711,-36.54892349243164,-36.54893493652344,-36.548946380615234,-36.548954010009766,-36.5489616394043,-36.548973083496094,-36.548980712890625,-36.548988342285156,-36.54899215698242,-36.54899978637695,-36.549007415771484,-36.54901123046875,-36.54901885986328,-36.54902267456055,-36.54902648925781,-36.549034118652344,-36.54903793334961
-26.31878089904785,-26.440635681152344,-26.556087493896484,-26.663127899169922,-26.760589599609375,-26.848302841186523,-26.92702293395996,-26.998218536376953,-27.063745498657227,-27.125268936157227,-27.183937072753906,-27.240501403808594,-27.295515060424805,-27.34949493408203,-27.402996063232422,-27.456642150878906,-27.511085510253906,-27.566938400268555,-27.624704360961914,-27.684782028198242,-27.747541427612305,-27.81353759765625,-27.883708953857422,-27.95938491821289,-28.04193115234375,-28.132261276245117,-28.23036003112793,-28.335002899169922,-28.4438419342041,-28.55420684814453,-28.66506004333496,-28.77901268005371,-28.900590896606445,-29.031980514526367,-29.171884536743164,-29.31670570373535,-29.462024688720703,-29.60455322265625,-29.74526023864746,-29.890758514404297,-30.04758644104004,-30.21532440185547,-30.3872127532959,-30.556623458862305,-30.725313186645508,-30.90125846862793,-31.08602523803711,-31.272640228271484,-31.45258331298828,-31.62438201904297,-31.794984817504883,-31.96669578552246,-32.13189697265625,-32.284664154052734,-32.42899703979492,-32.56930923461914,-32.70082092285156,-32.81782531738281,-32.924102783203125,-33.024959564208984,-33.11717987060547,-33.19797134399414,-33.27244567871094,-33.34394454956055,-33.4090576171875,-33.46735763549805,-33.52320861816406,-33.57645797729492,-33.624507904052734,-33.66984558105469,-33.71504211425781,-33.75814437866211,-33.799007415771484,-33.83987808227539,-33.8911247253418,-33.97966766357422,-34.027103424072266,-34.07607650756836,-34.1324348449707,-34.17947769165039,-34.21644592285156,-34.2545280456543,-34.29701614379883,-34.33815002441406,-34.37422180175781,-34.40796661376953,-34.44324493408203,-34.4793815612793,-34.5130729675293,-34.543357849121094,-34.57258224487305,-34.6024284362793,-34.63165283203125,-34.65842819213867,-34.683143615722656,-34.70792007446289,-34.73373031616211,-34.75957107543945,-34.784324645996094,-34.80828857421875,-34.83234786987305,-34.85645294189453,-34.879878997802734,-34.90256881713867,-34.925296783447266,-34.948509216308594,-34.97173309326172,-34.99443435668945,-35.01686096191406,-35.039546966552734,-35.06249237060547,-35.08530044555664,-35.10791778564453,-35.13066101074219,-35.15361022949219,-35.1765022277832,-35.19924545288086,-35.22208023071289,-35.245147705078125,-35.26827621459961,-35.29134750366211,-35.31450271606445,-35.33784866333008,-35.36127853393555,-35.38471221923828,-35.40824890136719,-35.43195343017578,-35.455718994140625,-35.4794807434082,-35.503318786621094,-35.52725601196289,-35.55121612548828,-35.57518005371094,-35.599205017089844,-35.62330627441406,-35.64741897583008,-35.67154312133789,-35.695701599121094,-35.71985626220703,-35.743953704833984,-35.76800537109375,-35.7920036315918,-35.815895080566406,-35.83963394165039,-35.86320495605469,-35.88656234741211,-35.90964126586914,-35.93241500854492,-35.954837799072266,-35.97684097290039,-35.998382568359375,-36.01942825317383,-36.03992462158203,-36.0598258972168,-36.07909393310547,-36.09768295288086,-36.11555099487305,-36.13267135620117,-36.14902114868164,-36.164573669433594,-36.1793212890625,-36.193260192871094,-36.206390380859375,-36.21872329711914,-36.230281829833984,-36.2410888671875,-36.25117492675781,-36.26058578491211,-36.26935577392578,-36.23439025878906,-36.29610824584961,-36.30307388305664,-36.299015045166016,-36.319664001464844,-36.34880447387695,-36.3687858581543,-36.37636184692383,-36.381927490234375,-36.394935607910156,-36.414154052734375,-36.4327392578125,-36.44586944580078,-36.454498291015625,-36.463565826416016,-36.476436614990234,-36.49204635620117,-36.50695037841797,-36.518890380859375,-36.52864456176758,-36.538875579833984,-36.551246643066406,-36.56499099731445,-36.578121185302734,-36.589500427246094,-36.599796295166016,-36.6105842590332,-36.622596740722656,-36.63513946533203,-36.64700698852539,-36.657798767089844,-36.6682243347168,-36.67918014526367,-36.690799713134766,-36.70241165161133,-36.713417053222656,-36.72391128540039,-36.7344970703125,-36.745540618896484,-36.75679016113281,-36.76777648925781,-36.778377532958984,-36.78890609741211,-36.7996940612793,-36.8106803894043,-36.821563720703125,-36.83220291137695,-36.8427619934082,-36.853477478027344,-36.86435317993164,-36.87520217895508,-36.88591384887695,-36.896583557128906,-36.90735626220703,-36.91823196411133,-36.92908477783203,-36.93983840942383,-36.95054244995117,-36.961280822753906,-36.97203063964844,-36.982696533203125,-36.99322509765625,-37.00365447998047,-37.01400375366211,-37.02424240112305,-37.03429412841797,-37.044124603271484,-37.05375289916992,-37.063175201416016,-37.07234573364258,-37.08121871948242,-37.08978271484375,-37.09804916381836,-37.10601043701172,-37.11363220214844,-37.120906829833984,-37.12784957885742,-37.13446807861328,-37.14077377319336,-37.14675521850586,-37.15243911743164,-37.1578483581543,-37.16300964355469,-37.167930603027344,-37.17262268066406,-37.177120208740234,-37.18143844604492,-37.18559265136719,-37.189579010009766,-37.19342041015625,-37.197120666503906,-37.20068359375,-37.204105377197266,-37.20738983154297,-37.21053695678711,-37.21355056762695,-37.2164192199707,-37.21915054321289,-37.22174072265625,-37.22419357299805,-37.22651672363281,-37.228702545166016,-37.23076629638672,-37.23271179199219,-37.23454666137695,-37.23627471923828,-37.2379035949707,-37.239444732666016,-37.24090576171875,-37.242286682128906,-37.243595123291016,-37.244834899902344,-37.24601364135742,-37.247135162353516,-37.248199462890625,-37.249210357666016,-37.25016784667969,-37.251075744628906,-37.25193786621094,-37.25275421142578,-37.2535285949707,-37.2542610168457,-37.25495147705078,-37.2556037902832,-37.2562255859375,-37.25680923461914,-37.257362365722656,-37.25788497924805,-37.25837707519531,-37.258846282958984,-37.2592887878418,-37.25970458984375,-37.26009750366211,-37.260467529296875,-37.26081848144531,-37.261146545410156,-37.26145553588867,-37.261749267578125,-37.262020111083984,-37.26227569580078,-37.262516021728516,-37.26274108886719,-37.2629508972168,-37.26314926147461,-37.26333236694336,-37.26350402832031,-37.263668060302734,-37.263816833496094,-37.26395797729492,-37.26409149169922,-37.26421356201172,-37.26432800292969,-37.264434814453125,-37.2645378112793,-37.26462936401367,-37.26471710205078,-37.26479721069336,-37.264869689941406,-37.26493835449219,-37.2650032043457,-37.26506423950195,-37.26511764526367,-37.26517105102539,-37.26521682739258,-37.265262603759766,-37.26530075073242,-37.26533889770508,-37.26537322998047,-37.26540756225586,-37.265438079833984,-37.265464782714844,-37.2654914855957,-37.2655143737793,-37.265533447265625,-37.26555252075195,-37.26556396484375,-37.26557922363281,-37.265602111816406,-37.265621185302734,-37.26563262939453,-37.26564025878906,-37.265655517578125,-37.26566696166992,-37.26567459106445,-37.265682220458984,-37.26569366455078,-37.26570129394531,-37.26570510864258,-37.26571273803711,-37.265716552734375,-37.26572036743164,-37.26572799682617,-37.26573181152344,-37.2657356262207,-37.26573944091797
-27.548673629760742,-27.755504608154297,-27.955705642700195,-28.14960289001465,-28.34156608581543,-28.53348159790039,-28.723703384399414,-28.91012191772461,-29.091938018798828,-29.26959228515625,-29.443174362182617,-29.61201286315918,-29.77535057067871,-29.932865142822266,-30.084936141967773,-30.23250961303711,-30.376527786254883,-30.51750946044922,-30.655611038208008,-30.79087257385254,-30.92335319519043,-31.05307960510254,-31.17982292175293,-31.302995681762695,-31.421815872192383,-31.535694122314453,-31.64446449279785,-31.748239517211914,-31.847131729125977,-31.94130516052246,-32.03122329711914,-32.117652893066406,-32.201229095458984,-32.28227233886719,-32.361045837402344,-32.43790817260742,-32.51297378540039,-32.58598709106445,-32.65671920776367,-32.725135803222656,-32.791080474853516,-32.854339599609375,-32.915016174316406,-32.97324752807617,-33.028961181640625,-33.08223342895508,-33.13325881958008,-33.18206024169922,-33.22887420654297,-33.28340530395508,-33.357582092285156,-33.41209030151367,-33.46705627441406,-33.52698516845703,-33.58441162109375,-33.635379791259766,-33.68313980102539,-33.73251724243164,-33.78337097167969,-33.83293151855469,-33.88020706176758,-33.927459716796875,-33.977210998535156,-34.029151916503906,-34.081504821777344,-34.13399124145508,-34.188175201416016,-34.244781494140625,-34.302490234375,-34.359806060791016,-34.41710662841797,-34.47549057006836,-34.534278869628906,-34.592044830322266,-34.64912414550781,-34.70680618286133,-34.76467514038086,-34.82162857055664,-34.878211975097656,-34.93492889404297,-34.990516662597656,-35.04431915283203,-35.09718322753906,-35.1488151550293,-35.19842529296875,-35.24674987792969,-35.294063568115234,-35.33961486816406,-35.38372039794922,-35.426448822021484,-35.4670295715332,-35.50582504272461,-35.54309844970703,-35.57845687866211,-35.612457275390625,-35.64523696899414,-35.676456451416016,-35.70644760131836,-35.734954833984375,-35.76189422607422,-35.78759002685547,-35.81186294555664,-35.834991455078125,-35.857051849365234,-35.877891540527344,-35.89772415161133,-35.91637420654297,-35.93397903442383,-35.95063400268555,-35.925750732421875,-35.995033264160156,-36.00898742675781,-36.01117706298828,-36.03746795654297,-36.07105255126953,-36.09379196166992,-36.103031158447266,-36.11003494262695,-36.123783111572266,-36.1421012878418,-36.157936096191406,-36.167144775390625,-36.17173385620117,-36.17692947387695,-36.185333251953125,-36.19512939453125,-36.202980041503906,-36.20749282836914,-36.21031951904297,-36.2141227722168,-36.21979904174805,-36.22601318359375,-36.23095703125,-36.234256744384766,-36.23716354370117,-36.24104690551758,-36.245967864990234,-36.25083541870117,-36.25471878051758,-36.25777816772461,-36.260902404785156,-36.26462173461914,-36.26857376098633,-36.272056579589844,-36.27483367919922,-36.27733612060547,-36.28004837036133,-36.2829704284668,-36.28571319580078,-36.28804016113281,-36.2901496887207,-36.2923698425293,-36.294776916503906,-36.29716110229492,-36.29936981201172,-36.30149459838867,-36.30374526977539,-36.306182861328125,-36.308685302734375,-36.31116485595703,-36.313690185546875,-36.31637954711914,-36.31926727294922,-36.322296142578125,-36.3254508972168,-36.32880783081055,-36.332435607910156,-36.33635330200195,-36.34054183959961,-36.345035552978516,-36.34990310668945,-36.35517501831055,-36.36084747314453,-36.3669319152832,-36.37346649169922,-36.380496978759766,-36.38801574707031,-36.39602279663086,-36.40453338623047,-36.41358184814453,-36.42316436767578,-36.433265686035156,-36.443885803222656,-36.455039978027344,-36.46672821044922,-36.47892379760742,-36.49161148071289,-36.504783630371094,-36.518428802490234,-36.53251647949219,-36.54701614379883,-36.56190490722656,-36.5771598815918,-36.59274673461914,-36.60862350463867,-36.624755859375,-36.641117095947266,-36.65766525268555,-36.674346923828125,-36.691123962402344,-36.70794677734375,-36.72475814819336,-36.74149703979492,-36.75810623168945,-36.77451705932617,-36.79065704345703,-36.80646514892578,-36.821868896484375,-36.83679962158203,-36.8511962890625,-36.86500549316406,-36.878177642822266,-36.89067077636719,-36.90245819091797,-36.91352081298828,-36.923851013183594,-36.933448791503906,-36.94232177734375,-36.950496673583984,-36.95799255371094,-36.96483612060547,-36.9710578918457,-36.97669219970703,-36.98176574707031,-36.98631286621094,-36.99036407470703,-36.99394989013672,-36.997100830078125,-36.99985122680664,-37.00223159790039,-37.0042724609375,-37.00600814819336,-37.00747299194336,-37.008697509765625,-37.00971221923828,-37.01055145263672,-37.0112419128418,-37.01180648803711,-37.012271881103516,-37.012657165527344,-37.01298141479492,-37.01325607299805,-37.013492584228516,-37.013702392578125,-37.013893127441406,-37.01407241821289,-37.01424026489258,-37.014404296875,-37.014564514160156,-37.01472854614258,-37.014888763427734,-37.01505661010742,-37.015220642089844,-37.0153923034668,-37.01556396484375,-37.0157356262207,-37.015907287597656,-37.016082763671875,-37.016258239746094,-37.01643371582031,-37.01660919189453,-37.01678466796875,-37.01696014404297,-37.01714324951172,-37.01732635498047,-37.017513275146484,-37.017704010009766,-37.01790237426758,-37.018104553222656,-37.018314361572266,-37.01852798461914,-37.01874923706055,-37.018978118896484,-37.01921463012695,-37.01945495605469,-37.01970291137695,-37.019954681396484,-37.02021026611328,-37.02047348022461,-37.0207405090332,-37.02101135253906,-37.02128601074219,-37.02156448364258,-37.02184295654297,-37.02212905883789,-37.02241516113281,-37.022701263427734,-37.02299118041992,-37.023284912109375,-37.02357864379883,-37.02387619018555,-37.024169921875,-37.02446746826172,-37.02476501464844,-37.02506637573242,-37.02536392211914,-37.02566146850586,-37.025962829589844,-37.02626037597656,-37.02655792236328,-37.02685546875,-37.02714920043945,-37.027442932128906,-37.027732849121094,-37.028018951416016,-37.02830505371094,-37.028587341308594,-37.028865814208984,-37.029144287109375,-37.029415130615234,-37.02968215942383,-37.02994155883789,-37.03020095825195,-37.030452728271484,-37.03070068359375,-37.030941009521484,-37.03117752075195,-37.031410217285156,-37.03163528442383,-37.03185272216797,-37.032066345214844,-37.03227233886719,-37.032474517822266,-37.03266906738281,-37.03285598754883,-37.03303909301758,-37.0332145690918,-37.03338623046875,-37.03355026245117,-37.03370666503906,-37.03385925292969,-37.03400802612305,-37.034149169921875,-37.03428268432617,-37.0344123840332,-37.03453826904297,-37.0346565246582,-37.03477096557617,-37.03487777709961,-37.03498077392578,-37.03508377075195,-37.03517532348633,-37.0352668762207,-37.03535461425781,-37.03543472290039,-37.03551483154297,-37.035587310791016,-37.0356559753418,-37.03572463989258,-37.035789489746094,-37.035850524902344,-37.03590774536133,-37.03596115112305,-37.0360107421875,-37.03606033325195,-37.03610610961914,-37.03615188598633,-37.03619384765625,-37.036231994628906,-37.03627014160156,-37.03630447387695,-37.036338806152344,-37.03636932373047,-37.036399841308594,-37.03642654418945,-37.03645324707031,-37.036476135253906,-37.036502838134766,-37.036521911621094,-37.03654479980469,-37.036563873291016,-37.036582946777344,-37.03660202026367,-37.036617279052734,-37.0366325378418,-37.03664779663086,-37.03666305541992,-37.03667449951172,-37.03668975830078,-37.03670120239258,-37.036712646484375,-37.036720275878906,-37.0367317199707,-37.036739349365234,-37.03675079345703,-37.03675842285156,-37.036766052246094,-37.036773681640625,-37.036781311035156,-37.03678512573242,-37.03679275512695,-37.036800384521484,-37.03680419921875,-37.036808013916016,-37.03681564331055,-37.03681945800781,-37.03682327270508
-26.463359832763672,-26.613880157470703,-26.773029327392578,-26.938886642456055,-27.109296798706055,-27.282590866088867,-27.457353591918945,-27.631893157958984,-27.804821014404297,-27.975317001342773,-28.142772674560547,-28.306337356567383,-28.46490478515625,-28.617528915405273,-28.764060974121094,-28.905485153198242,-29.043537139892578,-29.179750442504883,-29.314815521240234,-29.448612213134766,-29.580480575561523,-29.70940399169922,-29.83421516418457,-29.95378303527832,-30.06717300415039,-30.173871994018555,-30.27403450012207,-30.368532180786133,-30.458641052246094,-30.545433044433594,-30.629257202148438,-30.70955467224121,-30.785118103027344,-30.854644775390625,-30.917314529418945,-30.973173141479492,-31.023160934448242,-31.06880760192871,-31.111772537231445,-31.153446197509766,-31.194793701171875,-31.260988235473633,-31.316747665405273,-31.366981506347656,-31.41675567626953,-31.46731185913086,-31.518138885498047,-31.567581176757812,-31.614425659179688,-31.658674240112305,-31.701217651367188,-31.742624282836914,-31.782514572143555,-31.820098876953125,-31.854936599731445,-31.887304306030273,-31.91817283630371,-31.94878387451172,-31.98017692565918,-32.0130615234375,-32.048004150390625,-32.08563232421875,-32.12666702270508,-32.17177200317383,-32.221588134765625,-32.2768669128418,-32.3385124206543,-32.40723419189453,-32.48320007324219,-32.566322326660156,-32.656768798828125,-32.75455093383789,-32.85906982421875,-32.969627380371094,-33.085487365722656,-33.20516586303711,-33.327293395996094,-33.45059585571289,-33.57326889038086,-33.6940803527832,-33.811405181884766,-33.92409133911133,-34.03121566772461,-34.13216781616211,-34.226661682128906,-34.314537048339844,-34.39580535888672,-34.47068405151367,-34.53925323486328,-34.602020263671875,-34.65924072265625,-34.711483001708984,-34.75923156738281,-34.8028450012207,-34.8428840637207,-34.879737854003906,-34.91371154785156,-34.945186614990234,-34.97445297241211,-35.00171661376953,-35.02726364135742,-35.051395416259766,-35.074337005615234,-35.0963249206543,-35.09088897705078,-35.161190032958984,-35.18671798706055,-35.20563507080078,-35.243431091308594,-35.284915924072266,-35.316951751708984,-35.34014892578125,-35.36455535888672,-35.395538330078125,-35.42967987060547,-35.46122741699219,-35.487911224365234,-35.5125732421875,-35.53938293457031,-35.569217681884766,-35.599586486816406,-35.62778091430664,-35.65361785888672,-35.67926788330078,-35.706573486328125,-35.7350959777832,-35.76298141479492,-35.78907775878906,-35.81403350830078,-35.83926773071289,-35.865203857421875,-35.890907287597656,-35.915283203125,-35.938255310058594,-35.960628509521484,-35.9829216003418,-36.0047492980957,-36.025360107421875,-36.0445442199707,-36.062782287597656,-36.08053207397461,-36.09768295288086,-36.11381912231445,-36.128822326660156,-36.14301300048828,-36.1567268371582,-36.16993713378906,-36.182403564453125,-36.19410705566406,-36.205299377441406,-36.21619415283203,-36.22674560546875,-36.23680114746094,-36.24637222290039,-36.25564956665039,-36.26472854614258,-36.27354049682617,-36.28197479248047,-36.29007339477539,-36.297950744628906,-36.305625915527344,-36.31302261352539,-36.320091247558594,-36.32688903808594,-36.333473205566406,-36.33982849121094,-36.34590148925781,-36.351707458496094,-36.357295989990234,-36.362693786621094,-36.367881774902344,-36.37284851074219,-36.37763595581055,-36.38227844238281,-36.386775970458984,-36.39112091064453,-36.39533615112305,-36.39944839477539,-36.40346908569336,-36.40739059448242,-36.411216735839844,-36.41497802734375,-36.41867446899414,-36.42230224609375,-36.425865173339844,-36.42937088012695,-36.43283462524414,-36.43625259399414,-36.43962097167969,-36.44295120239258,-36.44625473022461,-36.44953536987305,-36.452796936035156,-36.45604705810547,-36.45930480957031,-36.46257781982422,-36.465877532958984,-36.46922302246094,-36.472633361816406,-36.476131439208984,-36.479740142822266,-36.48348617553711,-36.48740768432617,-36.491539001464844,-36.49591827392578,-36.50059509277344,-36.505615234375,-36.51103210449219,-36.51689910888672,-36.52327346801758,-36.53022003173828,-36.53779602050781,-36.54606628417969,-36.555084228515625,-36.564918518066406,-36.57561492919922,-36.58723449707031,-36.59981918334961,-36.613407135009766,-36.62803268432617,-36.64372253417969,-36.660491943359375,-36.678348541259766,-36.6972770690918,-36.71726608276367,-36.7382698059082,-36.760231018066406,-36.78307342529297,-36.80670166015625,-36.83098220825195,-36.855777740478516,-36.880916595458984,-36.906211853027344,-36.93146514892578,-36.95645523071289,-36.98097229003906,-37.004798889160156,-37.02772903442383,-37.04956817626953,-37.07014465332031,-37.08931350708008,-37.10695266723633,-37.122982025146484,-37.137359619140625,-37.150089263916016,-37.16120910644531,-37.17079162597656,-37.178958892822266,-37.18584442138672,-37.191612243652344,-37.1964225769043,-37.2004508972168,-37.20384979248047,-37.20677185058594,-37.2093391418457,-37.211647033691406,-37.213783264160156,-37.215789794921875,-37.21771240234375,-37.21955871582031,-37.221336364746094,-37.22304153442383,-37.22466278076172,-37.226192474365234,-37.22761917114258,-37.22892761230469,-37.23011016845703,-37.231170654296875,-37.23210525512695,-37.232913970947266,-37.23361587524414,-37.23421096801758,-37.234718322753906,-37.23515701293945,-37.235530853271484,-37.23586654663086,-37.23617172241211,-37.2364616394043,-37.23674392700195,-37.237030029296875,-37.237327575683594,-37.237632751464844,-37.23795700073242,-37.23830032348633,-37.23865509033203,-37.2390251159668,-37.239402770996094,-37.23979187011719,-37.24018096923828,-37.24057388305664,-37.240962982177734,-37.24134826660156,-37.24172592163086,-37.242095947265625,-37.242454528808594,-37.24280548095703,-37.24314880371094,-37.24347686767578,-37.24380111694336,-37.24411392211914,-37.24441909790039,-37.24471664428711,-37.24501037597656,-37.245296478271484,-37.24557876586914,-37.24585723876953,-37.24613571166992,-37.24640655517578,-37.24667739868164,-37.246944427490234,-37.24721145629883,-37.247474670410156,-37.247737884521484,-37.24799728393555,-37.248252868652344,-37.248512268066406,-37.24876403808594,-37.24901580810547,-37.249267578125,-37.24951934814453,-37.2497673034668,-37.2500114440918,-37.25025939941406,-37.25050354003906,-37.2507438659668,-37.25098419189453,-37.251224517822266,-37.25146484375,-37.251705169677734,-37.2519416809082,-37.252174377441406,-37.252410888671875,-37.25264358520508,-37.252872467041016,-37.25310516357422,-37.25333023071289,-37.25355911254883,-37.2537841796875,-37.254005432128906,-37.25422668457031,-37.25444412231445,-37.254661560058594,-37.25487518310547,-37.255088806152344,-37.25529861450195,-37.2555046081543,-37.25571060180664,-37.255916595458984,-37.2561149597168,-37.25631332397461,-37.256507873535156,-37.2567024230957,-37.25688934326172,-37.257080078125,-37.25726318359375,-37.2574462890625,-37.257625579833984,-37.2578010559082,-37.257972717285156,-37.25814437866211,-37.2583122253418,-37.25847625732422,-37.258636474609375,-37.25879669189453,-37.258949279785156,-37.25910186767578,-37.259254455566406,-37.2593994140625,-37.259544372558594,-37.25968551635742,-37.259822845458984,-37.25995635986328,-37.26008987426758,-37.26021957397461,-37.260345458984375,-37.260467529296875,-37.260589599609375,-37.26070785522461,-37.26082229614258,-37.26093673706055,-37.26104736328125,-37.26115417480469,-37.261260986328125,-37.2613639831543,-37.2614631652832,-37.26156234741211,-37.26165771484375,-37.261749267578125,-37.2618408203125,-37.26192855834961,-37.26201629638672,-37.26210021972656,-37.26218032836914,-37.26226043701172,-37.2623405456543,-37.26241683959961,-37.262489318847656,-37.2625617980957,-37.262630462646484,-37.262699127197266,-37.26276779174805,-37.26283264160156,-37.26289749145508,-37.26295852661133,-37.26301956176758,-37.26307678222656,-37.26313400268555,-37.26319122314453,-37.26324462890625,-37.26329803466797,-37.26335144042969,-37.26340103149414,-37.263450622558594,-37.26349639892578,-37.26354217529297,-37.263587951660156,-37.263633728027344,-37.263675689697266,-37.26371765136719,-37.26375961303711,-37.26380157470703,-37.26383972167969,-37.263877868652344,-37.263912200927734,-37.26395034790039,-37.26398468017578,-37.26401901245117,-37.26405334472656,-37.26408386230469,-37.26411819458008,-37.2641487121582,-37.26417922973633,-37.26420593261719,-37.26423645019531,-37.26426315307617,-37.26428985595703,-37.26431655883789,-37.26434326171875,-37.264366149902344,-37.2643928527832,-37.2644157409668,-37.26443862915039,-37.264461517333984,-37.26448440551758,-37.264503479003906,-37.2645263671875,-37.26454544067383,-37.264564514160156,-37.264583587646484,-37.26460266113281,-37.26462173461914,-37.26464080810547,-37.26465606689453,-37.26467514038086,-37.26469039916992,-37.264705657958984,-37.26472091674805,-37.26473617553711,-37.26475143432617,-37.264766693115234,-37.2647819519043,-37.264793395996094,-37.264808654785156,-37.26482009887695,-37.264835357666016,-37.26484680175781,-37.26485824584961,-37.264869689941406,-37.2648811340332,-37.264892578125,-37.2649040222168,-37.26491165161133,-37.264923095703125,-37.26493453979492,-37.26494216918945,-37.26495361328125,-37.26496124267578,-37.26496887207031,-37.26498031616211,-37.26498794555664,-37.26499557495117,-37.2650032043457,-37.265010833740234,-37.265018463134766,-37.2650260925293,-37.26503372192383,-37.26504135131836,-37.26504898071289,-37.265052795410156,-37.26506042480469,-37.26506805419922,-37.265071868896484,-37.265079498291016,-37.26508331298828,-37.26509094238281,-37.26509475708008,-37.26510238647461,-37.265106201171875,-37.265113830566406,-37.26511764526367
-25.625518798828125,-25.852581024169922,-26.090404510498047,-26.333324432373047,-26.575166702270508,-26.810821533203125,-27.038558959960938,-27.261770248413086,-27.488941192626953,-27.728740692138672,-27.98299789428711,-28.245464324951172,-28.50570297241211,-28.754558563232422,-28.989660263061523,-29.217180252075195,-29.445480346679688,-29.67655372619629,-29.904766082763672,-30.121768951416016,-30.322649002075195,-30.509315490722656,-30.687191009521484,-30.858182907104492,-31.01869010925293,-31.163698196411133,-31.292085647583008,-31.408300399780273,-31.518198013305664,-31.623872756958008,-31.723628997802734,-31.815887451171875,-31.902198791503906,-31.98627281188965,-32.07033920288086,-32.153587341308594,-32.23445129394531,-32.313499450683594,-32.39336013793945,-32.474143981933594,-32.595123291015625,-32.68278503417969,-32.753631591796875,-32.834327697753906,-32.916751861572266,-32.9931526184082,-33.068206787109375,-33.14909362792969,-33.234588623046875,-33.31867980957031,-33.39884567260742,-33.477256774902344,-33.55612564086914,-33.6346321105957,-33.71107482910156,-33.78596115112305,-33.8610954284668,-33.936763763427734,-34.01131057739258,-34.08338165283203,-34.15359115600586,-34.22311019897461,-34.2915153503418,-34.35736083984375,-34.42018127441406,-34.480987548828125,-34.540618896484375,-34.59868240356445,-34.65456771850586,-34.70847702026367,-34.760894775390625,-34.811710357666016,-34.86061096191406,-34.907737731933594,-34.9533805847168,-34.99740982055664,-35.03968811035156,-35.08053207397461,-35.12024688720703,-35.15866470336914,-35.19561767578125,-35.23138427734375,-35.26622772216797,-35.300018310546875,-35.332637786865234,-35.36429977416992,-35.395179748535156,-35.425254821777344,-35.454559326171875,-35.483184814453125,-35.51108932495117,-35.538211822509766,-35.564666748046875,-35.59052276611328,-35.6157112121582,-35.587074279785156,-35.67694854736328,-35.69763946533203,-35.70369338989258,-35.74059295654297,-35.7872200012207,-35.820865631103516,-35.83829879760742,-35.85371398925781,-35.8784065246582,-35.90962600708008,-35.93844985961914,-35.95963668823242,-35.97567367553711,-35.993099212646484,-36.01512908935547,-36.03932189941406,-36.06125259399414,-36.07903289794922,-36.094730377197266,-36.11178207397461,-36.1313591003418,-36.15166473388672,-36.170291900634766,-36.18673324584961,-36.20264434814453,-36.219825744628906,-36.23834228515625,-36.25673294067383,-36.2738151550293,-36.28990936279297,-36.30628204345703,-36.32362365722656,-36.34135437011719,-36.358497619628906,-36.37484359741211,-36.39109420776367,-36.40791320800781,-36.425140380859375,-36.442100524902344,-36.45846939086914,-36.4745979309082,-36.4909553527832,-36.507503509521484,-36.5238037109375,-36.53959274291992,-36.55506896972656,-36.570533752441406,-36.58597183227539,-36.6010856628418,-36.61570739746094,-36.62997055053711,-36.64405059814453,-36.65791702270508,-36.671382904052734,-36.68437576293945,-36.6970100402832,-36.70936965942383,-36.72140884399414,-36.73301696777344,-36.74419021606445,-36.7550163269043,-36.765525817871094,-36.77566146850586,-36.78538513183594,-36.79472732543945,-36.80374526977539,-36.81243133544922,-36.82074737548828,-36.828697204589844,-36.83632278442383,-36.843650817871094,-36.85066223144531,-36.85734176635742,-36.86372756958008,-36.86984634399414,-36.875701904296875,-36.881282806396484,-36.88660430908203,-36.89170455932617,-36.89658737182617,-36.90126037597656,-36.905723571777344,-36.910003662109375,-36.914119720458984,-36.91807174682617,-36.92186737060547,-36.92551803588867,-36.929039001464844,-36.932437896728516,-36.93571853637695,-36.93888473510742,-36.941951751708984,-36.94491958618164,-36.947792053222656,-36.95057678222656,-36.95327377319336,-36.95589065551758,-36.958431243896484,-36.96089172363281,-36.963279724121094,-36.96560287475586,-36.96785354614258,-36.97003936767578,-36.97216033935547,-36.97422409057617,-36.976226806640625,-36.97816848754883,-36.98005676269531,-36.98189163208008,-36.983673095703125,-36.98540496826172,-36.987083435058594,-36.98871612548828,-36.990299224853516,-36.99184036254883,-36.99333190917969,-36.994781494140625,-36.99618911743164,-36.997554779052734,-36.99888229370117,-37.00016784667969,-37.00141525268555,-37.002628326416016,-37.00380325317383,-37.004940032958984,-37.006046295166016,-37.007118225097656,-37.008155822753906,-37.00916290283203,-37.01013946533203,-37.011085510253906,-37.01200485229492,-37.01289367675781,-37.013755798339844,-37.01458740234375,-37.01539611816406,-37.016178131103516,-37.016937255859375,-37.017669677734375,-37.01837921142578,-37.01906967163086,-37.01973342895508,-37.0203742980957,-37.02099609375,-37.02159881591797,-37.022178649902344,-37.02273941040039,-37.02328109741211,-37.023807525634766,-37.024314880371094,-37.024803161621094,-37.02527618408203,-37.02573013305664,-37.02616882324219,-37.02659606933594,-37.02700424194336,-37.027400970458984,-37.02778244018555,-37.02814865112305,-37.02850341796875,-37.02884292602539,-37.029170989990234,-37.02949142456055,-37.0297966003418,-37.03009033203125,-37.030372619628906,-37.030643463134766,-37.030906677246094,-37.031158447265625,-37.031402587890625,-37.03163528442383,-37.031856536865234,-37.032073974609375,-37.03227996826172,-37.0324821472168,-37.03267288208008,-37.03285598754883,-37.03303146362305,-37.033203125,-37.033363342285156,-37.03351974487305,-37.03367233276367,-37.0338134765625,-37.03395080566406,-37.03408432006836,-37.034210205078125,-37.034332275390625,-37.03445053100586,-37.03456115722656,-37.03466796875,-37.03477096557617,-37.03487014770508,-37.03496170043945,-37.03505325317383,-37.03513717651367,-37.035221099853516,-37.035301208496094,-37.03537368774414,-37.03544616699219,-37.03551483154297,-37.035579681396484,-37.03564453125,-37.03570556640625,-37.035762786865234,-37.03581619262695,-37.03586959838867,-37.035919189453125,-37.03596496582031,-37.0360107421875,-37.03605651855469,-37.03609848022461,-37.036136627197266,-37.03617477416992,-37.03620910644531,-37.0362434387207,-37.036277770996094,-37.03630828857422,-37.036338806152344,-37.0363655090332,-37.03639221191406,-37.03641891479492,-37.036441802978516,-37.03646469116211,-37.0364875793457,-37.0365104675293,-37.036529541015625,-37.03654861450195,-37.03656768798828,-37.036582946777344,-37.036598205566406,-37.03661346435547,-37.03662872314453,-37.036643981933594,-37.03665542602539,-37.03667068481445,-37.03668212890625,-37.03669357299805,-37.03670120239258,-37.036712646484375,-37.03672409057617,-37.0367317199707,-37.036739349365234,-37.036746978759766,-37.03675842285156,-37.03676223754883,-37.03676986694336,-37.03677749633789,-37.03678512573242,-37.03678894042969,-37.03679656982422,-37.036800384521484,-37.03680419921875,-37.03681182861328,-37.03681564331055,-37.03681945800781
-25.428874969482422,-25.66901969909668,-25.914716720581055,-26.1608829498291,-26.404033660888672,-26.64130401611328,-26.868114471435547,-27.078968048095703,-27.269664764404297,-27.439605712890625,-27.593191146850586,-27.739057540893555,-27.886812210083008,-28.043663024902344,-28.21324920654297,-28.395980834960938,-28.58977699279785,-28.791154861450195,-28.996179580688477,-29.200790405273438,-29.400808334350586,-29.592559814453125,-29.774253845214844,-29.94733428955078,-30.11654281616211,-30.287853240966797,-30.465211868286133,-30.64845085144043,-30.83360481262207,-31.01496124267578,-31.187618255615234,-31.349544525146484,-31.502389907836914,-31.650489807128906,-31.798198699951172,-31.94703483581543,-32.09462356567383,-32.23619842529297,-32.367610931396484,-32.48798370361328,-32.60026168823242,-32.70906066894531,-32.81736755371094,-32.924625396728516,-33.02764892578125,-33.123321533203125,-33.21107864379883,-33.293312072753906,-33.373416900634766,-33.453163146972656,-33.531707763671875,-33.60680389404297,-33.67692947387695,-33.74240493774414,-33.80464172363281,-33.86440658569336,-33.916664123535156,-34.02264404296875,-34.092288970947266,-34.149070739746094,-34.22264099121094,-34.29833984375,-34.36219024658203,-34.41743469238281,-34.474876403808594,-34.535404205322266,-34.592620849609375,-34.64324188232422,-34.6904296875,-34.73841857910156,-34.78694534301758,-34.83281707763672,-34.87467956542969,-34.914581298828125,-34.95480728149414,-34.99501419067383,-35.03334426879883,-35.06915283203125,-35.103702545166016,-35.13822555541992,-35.17236328125,-35.205055236816406,-35.23615264892578,-35.266441345214844,-35.296348571777344,-35.32545471191406,-35.35334014892578,-35.3802604675293,-35.406707763671875,-35.43270492553711,-35.45793914794922,-35.48234939575195,-35.50619125366211,-35.52959442138672,-35.55247116088867,-35.574798583984375,-35.596702575683594,-35.61819839477539,-35.63916778564453,-35.65964126586914,-35.67976760864258,-35.699554443359375,-35.71885299682617,-35.73765563964844,-35.75612258911133,-35.77428436279297,-35.7919921875,-35.80923080444336,-35.82612991333008,-35.84272384643555,-35.80652618408203,-35.8766975402832,-35.88450622558594,-35.880470275878906,-35.90462112426758,-35.93754577636719,-35.95884323120117,-35.96599578857422,-35.97215270996094,-35.98728942871094,-36.00847244262695,-36.02736282348633,-36.039337158203125,-36.047080993652344,-36.0567512512207,-36.071075439453125,-36.08750915527344,-36.10188293457031,-36.112606048583984,-36.12178421020508,-36.132545471191406,-36.145694732666016,-36.159400939941406,-36.17148971557617,-36.18171310424805,-36.191688537597656,-36.20290756225586,-36.21519088745117,-36.227237701416016,-36.238243103027344,-36.24873352050781,-36.25981521606445,-36.27184295654297,-36.284183502197266,-36.29616928100586,-36.30790710449219,-36.32007598876953,-36.33302688598633,-36.3464241027832,-36.35977554321289,-36.37308883666992,-36.38679885864258,-36.40116882324219,-36.41597366333008,-36.43086624145508,-36.44584655761719,-36.46123123168945,-36.47718811035156,-36.49354553222656,-36.510066986083984,-36.526763916015625,-36.54383850097656,-36.56136703491211,-36.57920455932617,-36.59720230102539,-36.615386962890625,-36.63385772705078,-36.65261459350586,-36.671531677246094,-36.6905403137207,-36.70967102050781,-36.72894287109375,-36.748291015625,-36.767616271972656,-36.78689956665039,-36.8061408996582,-36.82529830932617,-36.84429168701172,-36.86305236816406,-36.881561279296875,-36.899803161621094,-36.91770553588867,-36.93520736694336,-36.9522705078125,-36.968875885009766,-36.98499298095703,-37.00056457519531,-37.015560150146484,-37.02997970581055,-37.04380416870117,-37.0570182800293,-37.06960678100586,-37.08158493041992,-37.09296798706055,-37.103759765625,-37.113975524902344,-37.1236457824707,-37.13279342651367,-37.14144515991211,-37.149627685546875,-37.15736770629883,-37.16469192504883,-37.171627044677734,-37.17818832397461,-37.18439483642578,-37.190269470214844,-37.195823669433594,-37.20106506347656,-37.20600509643555,-37.210655212402344,-37.215023040771484,-37.219112396240234,-37.22293472290039,-37.22649383544922,-37.22980499267578,-37.232872009277344,-37.23571014404297,-37.23833084106445,-37.24074172973633,-37.24296188354492,-37.24500274658203,-37.24687194824219,-37.248592376708984,-37.25016403198242,-37.251609802246094,-37.252933502197266,-37.254146575927734,-37.2552604675293,-37.25627517700195,-37.257205963134766,-37.258056640625,-37.25883102416992,-37.2595329284668,-37.260169982910156,-37.260746002197266,-37.26126480102539,-37.2617301940918,-37.26214599609375,-37.26251983642578,-37.262847900390625,-37.26313781738281,-37.263397216796875,-37.26362228393555,-37.26382064819336,-37.26399612426758,-37.2641487121582,-37.2642822265625,-37.26439666748047,-37.264495849609375,-37.264583587646484,-37.2646598815918,-37.26472473144531,-37.2647819519043,-37.26483154296875,-37.26487350463867,-37.26491165161133,-37.26494216918945,-37.26496887207031,-37.264991760253906,-37.265010833740234,-37.26502990722656,-37.265045166015625,-37.26505661010742,-37.26506805419922,-37.265079498291016,-37.26508712768555,-37.265098571777344,-37.265106201171875,-37.265113830566406,-37.26512145996094,-37.26512908935547,-37.26513671875,-37.26514434814453,-37.26515197753906,-37.265159606933594,-37.265167236328125,-37.265174865722656,-37.26518249511719,-37.26519012451172,-37.26519775390625,-37.26520538330078,-37.26521301269531,-37.265220642089844,-37.26523208618164,-37.26523971557617,-37.2652473449707,-37.2652587890625,-37.26526641845703,-37.26527404785156,-37.26528549194336,-37.26529312133789,-37.26530456542969,-37.26531219482422,-37.265323638916016,-37.26533126831055,-37.265342712402344,-37.265350341796875,-37.265357971191406,-37.26536560058594,-37.2653694152832,-37.26537322998047,-37.26538848876953,-37.26540756225586,-37.26541519165039,-37.265419006347656,-37.26543045043945,-37.265445709228516,-37.26544952392578,-37.26545715332031,-37.265472412109375,-37.26547622680664,-37.26548385620117,-37.26549530029297,-37.2655029296875,-37.26551055908203,-37.26552200317383,-37.26552963256836,-37.26553726196289,-37.26554489135742,-37.26555252075195,-37.265560150146484,-37.265567779541016,-37.26557540893555,-37.26558303833008,-37.26559066772461,-37.265594482421875,-37.265602111816406,-37.26560974121094,-37.2656135559082,-37.265621185302734,-37.265628814697266,-37.26563262939453,-37.2656364440918,-37.26564407348633,-37.265647888183594,-37.265655517578125,-37.26565933227539
-27.815414428710938,-27.983665466308594,-28.142988204956055,-28.296611785888672,-28.447641372680664,-28.597148895263672,-28.74577522277832,-28.893924713134766,-29.041507720947266,-29.188129425048828,-29.33327293395996,-29.476282119750977,-29.616321563720703,-29.752521514892578,-29.884235382080078,-30.01132583618164,-30.134302139282227,-30.25411033630371,-30.37166976928711,-30.487564086914062,-30.602006912231445,-30.714941024780273,-30.82611656188965,-30.93514633178711,-31.04157257080078,-31.144914627075195,-31.244718551635742,-31.340627670288086,-31.432415008544922,-31.520021438598633,-31.603561401367188,-31.683313369750977,-31.75966453552246,-31.83304786682129,-31.90385627746582,-31.972379684448242,-32.03877639770508,-32.10307693481445,-32.16523742675781,-32.225181579589844,-32.282840728759766,-32.338191986083984,-32.3912467956543,-32.44204330444336,-32.49059295654297,-32.53689193725586,-32.58088684082031,-32.62250518798828,-32.66167449951172,-32.7274055480957,-32.795867919921875,-32.85924530029297,-32.917823791503906,-32.974788665771484,-33.03007507324219,-33.08261489868164,-33.13262176513672,-33.18075180053711,-33.2270622253418,-33.2713737487793,-33.313690185546875,-33.35417938232422,-33.39306640625,-33.43061447143555,-33.46702194213867,-33.502342224121094,-33.536590576171875,-33.56983184814453,-33.6021842956543,-33.63374328613281,-33.664546966552734,-33.69463348388672,-33.724056243896484,-33.752925872802734,-33.781341552734375,-33.80938720703125,-33.837093353271484,-33.864501953125,-33.891658782958984,-33.91862487792969,-33.9454345703125,-33.97208786010742,-33.99856185913086,-34.024845123291016,-34.05091857910156,-34.076759338378906,-34.10231399536133,-34.12752151489258,-34.15232849121094,-34.17668533325195,-34.2005615234375,-34.22391128540039,-34.24671173095703,-34.26894760131836,-34.290645599365234,-34.311832427978516,-34.33253479003906,-34.3527717590332,-34.37256622314453,-34.39195251464844,-34.41093826293945,-34.42953109741211,-34.44771957397461,-34.46549987792969,-34.482845306396484,-34.4997444152832,-34.51617431640625,-34.53211975097656,-34.54758071899414,-34.562564849853516,-34.577091217041016,-34.591182708740234,-34.60486602783203,-34.61817169189453,-34.63113021850586,-34.646339416503906,-34.66611862182617,-34.683719635009766,-34.69916534423828,-34.71575927734375,-34.732513427734375,-34.747982025146484,-34.76228332519531,-34.776123046875,-34.78989791870117,-34.80352783203125,-34.81672286987305,-34.829227447509766,-34.84116744995117,-34.85289764404297,-34.86454391479492,-34.87590408325195,-34.88681411743164,-34.89727783203125,-34.907379150390625,-34.917179107666016,-34.92672348022461,-34.9360237121582,-34.94499969482422,-34.95355224609375,-34.961734771728516,-34.969688415527344,-34.977455139160156,-34.98493957519531,-34.99208068847656,-34.998905181884766,-35.00548553466797,-35.0118408203125,-35.01797103881836,-35.023868560791016,-35.02952575683594,-35.03493881225586,-35.04014205932617,-35.0451545715332,-35.04998016357422,-35.05459976196289,-35.059017181396484,-35.06325149536133,-35.067317962646484,-35.07122039794922,-35.074954986572266,-35.07851791381836,-35.0819206237793,-35.08517837524414,-35.08829116821289,-35.09126663208008,-35.09409713745117,-35.096797943115234,-35.099369049072266,-35.10182189941406,-35.10416030883789,-35.106388092041016,-35.10850143432617,-35.110511779785156,-35.1124267578125,-35.1142463684082,-35.11597442626953,-35.117618560791016,-35.119178771972656,-35.12065887451172,-35.1220703125,-35.123409271240234,-35.12467575073242,-35.12588119506836,-35.12702560424805,-35.12811279296875,-35.12914276123047,-35.130123138427734,-35.13105010986328,-35.13193130493164,-35.13276672363281,-35.1335563659668,-35.134307861328125,-35.13501739501953,-35.13569259643555,-35.13633346557617,-35.13693618774414,-35.137508392333984,-35.13805389404297,-35.13856506347656,-35.13905334472656,-35.13951110839844,-35.13994598388672,-35.140357971191406,-35.140743255615234,-35.141109466552734,-35.141456604003906,-35.141780853271484,-35.14208984375,-35.14237976074219,-35.14265060424805,-35.142906188964844,-35.14314651489258,-35.143375396728516,-35.143585205078125,-35.1437873840332,-35.14397430419922,-35.14414978027344,-35.14431381225586,-35.144466400146484,-35.14461135864258,-35.144744873046875,-35.14487075805664,-35.144989013671875,-35.14509582519531,-35.145198822021484,-35.145294189453125,-35.145381927490234,-35.14546203613281,-35.145538330078125,-35.14561080932617,-35.14567565917969,-35.14573669433594,-35.145790100097656,-35.145843505859375,-35.14589309692383,-35.14593505859375,-35.14597702026367,-35.14601516723633,-35.14604949951172,-35.14608383178711,-35.146114349365234,-35.146141052246094,-35.14616394042969,-35.14618682861328,-35.146209716796875,-35.1462287902832,-35.14624786376953,-35.146263122558594,-35.146278381347656,-35.14629364013672,-35.146305084228516,-35.14631652832031,-35.14632797241211,-35.146339416503906,-35.14634704589844,-35.14635467529297,-35.1463623046875,-35.14636993408203,-35.14637756347656,-35.14638137817383,-35.146385192871094,-35.146392822265625,-35.14639663696289,-35.146400451660156,-35.14640426635742
-27.880056381225586,-27.973180770874023,-28.065834045410156,-28.157108306884766,-28.246232986450195,-28.332883834838867,-28.417402267456055,-28.500463485717773,-28.582666397094727,-28.664514541625977,-28.746139526367188,-28.82735252380371,-28.907835006713867,-28.987407684326172,-29.066503524780273,-29.14638900756836,-29.228239059448242,-29.312824249267578,-29.400766372680664,-29.493019104003906,-29.591209411621094,-29.695951461791992,-29.80651092529297,-29.923185348510742,-30.046838760375977,-30.175901412963867,-30.308929443359375,-30.446514129638672,-30.586406707763672,-30.728208541870117,-30.871902465820312,-31.01483726501465,-31.157804489135742,-31.299575805664062,-31.440900802612305,-31.582073211669922,-31.72252655029297,-31.86261749267578,-32.00046157836914,-32.13568115234375,-32.26629638671875,-32.3928337097168,-32.515201568603516,-32.63490676879883,-32.752464294433594,-32.86805725097656,-32.981666564941406,-33.092281341552734,-33.19997787475586,-33.30349349975586,-33.402503967285156,-33.496829986572266,-33.58671188354492,-33.673465728759766,-33.7574462890625,-33.83847427368164,-33.916324615478516,-33.99036407470703,-34.06028747558594,-34.12612533569336,-34.18775177001953,-34.245201110839844,-34.2988395690918,-34.34885787963867,-34.39511489868164,-34.437679290771484,-34.47704315185547,-34.51382827758789,-34.54844284057617,-34.581058502197266,-34.59157943725586,-34.670188903808594,-34.70219039916992,-34.73116683959961,-34.78028869628906,-34.83103561401367,-34.87024688720703,-34.901710510253906,-34.936553955078125,-34.97749328613281,-35.018699645996094,-35.05449676513672,-35.08540344238281,-35.1166877746582,-35.1515007019043,-35.187950134277344,-35.2223014831543,-35.25322723388672,-35.282894134521484,-35.314029693603516,-35.34676742553711,-35.37909698486328,-35.409603118896484,-35.43899154663086,-35.4688606262207,-35.499549865722656,-35.52993392944336,-35.55905532836914,-35.587318420410156,-35.61580276489258,-35.64474105834961,-35.673274993896484,-35.70069885253906,-35.727317810058594,-35.753929138183594,-35.78070068359375,-35.80705261230469,-35.83257293701172,-35.85753631591797,-35.88241195678711,-35.90719223022461,-35.9315071105957,-35.95526123046875,-35.97872543334961,-36.00209426879883,-36.02517318725586,-36.04775619506836,-36.0699462890625,-36.09197235107422,-36.11382293701172,-36.13528060913086,-36.15629959106445,-36.17706298828125,-36.1976432800293,-36.2179069519043,-36.237762451171875,-36.257293701171875,-36.27656555175781,-36.29549026489258,-36.313987731933594,-36.33211135864258,-36.34990692138672,-36.3672981262207,-36.38423538208008,-36.40078353881836,-36.41697692871094,-36.43275833129883,-36.4481201171875,-36.46311950683594,-36.47777557373047,-36.49205780029297,-36.50597381591797,-36.51957321166992,-36.5328483581543,-36.5457763671875,-36.55838394165039,-36.57068634033203,-36.58266830444336,-36.594329833984375,-36.60569763183594,-36.61677169799805,-36.575416564941406,-36.643558502197266,-36.649288177490234,-36.64208221435547,-36.66279220581055,-36.69269561767578,-36.71148681640625,-36.71590805053711,-36.71852493286133,-36.729942321777344,-36.748077392578125,-36.76470184326172,-36.77450180053711,-36.779266357421875,-36.78500747680664,-36.795143127441406,-36.80778884887695,-36.81877517700195,-36.82596969604492,-36.830997467041016,-36.837127685546875,-36.84573745727539,-36.85533142089844,-36.86351013183594,-36.869468688964844,-36.87456512451172,-36.8806037902832,-36.88792037963867,-36.89527893066406,-36.901432037353516,-36.90640640258789,-36.91130065917969,-36.916927337646484,-36.922977447509766,-36.92853546142578,-36.93318176269531,-36.9373779296875,-36.94181823730469,-36.94658279418945,-36.951148986816406,-36.95509338378906,-36.95856857299805,-36.96205139160156,-36.96571350097656,-36.96927261352539,-36.97240447998047,-36.97515869140625,-36.97784423828125,-36.98060607910156,-36.9832763671875,-36.985652923583984,-36.98776626586914,-36.98981857299805,-36.99189758300781,-36.99388885498047,-36.99567413330078,-36.99729537963867,-36.99888229370117,-37.0004768371582,-37.001983642578125,-37.00334548950195,-37.00462341308594,-37.00589370727539,-37.00714874267578,-37.00833511352539,-37.00942611694336,-37.01048278808594,-37.011539459228516,-37.01256561279297,-37.01353454589844,-37.01444625854492,-37.01534652709961,-37.0162353515625,-37.01708984375,-37.01789474487305,-37.01866912841797,-37.019432067871094,-37.02016830444336,-37.02086639404297,-37.02153015136719,-37.02217483520508,-37.02280044555664,-37.02339172363281,-37.02395248413086,-37.02449035644531,-37.0250129699707,-37.0255126953125,-37.02598190307617,-37.026432037353516,-37.0268669128418,-37.02728271484375,-37.02767562866211,-37.02804946899414,-37.028411865234375,-37.02876281738281,-37.02909469604492,-37.0294075012207,-37.02971267700195,-37.030006408691406,-37.03028869628906,-37.030555725097656,-37.03081512451172,-37.031063079833984,-37.03130340576172,-37.03152847290039,-37.0317497253418,-37.03196334838867,-37.03216552734375,-37.0323600769043,-37.03254699707031,-37.0327262878418,-37.03289794921875,-37.03306579589844,-37.03322219848633,-37.03337478637695,-37.03351974487305,-37.033660888671875,-37.03379440307617,-37.0339241027832,-37.0340461730957,-37.03416442871094,-37.034278869628906,-37.03438949584961,-37.03449249267578,-37.03459548950195,-37.034690856933594,-37.03478240966797,-37.034873962402344,-37.03495788574219,-37.035037994384766,-37.035118103027344,-37.035194396972656,-37.0352668762207,-37.035335540771484,-37.035404205322266,-37.035465240478516,-37.035526275634766,-37.035587310791016,-37.03564453125,-37.03569793701172,-37.03575134277344,-37.03580093383789,-37.03584671020508,-37.035892486572266,-37.03593826293945,-37.035980224609375,-37.03601837158203,-37.03605651855469,-37.036094665527344,-37.036128997802734,-37.036163330078125,-37.036197662353516,-37.03622817993164,-37.036258697509766,-37.036285400390625,-37.03631591796875,-37.03634262084961,-37.0363655090332,-37.0363883972168,-37.036415100097656,-37.036434173583984,-37.03645706176758,-37.036476135253906,-37.036495208740234,-37.03651428222656,-37.03653335571289,-37.03654861450195,-37.036563873291016,-37.03657913208008,-37.03659439086914,-37.0366096496582,-37.03662109375,-37.03663635253906,-37.03664779663086,-37.036659240722656,-37.03667068481445,-37.03668212890625,-37.03668975830078,-37.03670120239258,-37.03670883178711,-37.036720275878906,-37.03672790527344,-37.03673553466797,-37.0367431640625,-37.03675079345703,-37.03675842285156,-37.036766052246094,-37.03676986694336,-37.03677749633789,-37.036781311035156,-37.03678894042969,-37.03679275512695,-37.03679656982422,-37.03680419921875,-37.036808013916016
-27.036943435668945,-27.150928497314453,-27.262542724609375,-27.3712215423584,-27.476333618164062,-27.578781127929688,-27.68120765686035,-27.78568458557129,-27.89246368408203,-28.00059700012207,-28.109268188476562,-28.219831466674805,-28.33559799194336,-28.458927154541016,-28.59033966064453,-28.7288818359375,-28.873170852661133,-29.023521423339844,-29.182527542114258,-29.350242614746094,-29.52276611328125,-29.697046279907227,-29.875028610229492,-30.057960510253906,-30.241756439208984,-30.423097610473633,-30.604652404785156,-30.787090301513672,-30.96723175048828,-31.146892547607422,-31.329435348510742,-31.51191520690918,-31.69331932067871,-31.876203536987305,-32.057804107666016,-32.23739242553711,-32.41632843017578,-32.5904426574707,-32.7589225769043,-32.92213439941406,-33.07763671875,-33.22710037231445,-33.36821746826172,-33.49988555908203,-33.62283706665039,-33.7357292175293,-33.84014129638672,-33.934173583984375,-34.018856048583984,-34.09415054321289,-34.160736083984375,-34.21884536743164,-34.26853561401367,-34.311344146728516,-34.347625732421875,-34.3785285949707,-34.40387725830078,-34.40035629272461,-34.47599411010742,-34.49830627441406,-34.519493103027344,-34.55965042114258,-34.597442626953125,-34.62043380737305,-34.636322021484375,-34.65727615356445,-34.68353271484375,-34.708011627197266,-34.726287841796875,-34.74092102050781,-34.75725173950195,-34.776790618896484,-34.796905517578125,-34.81492614746094,-34.83121871948242,-34.84835433959961,-34.867774963378906,-34.888492584228516,-34.9088249206543,-34.928524017333984,-34.94887924194336,-34.97087860107422,-34.9940299987793,-35.017189025878906,-35.04001998901367,-35.063236236572266,-35.08747100830078,-35.11240768432617,-35.13728332519531,-35.16191101074219,-35.18682861328125,-35.212459564208984,-35.23855972290039,-35.264625549316406,-35.29063034057617,-35.316993713378906,-35.34394836425781,-35.3712272644043,-35.39851379394531,-35.425872802734375,-35.45358657836914,-35.48167037963867,-35.509803771972656,-35.53778076171875,-35.565711975097656,-35.59375,-35.62177658081055,-35.649559020996094,-35.67706298828125,-35.704410552978516,-35.73163986206055,-35.75861358642578,-35.78525924682617,-35.81163787841797,-35.83781051635742,-35.86370849609375,-35.88924789428711,-35.914432525634766,-35.939308166503906,-35.963836669921875,-35.98794174194336,-36.0116081237793,-36.034847259521484,-36.05763626098633,-36.07992172241211,-36.10170364379883,-36.12297821044922,-36.143699645996094,-36.16383743286133,-36.18337631225586,-36.202293395996094,-36.22053909301758,-36.238075256347656,-36.2548828125,-36.270931243896484,-36.28617477416992,-36.30059814453125,-36.314205169677734,-36.32698059082031,-36.33891296386719,-36.35002899169922,-36.3603515625,-36.36989974975586,-36.378700256347656,-36.38679504394531,-36.394222259521484,-36.35340881347656,-36.41790771484375,-36.42226028442383,-36.414573669433594,-36.43386459350586,-36.46187973022461,-36.47919845581055,-36.482784271240234,-36.48434829711914,-36.49394607543945,-36.50994873046875,-36.524879455566406,-36.533660888671875,-36.53752899169922,-36.541839599609375,-36.55009078979492,-36.561073303222656,-36.5711555480957,-36.57801818847656,-36.58250045776367,-36.58732986450195,-36.594215393066406,-36.6024169921875,-36.60990905761719,-36.6154899597168,-36.61976623535156,-36.62431335449219,-36.629947662353516,-36.63608932495117,-36.641578674316406,-36.64590835571289,-36.64965057373047,-36.65370178222656,-36.658329010009766,-36.66301345825195,-36.667118072509766,-36.670589447021484,-36.673927307128906,-36.67756271362305,-36.681419372558594,-36.685081481933594,-36.68830871582031,-36.69127655029297,-36.694313049316406,-36.697509765625,-36.700653076171875,-36.703529357910156,-36.706172943115234,-36.70878982543945,-36.71149826049805,-36.714195251464844,-36.71672821044922,-36.719093322753906,-36.721412658691406,-36.72377395629883,-36.72612380981445,-36.728370666503906,-36.730499267578125,-36.73258972167969,-36.73469161987305,-36.73678207397461,-36.73879623413086,-36.74072265625,-36.74262237548828,-36.7445182800293,-36.746395111083984,-36.74821472167969,-36.74997329711914,-36.751712799072266,-36.753440856933594,-36.755149841308594,-36.756805419921875,-36.758426666259766,-36.76002883911133,-36.761619567871094,-36.76318359375,-36.764713287353516,-36.766212463378906,-36.767704010009766,-36.76918029785156,-36.770633697509766,-36.77206039428711,-36.77347183227539,-36.774879455566406,-36.77627182006836,-36.777652740478516,-36.77901840209961,-36.78037643432617,-36.78173828125,-36.7830924987793,-36.78444290161133,-36.78579330444336,-36.787147521972656,-36.78851318359375,-36.78988265991211,-36.791263580322266,-36.792659759521484,-36.7940788269043,-36.79551696777344,-36.79698181152344,-36.79847717285156,-36.80000686645508,-36.80157470703125,-36.80318832397461,-36.804847717285156,-36.80656051635742,-36.80833053588867,-36.810157775878906,-36.812049865722656,-36.81400680541992,-36.81602478027344,-36.81810760498047,-36.820247650146484,-36.82243728637695,-36.82466506958008,-36.8269157409668,-36.82917785644531,-36.83142852783203,-36.833641052246094,-36.83580017089844,-36.83787536621094,-36.83985137939453,-36.84170913696289,-36.843441009521484,-36.84503936767578,-36.84651565551758,-36.84788131713867,-36.84916305541992,-36.85038375854492,-36.8515625,-36.85271453857422,-36.853851318359375,-36.85496139526367,-36.85604476928711,-36.85708236694336,-36.858062744140625,-36.85897445678711,-36.85980987548828,-36.860565185546875,-36.861244201660156,-36.861854553222656,-36.86241149902344,-36.86292266845703,-36.863407135009766,-36.863868713378906,-36.864315032958984,-36.86474609375,-36.86515808105469,-36.86555099487305,-36.86592102050781,-36.86625671386719,-36.8665657043457,-36.86684036254883,-36.86709213256836,-36.86731719970703,-36.86752700805664,-36.86772537231445,-36.8679084777832,-36.86808776855469,-36.86825942993164,-36.8684196472168,-36.86857223510742,-36.86871337890625,-36.86884307861328,-36.868961334228516,-36.86906433105469,-36.869163513183594,-36.8692512512207,-36.86933135986328,-36.869407653808594,-36.86948013305664,-36.869544982910156,-36.86960983276367,-36.86967086791992,-36.86972427368164,-36.869773864746094,-36.869815826416016,-36.86985778808594,-36.86989212036133,-36.86992645263672,-36.86995315551758,-36.8699836730957,-36.8700065612793,-36.87002944946289,-36.870052337646484,-36.87007141113281,-36.87009048461914,-36.8701057434082,-36.870121002197266,-36.87013244628906,-36.87014389038086,-36.870155334472656,-36.87016296386719,-36.87017059326172,-36.87017822265625,-36.87018585205078,-36.87019348144531,-36.87019729614258,-36.87020492553711,-36.870208740234375,-36.87021255493164,-36.870216369628906,-36.870216369628906
-26.119197845458984,-26.27935791015625,-26.43715476989746,-26.587636947631836,-26.725629806518555,-26.848430633544922,-26.95876693725586,-27.065105438232422,-27.176513671875,-27.297731399536133,-27.429109573364258,-27.568485260009766,-27.71236228942871,-27.856664657592773,-27.997684478759766,-28.13320541381836,-28.263370513916016,-28.39052963256836,-28.517688751220703,-28.646699905395508,-28.77747344970703,-28.908329010009766,-29.036958694458008,-29.1615047454834,-29.281509399414062,-29.398330688476562,-29.51463508605957,-29.632991790771484,-29.75457000732422,-29.87873649597168,-30.003658294677734,-30.12740707397461,-30.249038696289062,-30.36910057067871,-30.489131927490234,-30.610422134399414,-30.73305892944336,-30.856029510498047,-30.978242874145508,-31.099594116210938,-31.221162796020508,-31.344261169433594,-31.469139099121094,-31.594600677490234,-31.7188663482666,-31.841032028198242,-31.961750030517578,-32.0822639465332,-32.20268630981445,-32.32170486450195,-32.43813705444336,-32.55226516723633,-32.66496658325195,-32.77581787109375,-32.88301467895508,-32.98530578613281,-33.0830192565918,-33.17667770385742,-33.26567459106445,-33.34931182861328,-33.4282112121582,-33.50339126586914,-33.574798583984375,-33.641998291015625,-33.70549011230469,-33.7660026550293,-33.82332229614258,-33.8770637512207,-33.927677154541016,-33.97562789916992,-34.020633697509766,-34.062564849853516,-34.1019401550293,-34.125213623046875,-34.20871353149414,-34.25528335571289,-34.30191421508789,-34.360965728759766,-34.41496658325195,-34.458290100097656,-34.5008659362793,-34.55002975463867,-34.60227966308594,-34.65116882324219,-34.695518493652344,-34.73975372314453,-34.78705596923828,-34.836097717285156,-34.884212493896484,-34.93122482299805,-34.97925567626953,-35.02920150756836,-35.079566955566406,-35.12875747680664,-35.17698287963867,-35.22551727294922,-35.27450942993164,-35.322792053222656,-35.36973190307617,-35.41603469848633,-35.46236038208008,-35.508060455322266,-35.5519905090332,-35.59413528442383,-35.63542175292969,-35.676177978515625,-35.715667724609375,-35.75331497192383,-35.78941345214844,-35.82437515258789,-35.85798645019531,-35.88991928100586,-35.920372009277344,-35.94964599609375,-35.97760772705078,-36.0040168762207,-36.02906036376953,-36.053043365478516,-36.075927734375,-36.09754180908203,-36.11801528930664,-36.137596130371094,-36.15629196166992,-36.17401885986328,-36.190887451171875,-36.20702362060547,-36.22244644165039,-36.19340133666992,-36.259971618652344,-36.27226638793945,-36.27363967895508,-36.29976272583008,-36.33371353149414,-36.35758972167969,-36.369117736816406,-36.37961959838867,-36.398006439208984,-36.42204284667969,-36.444576263427734,-36.46132278442383,-36.47414779663086,-36.48823928833008,-36.50629806518555,-36.52649688720703,-36.54529571533203,-36.561058044433594,-36.575286865234375,-36.590755462646484,-36.60853576660156,-36.62730407714844,-36.645111083984375,-36.66143035888672,-36.67752456665039,-36.694908142089844,-36.71376419067383,-36.73300552368164,-36.75164031982422,-36.76984405517578,-36.78861618041992,-36.80856704711914,-36.82932662963867,-36.85010528564453,-36.87064743041992,-36.89143753051758,-36.91301727294922,-36.93532943725586,-36.95784378051758,-36.98023986816406,-37.00271987915039,-37.025634765625,-37.048988342285156,-37.07240676879883,-37.09561538696289,-37.118690490722656,-37.14183044433594,-37.16498947143555,-37.187870025634766,-37.210269927978516,-37.23222732543945,-37.25383758544922,-37.27499771118164,-37.29547119140625,-37.31513977050781,-37.33405685424805,-37.352237701416016,-37.369571685791016,-37.38591766357422,-37.40125274658203,-37.4156494140625,-37.429100036621094,-37.441532135009766,-37.45293045043945,-37.463356018066406,-37.47288131713867,-37.48151397705078,-37.489261627197266,-37.49618911743164,-37.50239562988281,-37.507938385009766,-37.51284408569336,-37.51717758178711,-37.521018981933594,-37.52444076538086,-37.52747344970703,-37.53015899658203,-37.53255844116211,-37.53472137451172,-37.53667068481445,-37.538421630859375,-37.540008544921875,-37.54145812988281,-37.54278564453125,-37.54399108886719,-37.54508972167969,-37.54610061645508,-37.547027587890625,-37.54786682128906,-37.54862976074219,-37.5493278503418,-37.54996871948242,-37.5505485534668,-37.55107498168945,-37.55155944824219,-37.552005767822266,-37.55241775512695,-37.55279541015625,-37.55315399169922,-37.553489685058594,-37.55380630493164,-37.554107666015625,-37.55439376831055,-37.55466842651367,-37.554931640625,-37.555179595947266,-37.555419921875,-37.55564880371094,-37.55586624145508,-37.556068420410156,-37.55625915527344,-37.55643844604492,-37.556602478027344,-37.55675506591797,-37.5568962097168,-37.55702209472656,-37.55713653564453,-37.5572395324707,-37.557334899902344,-37.55741500854492,-37.557491302490234,-37.55755615234375,-37.5576171875,-37.55767059326172,-37.557716369628906,-37.557762145996094,-37.55780029296875,-37.557838439941406,-37.55786895751953,-37.557899475097656,-37.557926177978516,-37.557952880859375,-37.55797576904297,-37.55799865722656,-37.55801773071289,-37.55803680419922,-37.55805587768555,-37.55807113647461,-37.558082580566406,-37.55809783935547,-37.558109283447266,-37.5581169128418,-37.558128356933594,-37.558135986328125,-37.558143615722656,-37.55815124511719,-37.55815887451172,-37.558162689208984,-37.558170318603516,-37.55817413330078,-37.55817794799805,-37.55818176269531,-37.55818557739258
-26.486602783203125,-26.62885093688965,-26.76240348815918,-26.89195442199707,-27.019590377807617,-27.14588165283203,-27.27102279663086,-27.395341873168945,-27.51909637451172,-27.642332077026367,-27.764970779418945,-27.886913299560547,-28.00804328918457,-28.128131866455078,-28.246797561645508,-28.363595962524414,-28.47816276550293,-28.59030532836914,-28.700023651123047,-28.80744171142578,-28.91264533996582,-29.015567779541016,-29.116024017333984,-29.213802337646484,-29.308757781982422,-29.400848388671875,-29.49013328552246,-29.57670783996582,-29.660615921020508,-29.7418212890625,-29.82026481628418,-29.89592742919922,-29.9688663482666,-30.039155960083008,-30.106821060180664,-30.17184066772461,-30.23419761657715,-30.2939453125,-30.3511962890625,-30.406034469604492,-30.458480834960938,-30.508541107177734,-30.5562686920166,-30.601783752441406,-30.64521026611328,-30.686660766601562,-30.726261138916016,-30.764188766479492,-30.8006649017334,-30.83589744567871,-30.905654907226562,-30.977155685424805,-31.046720504760742,-31.114892959594727,-31.182605743408203,-31.250076293945312,-31.31690788269043,-31.382816314697266,-31.44791030883789,-31.51258659362793,-31.576934814453125,-31.64078140258789,-31.704021453857422,-31.766801834106445,-31.829347610473633,-31.8917179107666,-31.95387840270996,-32.0158805847168,-32.07789611816406,-32.14007568359375,-32.202369689941406,-32.264610290527344,-32.32664489746094,-32.38838195800781,-32.449703216552734,-32.51038360595703,-32.57018280029297,-32.628936767578125,-32.68658447265625,-32.74310302734375,-32.7984733581543,-32.85272979736328,-32.90595626831055,-32.95822525024414,-33.009521484375,-33.059783935546875,-33.108943939208984,-33.15697479248047,-33.20387268066406,-33.24964904785156,-33.294368743896484,-33.3381462097168,-33.38108444213867,-33.42323303222656,-33.464576721191406,-33.50504684448242,-33.54457092285156,-33.58306121826172,-33.620445251464844,-33.656700134277344,-33.691837310791016,-33.72588348388672,-33.75885009765625,-33.79072570800781,-33.82149887084961,-33.85115432739258,-33.87971496582031,-33.90720748901367,-33.933692932128906,-33.959224700927734,-33.98383331298828,-34.00753402709961,-34.030330657958984,-34.052249908447266,-34.073333740234375,-34.0936279296875,-34.12374496459961,-34.15968322753906,-34.19100570678711,-34.2197380065918,-34.2487678527832,-34.27743148803711,-34.30442810058594,-34.32951736450195,-34.35367965698242,-34.37777328491211,-34.40172576904297,-34.42502212524414,-34.44743728637695,-34.46923065185547,-34.49079513549805,-34.512264251708984,-34.53342819213867,-34.55399703979492,-34.573875427246094,-34.59318161010742,-34.612091064453125,-34.63063049316406,-34.648685455322266,-34.666141510009766,-34.6829719543457,-34.69927215576172,-34.71515655517578,-34.73067855834961,-34.745784759521484,-34.76041030883789,-34.77456283569336,-34.78831100463867,-34.80171585083008,-34.81477355957031,-34.82743835449219,-34.83968734741211,-34.8515625,-34.86311721801758,-34.8743782043457,-34.88533401489258,-34.8959846496582,-34.90635681152344,-34.9164924621582,-34.92639923095703,-34.93607711791992,-34.94551467895508,-34.954715728759766,-34.963687896728516,-34.972434997558594,-34.980960845947266,-34.98925018310547,-34.99729537963867,-35.00511169433594,-35.0127067565918,-35.020084381103516,-35.027244567871094,-35.034183502197266,-35.04092025756836,-35.04745864868164,-35.053802490234375,-35.05995559692383,-35.06592559814453,-35.071712493896484,-35.077327728271484,-35.08277893066406,-35.08806228637695,-35.09318923950195,-35.09815979003906,-35.10298156738281,-35.1076545715332,-35.112178802490234,-35.11656188964844,-35.12080383300781,-35.12490463256836,-35.128868103027344,-35.13269805908203,-35.136390686035156,-35.139957427978516,-35.14339828491211,-35.1467170715332,-35.1499137878418,-35.15299606323242,-35.155967712402344,-35.15882873535156,-35.161582946777344,-35.16423416137695,-35.166786193847656,-35.16924285888672,-35.171600341796875,-35.17387008666992,-35.17605209350586,-35.17815017700195,-35.18016052246094,-35.18209457397461,-35.18395233154297,-35.185733795166016,-35.187442779541016,-35.189083099365234,-35.19065856933594,-35.192169189453125,-35.19361877441406,-35.19500732421875,-35.19634246826172,-35.19762420654297,-35.198848724365234,-35.20002746582031,-35.20115661621094,-35.202239990234375,-35.203277587890625,-35.20427703857422,-35.205230712890625,-35.206146240234375,-35.207027435302734,-35.20786666870117,-35.208675384521484,-35.20945358276367,-35.21019744873047,-35.21091079711914,-35.21159744262695,-35.21225357055664,-35.21288299560547,-35.2134895324707,-35.21406936645508,-35.21462631225586,-35.21516036987305,-35.215675354003906,-35.21616744995117,-35.21664047241211,-35.21709442138672,-35.217533111572266,-35.21794891357422,-35.218353271484375,-35.2187385559082,-35.21910858154297,-35.21946334838867,-35.21980667114258,-35.22013473510742,-35.2204475402832,-35.22075271606445,-35.22104263305664,-35.22132110595703,-35.221588134765625,-35.22184371948242,-35.22209167480469,-35.222328186035156,-35.222557067871094,-35.222774505615234,-35.222984313964844,-35.22318649291992,-35.2233772277832,-35.22356414794922,-35.22373962402344,-35.22391128540039,-35.22407531738281,-35.2242317199707,-35.22438430786133,-35.224525451660156,-35.224666595458984,-35.22480010986328,-35.22492599487305,-35.22504806518555,-35.22516632080078,-35.225276947021484,-35.22538757324219,-35.22549057006836,-35.225589752197266,-35.225685119628906,-35.225772857666016,-35.225860595703125,-35.22594451904297,-35.22602462768555,-35.22610092163086,-35.22617721557617,-35.22624588012695,-35.226314544677734,-35.22637939453125,-35.2264404296875,-35.226497650146484,-35.22655487060547,-35.22661209106445,-35.226661682128906,-35.22671127319336,-35.22676086425781,-35.226806640625,-35.22684860229492,-35.22689437866211,-35.226932525634766,-35.22697067260742,-35.22700881958008,-35.22704315185547,-35.22707748413086,-35.22711181640625,-35.227142333984375,-35.2271728515625,-35.22719955444336,-35.22722625732422,-35.22725296020508,-35.22727966308594,-35.22730255126953,-35.22732925415039,-35.22734832763672,-35.22737121582031,-35.22739028930664,-35.227413177490234,-35.22743225097656,-35.22745132446289,-35.22746658325195,-35.22748565673828,-35.227500915527344,-35.227516174316406,-35.22753143310547,-35.22754669189453,-35.227561950683594,-35.22757339477539,-35.22758865356445,-35.22760009765625,-35.22761154174805,-35.227622985839844,-35.22763442993164,-35.22764587402344,-35.227657318115234,-35.22766876220703,-35.22767639160156,-35.22768783569336,-35.22769546508789,-35.22770690917969,-35.22771453857422,-35.22772216796875,-35.22772979736328,-35.22773742675781,-35.227745056152344,-35.227752685546875,-35.227760314941406,-35.22776794433594,-35.22777557373047,-35.227779388427734,-35.227787017822266,-35.2277946472168,-35.22779846191406,-35.227806091308594,-35.227813720703125,-35.22781753540039,-35.22782516479492,-35.22782897949219,-35.22783279418945,-35.227840423583984,-35.22784423828125
-26.738780975341797,-26.862163543701172,-26.986045837402344,-27.110286712646484,-27.234582901000977,-27.358461380004883,-27.481351852416992,-27.60291290283203,-27.723417282104492,-27.843236923217773,-27.96247673034668,-28.081052780151367,-28.198711395263672,-28.3153076171875,-28.431522369384766,-28.549318313598633,-28.67136573791504,-28.799488067626953,-28.933349609375,-29.07059669494629,-29.208044052124023,-29.343685150146484,-29.4787540435791,-29.61685562133789,-29.761188507080078,-29.91261100769043,-30.06979751586914,-30.231475830078125,-30.399038314819336,-30.576160430908203,-30.76500701904297,-30.964614868164062,-31.172435760498047,-31.386051177978516,-31.60375213623047,-31.82384490966797,-32.04415512084961,-32.26348114013672,-32.482608795166016,-32.70185089111328,-32.91813659667969,-33.12569046020508,-33.319305419921875,-33.49634552001953,-33.656776428222656,-33.80314254760742,-33.93946075439453,-34.0678825378418,-34.18767166137695,-34.29853439331055,-34.40156936645508,-34.49684143066406,-34.584285736083984,-34.66434097290039,-34.73576354980469,-34.797584533691406,-34.850852966308594,-34.8962287902832,-34.93461990356445,-34.967041015625,-34.992828369140625,-35.010005950927734,-35.0888671875,-35.117244720458984,-35.13859176635742,-35.175777435302734,-35.2114372253418,-35.23722457885742,-35.25811004638672,-35.281982421875,-35.3089485168457,-35.334129333496094,-35.35573196411133,-35.376346588134766,-35.39876937866211,-35.42256164550781,-35.444923400878906,-35.46406936645508,-35.480979919433594,-35.49789047241211,-35.51570510864258,-35.53355026245117,-35.55048751831055,-35.566688537597656,-35.58285903930664,-35.59910583496094,-35.614864349365234,-35.629817962646484,-35.64443588256836,-35.65932846069336,-35.674415588378906,-35.68903350830078,-35.70280838012695,-35.71611022949219,-35.72950744628906,-35.74306106567383,-35.75638961791992,-35.76925277709961,-35.7818489074707,-35.79442596435547,-35.806907653808594,-35.81904602050781,-35.83082962036133,-35.842491149902344,-35.85417175292969,-35.86574935913086,-35.87704086303711,-35.888065338134766,-35.89896011352539,-35.90977478027344,-35.92044448852539,-35.930938720703125,-35.94127655029297,-35.95145797729492,-35.961421966552734,-35.971160888671875,-35.980712890625,-35.9901008605957,-35.999263763427734,-36.008148193359375,-36.01676940917969,-36.025169372558594,-36.033329010009766,-36.04120635986328,-36.0488166809082,-36.056182861328125,-36.06330108642578,-36.070159912109375,-36.07676696777344,-36.0336799621582,-36.08961868286133,-36.0894889831543,-36.07866668701172,-36.09343719482422,-36.11637878417969,-36.12928771972656,-36.129600524902344,-36.12868118286133,-36.135738372802734,-36.14874267578125,-36.160465240478516,-36.166324615478516,-36.167903900146484,-36.1704216003418,-36.1768913269043,-36.185752868652344,-36.19340896606445,-36.19785690307617,-36.20027542114258,-36.203433990478516,-36.2087287902832,-36.21510696411133,-36.22053527832031,-36.224098205566406,-36.22673034667969,-36.23001480102539,-36.23448181152344,-36.23927307128906,-36.24322509765625,-36.2461051940918,-36.24871063232422,-36.25188064575195,-36.25560760498047,-36.259185791015625,-36.26206588745117,-36.264434814453125,-36.26689529418945,-36.26974105834961,-36.27267837524414,-36.27524948120117,-36.27738571166992,-36.2794189453125,-36.281646728515625,-36.283992767333984,-36.28614807128906,-36.287994384765625,-36.289710998535156,-36.29151153564453,-36.29338836669922,-36.2951545715332,-36.29671096801758,-36.29815673828125,-36.29964065551758,-36.3011589050293,-36.30259323120117,-36.30388259887695,-36.30509567260742,-36.30632400512695,-36.30755615234375,-36.3087158203125,-36.30976867675781,-36.31077575683594,-36.31178283691406,-36.312774658203125,-36.313697814941406,-36.31454849243164,-36.315372467041016,-36.31618881225586,-36.31697463989258,-36.31770324707031,-36.318389892578125,-36.319053649902344,-36.319705963134766,-36.32032012939453,-36.32088851928711,-36.321434020996094,-36.321964263916016,-36.322471618652344,-36.32294845581055,-36.323394775390625,-36.323822021484375,-36.32423782348633,-36.32462692260742,-36.324989318847656,-36.32533645629883,-36.3256721496582,-36.325984954833984,-36.3262825012207,-36.326560974121094,-36.32682418823242,-36.32707977294922,-36.32731628417969,-36.327537536621094,-36.32775115966797,-36.32795333862305,-36.32814025878906,-36.32831954956055,-36.328487396240234,-36.32864761352539,-36.328800201416016,-36.328941345214844,-36.32907485961914,-36.32920455932617,-36.32932662963867,-36.32944107055664,-36.32954788208008,-36.32965087890625,-36.32974624633789,-36.32984161376953,-36.32992935180664,-36.330013275146484,-36.33009338378906,-36.330169677734375,-36.33024215698242,-36.3303108215332,-36.330379486083984,-36.3304443359375,-36.33050537109375,-36.33056640625,-36.33062744140625,-36.330684661865234,-36.33074188232422,-36.3307991027832,-36.33085250854492,-36.33090591430664,-36.330963134765625,-36.331016540527344,-36.33106994628906,-36.33112335205078,-36.3311767578125,-36.331233978271484,-36.33129119873047,-36.33134841918945,-36.33140563964844,-36.33146667480469,-36.3315315246582,-36.33159637451172,-36.331661224365234,-36.33173370361328,-36.33180618286133,-36.33188247680664,-36.33196258544922,-36.33205032348633,-36.33213806152344,-36.33223342895508,-36.332332611083984,-36.33244323730469,-36.33255386352539,-36.33267593383789,-36.33280563354492,-36.33294677734375,-36.33309555053711,-36.333255767822266,-36.33342742919922,-36.33361053466797,-36.333805084228516,-36.33401870727539,-36.33424758911133,-36.33448791503906,-36.33475112915039,-36.33502960205078,-36.3353271484375,-36.33564376831055,-36.33597946166992,-36.33633804321289,-36.33671188354492,-36.33710479736328,-36.33751678466797,-36.33794403076172,-36.33838653564453,-36.33884048461914,-36.33930587768555,-36.339778900146484,-36.34025573730469,-36.340736389160156,-36.341217041015625,-36.341697692871094,-36.3421745300293,-36.34264373779297,-36.34310531616211,-36.34355545043945,-36.343997955322266,-36.34442901611328,-36.3448486328125,-36.345252990722656,-36.345645904541016,-36.34602355957031,-36.34638977050781,-36.34674072265625,-36.34708023071289,-36.34740447998047,-36.34771728515625,-36.34801483154297,-36.348304748535156,-36.34857940673828,-36.34884262084961,-36.34909439086914,-36.349334716796875,-36.34956359863281,-36.34978485107422,-36.349998474121094,-36.35020446777344,-36.350406646728516,-36.35060501098633,-36.350807189941406,-36.35101318359375,-36.351234436035156,-36.351478576660156,-36.351768493652344,-36.35212707519531,-36.35258483886719,-36.35320281982422,-36.35404968261719,-36.35523986816406,-36.35692596435547,-36.359310150146484,-36.36265563964844,-36.36724853515625,-36.37335968017578,-36.381168365478516,-36.39072799682617,-36.40196228027344,-36.41469955444336,-36.42875289916992,-36.444156646728516,-36.46143341064453,-36.4814453125,-36.504791259765625,-36.53142547607422,-36.56078338623047,-36.59227752685547,-36.62584686279297,-36.6621208190918,-36.70169448852539,-36.74428176879883,-36.78876495361328,-36.8338623046875,-36.878868103027344,-36.9235725402832,-36.967411041259766,-37.00910949707031,-37.04719161987305,-37.08057403564453,-37.108699798583984,-37.13138961791992,-37.148643493652344,-37.160743713378906,-37.168487548828125,-37.17311477661133,-37.176082611083984,-37.17884826660156,-37.18262481689453,-37.18809509277344,-37.19538879394531,-37.20426940917969,-37.21433639526367,-37.22513961791992,-37.23614501953125,-37.24674606323242,-37.25639724731445,-37.26476287841797,-37.27173614501953,-37.277320861816406,-37.281578063964844,-37.28459548950195,-37.286556243896484,-37.28769302368164,-37.28825378417969,-37.28841781616211,-37.288326263427734,-37.28807830810547,-37.28776550292969,-37.287452697753906,-37.287193298339844,-37.28700637817383,-37.28689956665039,-37.286865234375,-37.286903381347656,-37.28700637817383,-37.28717041015625,-37.28738784790039,-37.28764343261719,-37.28792190551758,-37.28821563720703,-37.28852462768555,-37.288848876953125,-37.2891731262207,-37.289493560791016,-37.289794921875,-37.29008483886719,-37.29035568237305,-37.29060363769531,-37.29082107543945,-37.29100799560547,-37.29116439819336,-37.291290283203125,-37.2913932800293,-37.291473388671875,-37.29153060913086,-37.291568756103516,-37.291595458984375,-37.29161071777344,-37.291622161865234,-37.291629791259766,-37.29163360595703,-37.29163360595703,-37.2916374206543,-37.29164123535156,-37.29164505004883,-37.291648864746094,-37.29165267944336
-25.706241607666016,-25.87913703918457,-26.03032875061035,-26.15971565246582,-26.269092559814453,-26.36248779296875,-26.444971084594727,-26.521320343017578,-26.595264434814453,-26.669227600097656,-26.74452781677246,-26.821704864501953,-26.900840759277344,-26.981788635253906,-27.064409255981445,-27.14876937866211,-27.23527717590332,-27.32460594177246,-27.417503356933594,-27.514530181884766,-27.61581802368164,-27.72086524963379,-27.828460693359375,-27.93692970275879,-28.044748306274414,-28.151338577270508,-28.257709503173828,-28.36661148071289,-28.4820613861084,-28.608325958251953,-28.748641967773438,-28.904293060302734,-29.074522018432617,-29.257326126098633,-29.45071029663086,-29.653759002685547,-29.86639404296875,-30.08760643005371,-30.313459396362305,-30.537107467651367,-30.751808166503906,-30.953510284423828,-31.13986587524414,-31.309173583984375,-31.460222244262695,-31.5926513671875,-31.7083797454834,-31.81219482421875,-31.90879249572754,-31.999589920043945,-32.083431243896484,-32.15934371948242,-32.22826385498047,-32.2923698425293,-32.35315704345703,-32.410587310791016,-32.464107513427734,-32.51376724243164,-32.55998992919922,-32.602848052978516,-32.64218521118164,-32.68242645263672,-32.77159118652344,-32.825111389160156,-32.87007522583008,-32.91581726074219,-32.960670471191406,-33.00202941894531,-33.0405387878418,-33.07827377319336,-33.11688995361328,-33.158203125,-33.20215606689453,-33.246620178222656,-33.2891845703125,-33.32920455932617,-33.36826705932617,-33.40802001953125,-33.44841384887695,-33.48843002319336,-33.5274658203125,-33.565731048583984,-33.603641510009766,-33.641353607177734,-33.678863525390625,-33.71600341796875,-33.752288818359375,-33.78717803955078,-33.82056427001953,-33.85281753540039,-33.884254455566406,-33.91480255126953,-33.94428634643555,-33.97270584106445,-34.00017166137695,-34.026695251464844,-34.052284240722656,-34.07705307006836,-34.10105514526367,-34.12420654296875,-34.14645767211914,-34.167930603027344,-34.188758850097656,-34.208988189697266,-34.2286376953125,-34.24776077270508,-34.26636505126953,-34.28443145751953,-34.302032470703125,-34.31929397583008,-34.33628463745117,-34.35303497314453,-34.369598388671875,-34.38604736328125,-34.40245056152344,-34.418888092041016,-34.4354362487793,-34.4521369934082,-34.469032287597656,-34.486209869384766,-34.50379943847656,-34.52191162109375,-34.54065704345703,-34.56015396118164,-34.580535888671875,-34.60195541381836,-34.62458038330078,-34.6485595703125,-34.674015045166016,-34.70106506347656,-34.72979736328125,-34.76026153564453,-34.792442321777344,-34.82624816894531,-34.861507415771484,-34.897972106933594,-34.93531799316406,-34.9731330871582,-35.01095199584961,-35.048282623291016,-35.08466339111328,-35.1197395324707,-35.15331268310547,-35.185428619384766,-35.21638488769531,-35.24664306640625,-35.27672576904297,-35.3070182800293,-35.33768081665039,-35.368614196777344,-35.3995246887207,-35.43000030517578,-35.4596061706543,-35.48797607421875,-35.51487731933594,-35.540260314941406,-35.56428527832031,-35.5872688293457,-35.609615325927734,-35.631710052490234,-35.653839111328125,-35.676143646240234,-35.698612213134766,-35.721134185791016,-35.74354934692383,-35.76569747924805,-35.78746032714844,-35.80878448486328,-35.829673767089844,-35.85018539428711,-35.87039566040039,-35.890380859375,-35.91018295288086,-35.92981719970703,-35.949241638183594,-35.96839904785156,-35.987205505371094,-36.00558853149414,-36.02348327636719,-36.04085922241211,-36.05770492553711,-36.074039459228516,-36.089881896972656,-36.10527038574219,-36.12022399902344,-36.134769439697266,-36.1489143371582,-36.162662506103516,-36.17603302001953,-36.189029693603516,-36.20166778564453,-36.21397399902344,-36.22596740722656,-36.237667083740234,-36.2017822265625,-36.25717544555664,-36.260398864746094,-36.25310516357422,-36.26967239379883,-36.2940673828125,-36.30906295776367,-36.31200408935547,-36.31355285644531,-36.3226203918457,-36.33744812011719,-36.35117721557617,-36.35940933227539,-36.363651275634766,-36.36894226074219,-36.378143310546875,-36.3896369934082,-36.3999137878418,-36.407169342041016,-36.41274642944336,-36.41940689086914,-36.4283332824707,-36.43826675415039,-36.44720458984375,-36.45449447631836,-36.46133041381836,-36.4692497253418,-36.478477478027344,-36.48789978027344,-36.49644470214844,-36.50421142578125,-36.51219177246094,-36.52104187011719,-36.5304069519043,-36.53947830200195,-36.54796600341797,-36.55636215209961,-36.56527328491211,-36.574684143066406,-36.5840950012207,-36.59318542480469,-36.60219955444336,-36.61155319213867,-36.62131118774414,-36.63115692138672,-36.64085388183594,-36.650535583496094,-36.66047668457031,-36.670711517333984,-36.6810302734375,-36.6912956237793,-36.701602935791016,-36.712127685546875,-36.722869873046875,-36.73369598388672,-36.744544982910156,-36.75551223754883,-36.766700744628906,-36.77809143066406,-36.789608001708984,-36.8012580871582,-36.8131103515625,-36.825218200683594,-36.83753967285156,-36.85003662109375,-36.86273193359375,-36.87565994262695,-36.88882064819336,-36.90217590332031,-36.91572189331055,-36.929466247558594,-36.94342803955078,-36.95758819580078,-36.97194290161133,-36.986488342285156,-37.001243591308594,-37.01620101928711,-37.0313606262207,-37.04671096801758,-37.062252044677734,-37.07797622680664,-37.09386444091797,-37.10990524291992,-37.126068115234375,-37.142337799072266,-37.158687591552734,-37.17509460449219,-37.191524505615234,-37.20794677734375,-37.224334716796875,-37.24065399169922,-37.256866455078125,-37.2729377746582,-37.28882598876953,-37.30449295043945,-37.31989288330078,-37.334983825683594,-37.34972381591797,-37.36407470703125,-37.37799835205078,-37.391456604003906,-37.4044189453125,-37.4168586730957,-37.42874526977539,-37.4400634765625,-37.45078659057617,-37.46091079711914,-37.47042465209961,-37.47931671142578,-37.48759078979492,-37.4952507019043,-37.50230407714844,-37.50876235961914,-37.51464080810547,-37.519954681396484,-37.52473068237305,-37.52899169921875,-37.53276824951172,-37.53608322143555,-37.53897476196289,-37.54146957397461,-37.543609619140625,-37.5454216003418,-37.54694747924805,-37.548213958740234,-37.54926300048828,-37.55012512207031,-37.55082702636719,-37.55139923095703,-37.5518684387207,-37.55225372314453,-37.55257797241211,-37.552860260009766,-37.5531120300293,-37.5533447265625,-37.553565979003906,-37.55378723144531,-37.55400466918945,-37.554229736328125,-37.55446243286133,-37.55469512939453,-37.554935455322266,-37.55517578125,-37.555416107177734,-37.55565643310547,-37.55589294433594,-37.55611801147461,-37.556339263916016,-37.55654525756836,-37.556739807128906,-37.556922912597656,-37.557090759277344,-37.55724334716797,-37.55738067626953,-37.55750274658203,-37.557613372802734,-37.557708740234375,-37.55778884887695,-37.557861328125,-37.557918548583984,-37.55796813964844,-37.55801010131836,-37.55804443359375,-37.558074951171875,-37.5580940246582,-37.55811309814453,-37.558128356933594,-37.55813980102539,-37.55814743041992,-37.55815887451172,-37.558162689208984,-37.558170318603516,-37.55817413330078,-37.55818176269531,-37.55818557739258,-37.558189392089844,-37.55819320678711,-37.55820083618164,-37.558204650878906
-25.7115421295166,-25.960216522216797,-26.199159622192383,-26.422847747802734,-26.6309814453125,-26.825225830078125,-27.00511360168457,-27.170106887817383,-27.32198143005371,-27.46466827392578,-27.601856231689453,-27.735952377319336,-27.868450164794922,-28.000261306762695,-28.13185691833496,-28.26336097717285,-28.394611358642578,-28.52518081665039,-28.654369354248047,-28.781246185302734,-28.904747009277344,-29.0238094329834,-29.137516021728516,-29.245220184326172,-29.346637725830078,-29.44190216064453,-29.531545639038086,-29.616392135620117,-29.697412490844727,-29.775569915771484,-29.851688385009766,-29.926374435424805,-29.999969482421875,-30.072559356689453,-30.144001007080078,-30.21396827697754,-30.282024383544922,-30.34767723083496,-30.410459518432617,-30.46997833251953,-30.525970458984375,-30.578340530395508,-30.627172470092773,-30.67272186279297,-30.715383529663086,-30.755645751953125,-30.824724197387695,-30.88418960571289,-30.9407901763916,-30.9979190826416,-31.055377960205078,-31.112831115722656,-31.169557571411133,-31.225252151489258,-31.28030776977539,-31.335193634033203,-31.389909744262695,-31.44417381286621,-31.497800827026367,-31.550779342651367,-31.60317039489746,-31.65504264831543,-31.706417083740234,-31.75725746154785,-31.807518005371094,-31.857284545898438,-31.906782150268555,-31.956214904785156,-32.00569152832031,-32.05533218383789,-32.10536575317383,-32.15602111816406,-32.20753860473633,-32.2602424621582,-32.31455612182617,-32.370914459228516,-32.4298210144043,-32.49184036254883,-32.55747985839844,-32.62717819213867,-32.701332092285156,-32.780155181884766,-32.86373519897461,-32.95201110839844,-33.04476547241211,-33.14160919189453,-33.24198913574219,-33.345272064208984,-33.45085525512695,-33.5580940246582,-33.6663932800293,-33.77510452270508,-33.88343048095703,-33.99045944213867,-34.09519577026367,-34.19668960571289,-34.294124603271484,-34.3868408203125,-34.47453308105469,-34.55839920043945,-34.638221740722656,-34.71245193481445,-34.78445816040039,-34.852481842041016,-34.918331146240234,-34.98271942138672,-35.0448112487793,-35.106380462646484,-35.1654167175293,-35.22330856323242,-35.278743743896484,-35.33198547363281,-35.38301086425781,-35.430992126464844,-35.476863861083984,-35.5197639465332,-35.56074142456055,-35.599700927734375,-35.63692092895508,-35.67303466796875,-35.70772171020508,-35.741729736328125,-35.77485656738281,-35.80716323852539,-35.838836669921875,-35.869441986083984,-35.89920425415039,-35.927978515625,-35.955589294433594,-35.98223876953125,-36.00779342651367,-35.99540328979492,-36.06551742553711,-36.08561706542969,-36.09757614135742,-36.131141662597656,-36.16962814331055,-36.198097229003906,-36.21645736694336,-36.2359619140625,-36.26329803466797,-36.29486846923828,-36.32406997680664,-36.348228454589844,-36.37031936645508,-36.39487838745117,-36.42289352416992,-36.45159149169922,-36.477874755859375,-36.501319885253906,-36.52421188354492,-36.54877471923828,-36.57490921020508,-36.6007080078125,-36.6246337890625,-36.646976470947266,-36.66922378540039,-36.692264556884766,-36.715492248535156,-36.73768615722656,-36.758392333984375,-36.77828598022461,-36.79824447631836,-36.81830978393555,-36.83779525756836,-36.85618209838867,-36.87370681762695,-36.89094543457031,-36.90805435180664,-36.924625396728516,-36.940269470214844,-36.9550895690918,-36.96949768066406,-36.9836540222168,-36.997310638427734,-37.01021194458008,-37.022438049316406,-37.034263610839844,-37.0457878112793,-37.056846618652344,-37.0672721862793,-37.077144622802734,-37.08665466308594,-37.09583282470703,-37.104576110839844,-37.112831115722656,-37.12067413330078,-37.12821578979492,-37.135440826416016,-37.14227294921875,-37.14871597290039,-37.15484619140625,-37.16070556640625,-37.16626739501953,-37.17148971557617,-37.176414489746094,-37.181095123291016,-37.185543060302734,-37.18971633911133,-37.193626403808594,-37.19731140136719,-37.200801849365234,-37.204078674316406,-37.20714569091797,-37.210018157958984,-37.21273422241211,-37.21529006958008,-37.21767807006836,-37.21992111206055,-37.22203826904297,-37.22403335571289,-37.22590637207031,-37.22766876220703,-37.229339599609375,-37.23092269897461,-37.232421875,-37.23383712768555,-37.23517990112305,-37.23646545410156,-37.23768615722656,-37.23884963989258,-37.239959716796875,-37.24102020263672,-37.242034912109375,-37.243003845214844,-37.24393081665039,-37.24481964111328,-37.24567413330078,-37.24648666381836,-37.24726486206055,-37.24801254272461,-37.24872589111328,-37.24940872192383,-37.250064849853516,-37.250694274902344,-37.25129318237305,-37.25186538696289,-37.25241470336914,-37.2529411315918,-37.253448486328125,-37.253929138183594,-37.25439453125,-37.25483703613281,-37.2552604675293,-37.25566864013672,-37.25606155395508,-37.25643539428711,-37.256797790527344,-37.257144927978516,-37.257476806640625,-37.25779724121094,-37.25810623168945,-37.258399963378906,-37.25868606567383,-37.25895690917969,-37.259220123291016,-37.25947189331055,-37.25971603393555,-37.25994873046875,-37.26017379760742,-37.26039123535156,-37.260597229003906,-37.260799407958984,-37.260990142822266,-37.261173248291016,-37.2613525390625,-37.26152420043945,-37.261688232421875,-37.261844635009766,-37.26199722290039,-37.262142181396484,-37.26228332519531,-37.26241683959961,-37.26254653930664,-37.262672424316406,-37.26279067993164,-37.26290512084961,-37.26301574707031,-37.26312255859375,-37.26322555541992,-37.26332092285156,-37.2634162902832,-37.26350784301758,-37.26359558105469,-37.26367950439453,-37.26375961303711,-37.26383972167969,-37.263916015625,-37.26398849487305,-37.26405715942383,-37.26412582397461,-37.264190673828125,-37.264251708984375,-37.264312744140625,-37.26436996459961,-37.264427185058594,-37.26448059082031,-37.264530181884766,-37.26457977294922,-37.26462936401367,-37.26467514038086,-37.26472091674805,-37.26476287841797,-37.26480484008789,-37.26484680175781,-37.26488494873047,-37.26491928100586,-37.264957427978516,-37.264991760253906,-37.2650260925293,-37.26505661010742,-37.26508712768555,-37.26511764526367,-37.26514434814453,-37.26517105102539,-37.26519775390625,-37.26522445678711,-37.2652473449707,-37.2652702331543,-37.26529312133789,-37.26531219482422,-37.26533508300781,-37.26535415649414,-37.26537322998047,-37.2653923034668,-37.26540756225586,-37.26542663574219,-37.26544189453125,-37.26545715332031,-37.26546859741211,-37.26548385620117,-37.265499114990234,-37.26551055908203,-37.26552200317383,-37.265533447265625,-37.26554489135742,-37.26555633544922,-37.265567779541016,-37.26557540893555,-37.265586853027344,-37.265594482421875,-37.265602111816406,-37.26560974121094,-37.26561737060547,-37.265625,-37.26563262939453,-37.26564025878906,-37.265647888183594,-37.26565170288086,-37.26565933227539,-37.265663146972656,-37.26567077636719,-37.26567459106445,-37.26567840576172,-37.265682220458984
-27.19053840637207,-27.36922264099121,-27.548444747924805,-27.726707458496094,-27.902563095092773,-28.074716567993164,-28.242172241210938,-28.404399871826172,-28.56137466430664,-28.71347427368164,-28.861312866210938,-29.0054988861084,-29.146381378173828,-29.28390121459961,-29.41764259338379,-29.546979904174805,-29.67123794555664,-29.789827346801758,-29.90231704711914,-30.008445739746094,-30.108142852783203,-30.20151138305664,-30.28883934020996,-30.37056541442871,-30.447254180908203,-30.519540786743164,-30.588062286376953,-30.65341567993164,-30.716136932373047,-30.776681900024414,-30.835458755493164,-30.892837524414062,-30.94918441772461,-31.004871368408203,-31.060274124145508,-31.115747451782227,-31.17157745361328,-31.227935791015625,-31.284862518310547,-31.342241287231445,-31.399837493896484,-31.45732879638672,-31.51436424255371,-31.57062530517578,-31.625852584838867,-31.679874420166016,-31.732606887817383,-31.784032821655273,-31.83417320251465,-31.883066177368164,-31.930749893188477,-31.977245330810547,-32.02257537841797,-32.066768646240234,-32.10985565185547,-32.15190124511719,-32.19295883178711,-32.23310852050781,-32.27240753173828,-32.310890197753906,-32.37972640991211,-32.44738006591797,-32.513980865478516,-32.579044342041016,-32.642738342285156,-32.70513153076172,-32.766048431396484,-32.82527160644531,-32.88267135620117,-32.93815231323242,-32.99164962768555,-33.043148040771484,-33.09270095825195,-33.140377044677734,-33.186222076416016,-33.23031234741211,-33.272743225097656,-33.313602447509766,-33.35293197631836,-33.39070510864258,-33.426856994628906,-33.46131134033203,-33.49400329589844,-33.524879455566406,-33.553890228271484,-33.58102035522461,-33.60630798339844,-33.62982940673828,-33.65168762207031,-33.6719970703125,-33.690879821777344,-33.70846176147461,-33.724891662597656,-33.74031066894531,-33.75484848022461,-33.776466369628906,-33.79928207397461,-33.81987380981445,-33.839107513427734,-33.857887268066406,-33.8768196105957,-33.89522171020508,-33.91264724731445,-33.929508209228516,-33.94623947143555,-33.96269226074219,-33.97853088378906,-33.99371337890625,-34.00851821899414,-34.023094177246094,-34.037384033203125,-34.05130386352539,-34.06486892700195,-34.07820129394531,-34.09133529663086,-34.104251861572266,-34.11695098876953,-34.129512786865234,-34.14201736450195,-34.15443801879883,-34.166725158691406,-34.17887496948242,-34.19097900390625,-34.20309066772461,-34.215206146240234,-34.22732162475586,-34.23944854736328,-34.25160217285156,-34.26377487182617,-34.27597427368164,-34.2882080078125,-34.300498962402344,-34.31284713745117,-34.32525634765625,-34.33773422241211,-34.35028076171875,-34.36289596557617,-34.37557601928711,-34.388328552246094,-34.40115737915039,-34.41405487060547,-34.427005767822266,-34.440006256103516,-34.453060150146484,-34.46616744995117,-34.47932434082031,-34.492557525634766,-34.505897521972656,-34.51939392089844,-34.533084869384766,-34.54701232910156,-34.561195373535156,-34.575626373291016,-34.59025573730469,-34.605010986328125,-34.61979675292969,-34.634517669677734,-34.64907455444336,-34.663387298583984,-34.67741775512695,-34.691139221191406,-34.70456314086914,-34.71772384643555,-34.73067855834961,-34.743473052978516,-34.75613784790039,-34.7686653137207,-34.78102493286133,-34.793174743652344,-34.80506134033203,-34.81664276123047,-34.82788848876953,-34.83877944946289,-34.84930419921875,-34.85947036743164,-34.86931228637695,-34.87887191772461,-34.888187408447266,-34.897281646728516,-34.90614318847656,-34.91475296020508,-34.92307662963867,-34.93109130859375,-34.938785552978516,-34.94617462158203,-34.95329284667969,-34.960174560546875,-34.96684646606445,-34.97332000732422,-34.97957992553711,-34.98562240600586,-34.991424560546875,-34.99699401855469,-35.00233459472656,-35.007469177246094,-35.01241683959961,-35.017189025878906,-35.02178955078125,-35.02622604370117,-35.03049087524414,-35.03458786010742,-35.038516998291016,-35.04228591918945,-35.04590606689453,-35.049381256103516,-35.05271911621094,-35.055931091308594,-35.05902099609375,-35.06198501586914,-35.0648307800293,-35.06755447387695,-35.07016372680664,-35.07266616821289,-35.07506561279297,-35.077369689941406,-35.07958221435547,-35.08170700073242,-35.083740234375,-35.085689544677734,-35.087554931640625,-35.08934020996094,-35.09105682373047,-35.09270095825195,-35.094276428222656,-35.09579086303711,-35.09724044799805,-35.098628997802734,-35.0999641418457,-35.10124206542969,-35.10246658325195,-35.103641510009766,-35.10477066040039,-35.105857849121094,-35.106895446777344,-35.1078987121582,-35.108856201171875,-35.109779357910156,-35.11066436767578,-35.11151885986328,-35.11233901977539,-35.11312484741211,-35.11388397216797,-35.11461639404297,-35.115318298339844,-35.115997314453125,-35.11664962768555,-35.117279052734375,-35.11788558959961,-35.11846923828125,-35.11903381347656,-35.11957931518555,-35.12010955810547,-35.1206169128418,-35.12110900878906,-35.121585845947266,-35.12204360961914,-35.12248992919922,-35.122920989990234,-35.12334060668945,-35.12374496459961,-35.12413787841797,-35.12451934814453,-35.1248893737793,-35.125247955322266,-35.1255989074707,-35.125938415527344,-35.12627029418945,-35.126590728759766,-35.12690734863281,-35.12721252441406,-35.12751007080078,-35.12779998779297,-35.128082275390625,-35.128360748291016,-35.128631591796875,-35.12889862060547,-35.12915802001953,-35.12940979003906,-35.129661560058594,-35.129905700683594,-35.13014221191406,-35.13037872314453,-35.13060760498047,-35.13083267211914,-35.13105773925781,-35.13127517700195,-35.13148880004883,-35.1317024230957,-35.13191223144531,-35.13211441040039,-35.13231658935547,-35.13251876831055,-35.132713317871094,-35.13290786743164,-35.13309860229492,-35.1332893371582,-35.13347625732422,-35.13365936279297,-35.13384246826172,-35.1340217590332,-35.13420104980469,-35.134376525878906,-35.134552001953125,-35.13472366333008,-35.13489532470703,-35.13506317138672,-35.135231018066406,-35.13539505004883,-35.13555908203125,-35.13572311401367,-35.13588333129883,-35.13603973388672,-35.136199951171875,-35.1363525390625,-35.13650894165039,-35.136661529541016,-35.13681411743164,-35.136962890625,-35.13711166381836,-35.13726043701172,-35.13740539550781,-35.137550354003906,-35.137691497802734,-35.13783264160156,-35.13797378540039,-35.13811492919922,-35.13825225830078,-35.13838577270508,-35.13852310180664,-35.13865661621094,-35.13878631591797,-35.138916015625,-35.13904571533203,-35.13917541503906,-35.13930130004883,-35.13942337036133,-35.139549255371094,-35.139671325683594,-35.139793395996094,-35.13991165161133,-35.14002990722656,-35.14014434814453,-35.1402587890625,-35.14037322998047,-35.14048767089844,-35.14059829711914,-35.14070510864258,-35.14081573486328,-35.14092254638672,-35.14102554321289,-35.14113235473633,-35.1412353515625,-35.141334533691406,-35.14143371582031,-35.14153289794922,-35.14162826538086,-35.1417236328125,-35.14181900024414,-35.141910552978516,-35.14200210571289,-35.142093658447266,-35.142181396484375,-35.142269134521484,-35.142356872558594,-35.14244079589844,-35.14252471923828,-35.14260482788086,-35.14268493652344,-35.142765045166016,-35.142845153808594,-35.142921447753906,-35.14299774169922,-35.143070220947266,-35.14314270019531,-35.14321517944336,-35.143287658691406,-35.14335632324219,-35.14342498779297,-35.143489837646484,-35.1435546875,-35.143619537353516,-35.14368438720703,-35.14374542236328,-35.14380645751953,-35.14386749267578,-35.143924713134766,-35.14398193359375,-35.144039154052734,-35.14409637451172,-35.14414978027344,-35.144203186035156,-35.144256591796875,-35.14430618286133,-35.14435577392578,-35.144405364990234,-35.14445495605469,-35.144500732421875,-35.14455032348633,-35.144596099853516,-35.14463806152344,-35.144683837890625,-35.14472579956055,-35.14476776123047,-35.14480972290039,-35.14484786987305,-35.1448860168457,-35.14492416381836,-35.144962310791016,-35.14500045776367,-35.14503479003906,-35.14507293701172,-35.14510726928711,-35.145137786865234,-35.145172119140625,-35.145206451416016,-35.14523696899414,-35.145267486572266,-35.14529800415039,-35.14532470703125,-35.145355224609375,-35.145381927490234,-35.14541244506836,-35.14543914794922,-35.14546203613281,-35.14548873901367,-35.14551544189453,-35.145538330078125,-35.14556121826172,-35.14558410644531,-35.145606994628906,-35.1456298828125,-35.145652770996094,-35.14567184448242,-35.145694732666016,-35.145713806152344,-35.14573287963867,-35.145751953125,-35.14577102661133,-35.145790100097656,-35.145809173583984,-35.14582443237305,-35.145843505859375,-35.14585876464844,-35.1458740234375,-35.14588928222656,-35.145904541015625,-35.14591979980469,-35.14593505859375,-35.14595031738281,-35.14596176147461,-35.14597702026367,-35.14598846435547,-35.14600372314453,-35.14601516723633,-35.146026611328125,-35.14603805541992,-35.14604949951172,-35.146060943603516,-35.14607238769531,-35.14608383178711,-35.146095275878906,-35.14610290527344,-35.146114349365234,-35.146121978759766,-35.14613342285156,-35.146141052246094,-35.146148681640625,-35.14616012573242,-35.14616775512695,-35.146175384521484,-35.146183013916016,-35.14619064331055,-35.14619827270508,-35.14620590209961,-35.14621353149414,-35.14622116088867,-35.14622497558594,-35.14623260498047,-35.146240234375,-35.146244049072266,-35.1462516784668,-35.14625549316406,-35.146263122558594,-35.14626693725586,-35.14627456665039,-35.146278381347656,-35.14628219604492
-25.590362548828125,-25.747743606567383,-25.900035858154297,-26.045568466186523,-26.18315887451172,-26.31239128112793,-26.433612823486328,-26.547327041625977,-26.65387725830078,-26.753658294677734,-26.84727668762207,-26.935665130615234,-27.02021598815918,-27.102787017822266,-27.185312271118164,-27.269319534301758,-27.355785369873047,-27.44518280029297,-27.53757667541504,-27.632671356201172,-27.729949951171875,-27.82900619506836,-27.930269241333008,-28.0357666015625,-28.148609161376953,-28.270681381225586,-28.401174545288086,-28.537504196166992,-28.678007125854492,-28.824743270874023,-28.98177146911621,-29.150304794311523,-29.32805633544922,-29.51194190979004,-29.702043533325195,-29.902597427368164,-30.114606857299805,-30.333166122436523,-30.555936813354492,-30.786409378051758,-31.023921966552734,-31.261323928833008,-31.49486541748047,-31.726097106933594,-31.949068069458008,-32.157005310058594,-32.35184860229492,-32.53226852416992,-32.694034576416016,-32.84104919433594,-32.974613189697266,-33.092124938964844,-33.19724655151367,-33.29035568237305,-33.36977767944336,-33.439144134521484,-33.4984016418457,-33.54779052734375,-33.590877532958984,-33.627384185791016,-33.65884017944336,-33.68732833862305,-33.71022415161133,-33.79310989379883,-33.83367919921875,-33.873626708984375,-33.92456817626953,-33.96877670288086,-34.0004997253418,-34.031612396240234,-34.0706672668457,-34.1139030456543,-34.1544303894043,-34.190818786621094,-34.22695541381836,-34.265464782714844,-34.304901123046875,-34.342708587646484,-34.37880325317383,-34.41539764404297,-34.45368957519531,-34.49256134033203,-34.53042984008789,-34.56710433959961,-34.60363006591797,-34.64056396484375,-34.67731857299805,-34.71329116821289,-34.7487907409668,-34.78449249267578,-34.82037353515625,-34.855682373046875,-34.889949798583984,-34.923545837402344,-34.95703125,-34.99033737182617,-35.022953033447266,-35.054691314697266,-35.085914611816406,-35.11692810058594,-35.14752960205078,-35.177345275878906,-35.206298828125,-35.234580993652344,-35.262237548828125,-35.28908920288086,-35.31501388549805,-35.34008026123047,-35.3643684387207,-35.387821197509766,-35.410396575927734,-35.43217849731445,-35.45328140258789,-35.473690032958984,-35.49336242675781,-35.51236343383789,-35.53083801269531,-35.54883575439453,-35.56635284423828,-35.58343505859375,-35.60020446777344,-35.61671829223633,-35.63296127319336,-35.64894485473633,-35.664730072021484,-35.68037033081055,-35.695884704589844,-35.7113037109375,-35.726680755615234,-35.74205017089844,-35.757415771484375,-35.772789001464844,-35.78819274902344,-35.80363082885742,-35.8190803527832,-35.83452606201172,-35.84996795654297,-35.86539840698242,-35.880794525146484,-35.896141052246094,-35.911441802978516,-35.926692962646484,-35.941864013671875,-35.956947326660156,-35.97191619873047,-35.98675537109375,-36.00143814086914,-36.01594924926758,-36.0302734375,-36.04439163208008,-36.058292388916016,-36.07196044921875,-36.08537292480469,-36.0985107421875,-36.111351013183594,-36.12388229370117,-36.13609313964844,-36.1479606628418,-36.159481048583984,-36.17063903808594,-36.181427001953125,-36.14965057373047,-36.209251403808594,-36.2169189453125,-36.2141227722168,-36.23444747924805,-36.26252746582031,-36.281734466552734,-36.2889518737793,-36.29399871826172,-36.3058967590332,-36.323509216308594,-36.340274810791016,-36.351585388183594,-36.358402252197266,-36.36539077758789,-36.37567138671875,-36.3881950378418,-36.39971923828125,-36.40811538696289,-36.414161682128906,-36.420379638671875,-36.428306579589844,-36.43717575073242,-36.44509506225586,-36.4510498046875,-36.45576477050781,-36.46074676513672,-36.4666633605957,-36.472801208496094,-36.47804260253906,-36.48209762573242,-36.4857063293457,-36.489723205566406,-36.49419021606445,-36.498443603515625,-36.501953125,-36.504905700683594,-36.50790023803711,-36.5112190246582,-36.514549255371094,-36.517459869384766,-36.51992416381836,-36.522308349609375,-36.524879455566406,-36.527503967285156,-36.52988052368164,-36.531944274902344,-36.533931732177734,-36.53602981567383,-36.53815841674805,-36.540122985839844,-36.541893005371094,-36.54362487792969,-36.545440673828125,-36.547264099121094,-36.548980712890625,-36.550594329833984,-36.552223205566406,-36.55392074584961,-36.55561447143555,-36.55724334716797,-36.55885314941406,-36.56051254272461,-36.562232971191406,-36.56394958496094,-36.56565856933594,-36.567405700683594,-36.56923294067383,-36.57111358642578,-36.57301712036133,-36.574974060058594,-36.5770149230957,-36.57914733886719,-36.581336975097656,-36.58359909057617,-36.58595275878906,-36.588401794433594,-36.5909309387207,-36.59352493286133,-36.596195220947266,-36.598941802978516,-36.60173797607422,-36.60456085205078,-36.60740280151367,-36.61024856567383,-36.61306381225586,-36.615821838378906,-36.61850357055664,-36.62108612060547,-36.623538970947266,-36.62583923339844,-36.627967834472656,-36.629920959472656,-36.631683349609375,-36.63325500488281,-36.634647369384766,-36.63587188720703,-36.6369514465332,-36.63790512084961,-36.638763427734375,-36.63954544067383,-36.64026641845703,-36.64094543457031,-36.64158248901367,-36.642189025878906,-36.642757415771484,-36.643287658691406,-36.64377212524414,-36.64420700073242,-36.644588470458984,-36.644920349121094,-36.645198822021484,-36.64542770385742,-36.64561080932617,-36.645751953125,-36.6458625793457,-36.64594650268555,-36.64601135253906,-36.646060943603516,-36.64610290527344,-36.646141052246094,-36.64617919921875,-36.64622116088867,-36.64625930786133,-36.64630126953125,-36.646339416503906,-36.64637756347656,-36.64641189575195,-36.64644241333008,-36.6464729309082,-36.6464958190918,-36.64651107788086,-36.64652633666992,-36.646541595458984,-36.64655303955078,-36.64656066894531,-36.64657211303711,-36.64657974243164,-36.64659118652344,-36.646602630615234,-36.646610260009766,-36.64662551879883,-36.646636962890625,-36.64664840698242,-36.64665985107422,-36.64666748046875,-36.64667892456055,-36.64668655395508,-36.64669418334961,-36.64670181274414,-36.646705627441406,-36.64670944213867,-36.64671325683594,-36.6467170715332,-36.64672088623047,-36.646724700927734
-25.261686325073242,-25.399133682250977,-25.54019546508789,-25.684120178222656,-25.830598831176758,-25.97986602783203,-26.132444381713867,-26.288673400878906,-26.448345184326172,-26.610797882080078,-26.77521324157715,-26.94086265563965,-27.10706329345703,-27.272977828979492,-27.43754768371582,-27.599742889404297,-27.75901222229004,-27.91534423828125,-28.06865882873535,-28.218456268310547,-28.364219665527344,-28.50583839416504,-28.64325523376465,-28.77627182006836,-28.905057907104492,-29.030269622802734,-29.152238845825195,-29.270896911621094,-29.38648796081543,-29.49954605102539,-29.610227584838867,-29.718780517578125,-29.82590675354004,-29.931987762451172,-30.037187576293945,-30.142107009887695,-30.247190475463867,-30.353038787841797,-30.46061134338379,-30.57021141052246,-30.68254280090332,-30.79804039001465,-30.917287826538086,-31.040454864501953,-31.167648315429688,-31.29853630065918,-31.43300437927246,-31.570348739624023,-31.709739685058594,-31.850284576416016,-31.9910831451416,-32.13106918334961,-32.269046783447266,-32.403968811035156,-32.534629821777344,-32.66025924682617,-32.78067398071289,-32.89469909667969,-33.00103759765625,-33.10158920288086,-33.19610595703125,-33.28400421142578,-33.36762619018555,-33.44619369506836,-33.51956558227539,-33.58899688720703,-33.65285873413086,-33.711402893066406,-33.76488494873047,-33.812110900878906,-33.853973388671875,-33.89065933227539,-33.922000885009766,-33.951133728027344,-34.04387664794922,-34.09886932373047,-34.13970947265625,-34.1960334777832,-34.25846481323242,-34.31507873535156,-34.364967346191406,-34.4154167175293,-34.471134185791016,-34.529029846191406,-34.583831787109375,-34.634613037109375,-34.68517303466797,-34.73873519897461,-34.7944221496582,-34.84908676147461,-34.90116500854492,-34.952186584472656,-35.00444412231445,-35.05809783935547,-35.11149215698242,-35.163578033447266,-35.214996337890625,-35.2666130065918,-35.31797409057617,-35.367897033691406,-35.41600799560547,-35.46298599243164,-35.50926971435547,-35.55434036254883,-35.59754943847656,-35.63895034790039,-35.678871154785156,-35.71708679199219,-35.75301742553711,-35.786651611328125,-35.818546295166016,-35.848976135253906,-35.87763977050781,-35.904354095458984,-35.9294319152832,-35.953163146972656,-35.975467681884766,-35.9963493347168,-36.01612854003906,-36.03504180908203,-36.05300521850586,-36.06999969482422,-36.08631134033203,-36.06547546386719,-36.1286506652832,-36.143028259277344,-36.147891998291016,-36.175537109375,-36.208919525146484,-36.23155975341797,-36.2432975769043,-36.25648498535156,-36.277835845947266,-36.302772521972656,-36.32401657104492,-36.33932876586914,-36.352928161621094,-36.369850158691406,-36.390296936035156,-36.410579681396484,-36.42767333984375,-36.44219970703125,-36.457252502441406,-36.47457504272461,-36.49290466308594,-36.50990676879883,-36.524898529052734,-36.539398193359375,-36.555084228515625,-36.57182312011719,-36.588138580322266,-36.60313034057617,-36.617454528808594,-36.63227462768555,-36.647708892822266,-36.662837982177734,-36.6770133972168,-36.69063186645508,-36.7044563293457,-36.718528747558594,-36.732215881347656,-36.74516296386719,-36.75770950317383,-36.770286560058594,-36.782752990722656,-36.794681549072266,-36.80598831176758,-36.81698989868164,-36.82783889770508,-36.83831787109375,-36.848209381103516,-36.85763168334961,-36.86677551269531,-36.87559509277344,-36.88391876220703,-36.891754150390625,-36.899253845214844,-36.906455993652344,-36.91325759887695,-36.91963577270508,-36.925689697265625,-36.931488037109375,-36.93697738647461,-36.94213104248047,-36.94701385498047,-36.951683044433594,-36.95611572265625,-36.96029281616211,-36.96426010131836,-36.96805953979492,-36.971683502197266,-36.97511291503906,-36.97838592529297,-36.98152542114258,-36.984519958496094,-36.98736572265625,-36.99008560180664,-36.99269104003906,-36.995182037353516,-36.99754333496094,-36.99980163574219,-37.0019645690918,-37.004024505615234,-37.005977630615234,-37.00783920288086,-37.00961685180664,-37.01130294799805,-37.01289749145508,-37.01441192626953,-37.01585388183594,-37.0172119140625,-37.018489837646484,-37.01970291137695,-37.02084732055664,-37.02191925048828,-37.02293014526367,-37.02388000488281,-37.02477264404297,-37.02560806274414,-37.026390075683594,-37.02712631225586,-37.02781295776367,-37.02845764160156,-37.029056549072266,-37.02962112426758,-37.030147552490234,-37.0306396484375,-37.03110122680664,-37.031532287597656,-37.03193664550781,-37.03231430053711,-37.03266525268555,-37.03299331665039,-37.03329849243164,-37.03358459472656,-37.03384780883789,-37.034095764160156,-37.034324645996094,-37.03453826904297,-37.03473663330078,-37.034915924072266,-37.03508377075195,-37.035240173339844,-37.03538131713867,-37.03551483154297,-37.0356330871582,-37.035743713378906,-37.03584671020508,-37.03593826293945,-37.03602600097656,-37.036102294921875,-37.03617477416992,-37.03623962402344,-37.03630065917969,-37.036354064941406,-37.03640365600586,-37.03644943237305,-37.03649139404297,-37.036529541015625,-37.036563873291016,-37.03659439086914,-37.03662109375,-37.03664779663086,-37.03667068481445,-37.03669357299805,-37.036712646484375,-37.0367317199707,-37.036746978759766,-37.03675842285156,-37.036773681640625,-37.03678512573242,-37.03679275512695,-37.03680419921875,-37.03681182861328,-37.03681945800781,-37.036827087402344,-37.03683090209961,-37.03683853149414,-37.036842346191406,-37.03684616088867,-37.03684997558594,-37.0368537902832
-27.39450454711914,-27.61502456665039,-27.828298568725586,-28.03262710571289,-28.226036071777344,-28.406875610351562,-28.57420539855957,-28.727909088134766,-28.86872673034668,-28.9982852935791,-29.118972778320312,-29.233570098876953,-29.34473991394043,-29.454612731933594,-29.564655303955078,-29.675809860229492,-29.78870391845703,-29.90378189086914,-30.021278381347656,-30.14108657836914,-30.262691497802734,-30.385160446166992,-30.5072078704834,-30.627286911010742,-30.743778228759766,-30.85527992248535,-30.960996627807617,-31.060989379882812,-31.15597915649414,-31.246768951416016,-31.333784103393555,-31.41704559326172,-31.496366500854492,-31.57161521911621,-31.642902374267578,-31.710615158081055,-31.775259017944336,-31.83721160888672,-31.896564483642578,-31.953147888183594,-32.00668716430664,-32.056976318359375,-32.10396194458008,-32.147762298583984,-32.18861770629883,-32.226810455322266,-32.291751861572266,-32.35307693481445,-32.408592224121094,-32.4583625793457,-32.5037727355957,-32.54664611816406,-32.587982177734375,-32.628055572509766,-32.666812896728516,-32.70414352416992,-32.739952087402344,-32.77423858642578,-32.807106018066406,-32.83873748779297,-32.86933898925781,-32.89912033081055,-32.92822265625,-32.95674133300781,-32.98470687866211,-33.01216506958008,-33.03917694091797,-33.06582260131836,-33.09220886230469,-33.11846160888672,-33.144710540771484,-33.17105484008789,-33.19755935668945,-33.224220275878906,-33.250999450683594,-33.27782440185547,-33.30463790893555,-33.331398010253906,-33.35807418823242,-33.3846435546875,-33.41109848022461,-33.437442779541016,-33.46368408203125,-33.489845275878906,-33.51597213745117,-33.5421142578125,-33.56834411621094,-33.594730377197266,-33.621341705322266,-33.64825439453125,-33.6755256652832,-33.70319366455078,-33.731285095214844,-33.759803771972656,-33.78874588012695,-33.818092346191406,-33.84781265258789,-33.877864837646484,-33.90819549560547,-33.938743591308594,-33.96943664550781,-34.00019454956055,-34.03092956542969,-34.061561584472656,-34.092002868652344,-34.122161865234375,-34.15196228027344,-34.18132400512695,-34.21017074584961,-34.238426208496094,-34.26602554321289,-34.29290008544922,-34.31898498535156,-34.34422302246094,-34.368568420410156,-34.39197540283203,-34.41440200805664,-34.43582534790039,-34.45623016357422,-34.475608825683594,-34.493980407714844,-34.51136016845703,-34.52778244018555,-34.54328155517578,-34.55791473388672,-34.57172775268555,-34.58477783203125,-34.59712219238281,-34.60881423950195,-34.61991500854492,-34.63046646118164,-34.64628219604492,-34.6662483215332,-34.6834831237793,-34.70000076293945,-34.71709060668945,-34.73384475708008,-34.74981689453125,-34.76534652709961,-34.78081130981445,-34.79616928100586,-34.8111572265625,-34.82563018798828,-34.83966064453125,-34.85337448120117,-34.866817474365234,-34.879940032958984,-34.89269256591797,-34.90510177612305,-34.91720199584961,-34.928977966308594,-34.940399169921875,-34.95146560668945,-34.962196350097656,-34.97260284423828,-34.9826774597168,-34.99240493774414,-35.00181198120117,-35.01093292236328,-35.0197639465332,-35.028297424316406,-35.03650665283203,-35.04441833496094,-35.05204772949219,-35.05942153930664,-35.0665283203125,-35.073368072509766,-35.079959869384766,-35.0863151550293,-35.09244155883789,-35.098331451416016,-35.10399627685547,-35.10944747924805,-35.11469268798828,-35.119747161865234,-35.12460708618164,-35.1292839050293,-35.1337776184082,-35.138092041015625,-35.14224624633789,-35.146236419677734,-35.15007019042969,-35.15374755859375,-35.15727996826172,-35.160675048828125,-35.1639289855957,-35.167049407958984,-35.170040130615234,-35.17290496826172,-35.17565155029297,-35.178279876708984,-35.18079376220703,-35.183197021484375,-35.18549728393555,-35.18769454956055,-35.18979263305664,-35.191795349121094,-35.19370651245117,-35.19552993774414,-35.197265625,-35.19892120361328,-35.200496673583984,-35.20199966430664,-35.20343017578125,-35.20478820800781,-35.20608139038086,-35.20730972290039,-35.20847702026367,-35.2095832824707,-35.210636138916016,-35.21163558959961,-35.212581634521484,-35.213478088378906,-35.21432876586914,-35.21513748168945,-35.21589660644531,-35.216617584228516,-35.21730041503906,-35.21794509887695,-35.21855545043945,-35.2191276550293,-35.21967315673828,-35.220184326171875,-35.220664978027344,-35.22111892700195,-35.2215461730957,-35.221946716308594,-35.22232437133789,-35.22268295288086,-35.22301483154297,-35.22332763671875,-35.2236213684082,-35.223899841308594,-35.224159240722656,-35.22439956665039,-35.22462844848633,-35.2248420715332,-35.225040435791016,-35.22522735595703,-35.22540283203125,-35.22556686401367,-35.2257194519043,-35.225860595703125,-35.22599411010742,-35.22611618041992,-35.226234436035156,-35.226341247558594,-35.2264404296875,-35.22653579711914,-35.22662353515625,-35.22670364379883,-35.22677993774414,-35.22684860229492,-35.22691345214844,-35.22697448730469,-35.22703170776367,-35.227081298828125,-35.22713088989258,-35.227176666259766,-35.22721862792969,-35.22725296020508,-35.2272834777832,-35.2273063659668,-35.227317810058594,-35.22732925415039,-35.227378845214844,-35.22743606567383,-35.22744369506836,-35.227447509765625,-35.22748947143555,-35.227516174316406,-35.227516174316406,-35.2275390625,-35.22756576538086,-35.22756576538086,-35.22758102416992,-35.227603912353516,-35.22760772705078,-35.22761917114258,-35.22763442993164,-35.227638244628906,-35.22764587402344,-35.2276611328125,-35.227664947509766,-35.2276725769043,-35.227684020996094,-35.22768783569336,-35.227691650390625,-35.227699279785156,-35.22770309448242,-35.22771072387695,-35.227718353271484,-35.22772216796875,-35.22772216796875
-26.815683364868164,-27.02448081970215,-27.224699020385742,-27.41446304321289,-27.593975067138672,-27.763038635253906,-27.92041778564453,-28.064847946166992,-28.195579528808594,-28.31268310546875,-28.417131423950195,-28.510587692260742,-28.59510040283203,-28.67286491394043,-28.746015548706055,-28.816490173339844,-28.885902404785156,-28.95549964904785,-29.026153564453125,-29.098403930664062,-29.172513961791992,-29.2485408782959,-29.3264102935791,-29.405963897705078,-29.487031936645508,-29.569507598876953,-29.65338897705078,-29.738691329956055,-29.825246810913086,-29.91263771057129,-30.00025177001953,-30.08740234375,-30.173532485961914,-30.258460998535156,-30.34255027770996,-30.42661476135254,-30.511476516723633,-30.597370147705078,-30.683691024780273,-30.76933479309082,-30.853595733642578,-30.93715476989746,-31.0222225189209,-31.111055374145508,-31.204246520996094,-31.30069923400879,-31.399375915527344,-31.501157760620117,-31.608304977416992,-31.721633911132812,-31.83954620361328,-31.960508346557617,-32.084747314453125,-32.21256637573242,-32.34182357788086,-32.469539642333984,-32.59586715698242,-32.72134780883789,-32.843284606933594,-32.95972442626953,-33.07237243652344,-33.18134307861328,-33.284767150878906,-33.383277893066406,-33.47716522216797,-33.56522750854492,-33.64873504638672,-33.72806930541992,-33.8026008605957,-33.87455749511719,-33.94477081298828,-34.01332092285156,-34.08153533935547,-34.14866256713867,-34.21471405029297,-34.279319763183594,-34.34096908569336,-34.39990997314453,-34.45541000366211,-34.507591247558594,-34.55653381347656,-34.60215377807617,-34.645145416259766,-34.685176849365234,-34.72283172607422,-34.75809860229492,-34.791534423828125,-34.80093765258789,-34.88712692260742,-34.92772674560547,-34.954219818115234,-35.00004577636719,-35.052215576171875,-35.09477233886719,-35.125755310058594,-35.15568542480469,-35.191864013671875,-35.230960845947266,-35.26631546020508,-35.29573059082031,-35.32279586791992,-35.351905822753906,-35.383480072021484,-35.4148063659668,-35.44363021850586,-35.47026443481445,-35.49680709838867,-35.52465057373047,-35.553367614746094,-35.58155822753906,-35.60837173461914,-35.63425827026367,-35.6602783203125,-35.686920166015625,-35.71369934082031,-35.73978042602539,-35.7650032043457,-35.78997802734375,-35.815284729003906,-35.84075927734375,-35.865779876708984,-35.89009475708008,-35.91409683227539,-35.938201904296875,-35.96230697631836,-35.98599624633789,-36.0091552734375,-36.03209686279297,-36.05506896972656,-36.07789993286133,-36.100284576416016,-36.12222671508789,-36.14396286010742,-36.16559982299805,-36.186954498291016,-36.20784378051758,-36.22831726074219,-36.24848556518555,-36.26829147338867,-36.287559509277344,-36.30624008178711,-36.324432373046875,-36.34217834472656,-36.35938262939453,-36.37596893310547,-36.391990661621094,-36.40754699707031,-36.422645568847656,-36.43723678588867,-36.451351165771484,-36.46507263183594,-36.47843551635742,-36.49140930175781,-36.503997802734375,-36.51624298095703,-36.52819061279297,-36.539817810058594,-36.55111312866211,-36.56211471557617,-36.5728645324707,-36.5833740234375,-36.550228118896484,-36.61485290527344,-36.62422180175781,-36.62248992919922,-36.64637756347656,-36.67871856689453,-36.701053619384766,-36.71061325073242,-36.71897888183594,-36.73563003540039,-36.758365631103516,-36.779640197753906,-36.79486083984375,-36.805999755859375,-36.81861877441406,-36.83552551269531,-36.85463333129883,-36.87210464477539,-36.88627624511719,-36.89892578125,-36.91300964355469,-36.92943572998047,-36.94651412963867,-36.962135314941406,-36.97595977783203,-36.989540100097656,-37.0043830871582,-37.02033233642578,-37.0360107421875,-37.05049514770508,-37.06428146362305,-37.07850646972656,-37.093544006347656,-37.108673095703125,-37.12308120727539,-37.13682556152344,-37.1506233215332,-37.164859771728516,-37.17914962768555,-37.19292449951172,-37.206153869628906,-37.21929931640625,-37.232608795166016,-37.245826721191406,-37.258583068847656,-37.27090072631836,-37.283084869384766,-37.29524612426758,-37.30717086791992,-37.31864929199219,-37.32977294921875,-37.34074020385742,-37.35154724121094,-37.36201477050781,-37.372074127197266,-37.3818473815918,-37.39142608642578,-37.400733947753906,-37.409664154052734,-37.418243408203125,-37.426570892333984,-37.43463897705078,-37.4423713684082,-37.44974136352539,-37.45681381225586,-37.463623046875,-37.47011947631836,-37.47626876831055,-37.48210906982422,-37.48767852783203,-37.492958068847656,-37.497920989990234,-37.50258255004883,-37.506980895996094,-37.5111198425293,-37.514976501464844,-37.51856231689453,-37.521915435791016,-37.5250358581543,-37.527923583984375,-37.53057861328125,-37.53303909301758,-37.535308837890625,-37.537391662597656,-37.5392951965332,-37.541038513183594,-37.542640686035156,-37.544097900390625,-37.54541778564453,-37.546627044677734,-37.547725677490234,-37.54872131347656,-37.549625396728516,-37.550445556640625,-37.55118942260742,-37.55186080932617,-37.55247116088867,-37.55302429199219,-37.55352783203125,-37.55398178100586,-37.55439376831055,-37.554771423339844,-37.555110931396484,-37.555419921875,-37.55569839477539,-37.55595397949219,-37.55618667602539,-37.556392669677734,-37.556583404541016,-37.556758880615234,-37.556915283203125,-37.55705642700195,-37.557186126708984,-37.55730056762695,-37.557403564453125,-37.557498931884766,-37.55758285522461,-37.55765914916992,-37.5577278137207,-37.55778884887695,-37.55784606933594,-37.557891845703125,-37.55793762207031,-37.55797576904297,-37.55801010131836,-37.558040618896484,-37.55806350708008,-37.55809020996094,-37.558109283447266,-37.558128356933594,-37.558143615722656,-37.55815505981445,-37.55816650390625,-37.55817794799805,-37.55818557739258,-37.55819320678711,-37.55820083618164,-37.55820846557617,-37.55821228027344,-37.5582160949707,-37.55821990966797,-37.558223724365234,-37.558223724365234
-27.09738540649414,-27.171192169189453,-27.24411964416504,-27.316320419311523,-27.38759422302246,-27.45742416381836,-27.525041580200195,-27.589759826660156,-27.651811599731445,-27.712881088256836,-27.774612426757812,-27.83760643005371,-27.901805877685547,-27.96687126159668,-28.032411575317383,-28.098373413085938,-28.165481567382812,-28.235004425048828,-28.307767868041992,-28.3837947845459,-28.462677001953125,-28.544279098510742,-28.62939453125,-28.719161987304688,-28.813730239868164,-28.912288665771484,-29.01432991027832,-29.12071990966797,-29.232227325439453,-29.347675323486328,-29.46562385559082,-29.5865478515625,-29.710433959960938,-29.835304260253906,-29.960803985595703,-30.08769989013672,-30.21429443359375,-30.340349197387695,-30.46635627746582,-30.5902099609375,-30.711870193481445,-30.830944061279297,-30.94569969177246,-31.05680274963379,-31.163162231445312,-31.265396118164062,-31.363819122314453,-31.458467483520508,-31.550634384155273,-31.63996124267578,-31.727527618408203,-31.812883377075195,-31.896665573120117,-31.978424072265625,-32.058650970458984,-32.13721466064453,-32.21458435058594,-32.2907829284668,-32.36629867553711,-32.44089126586914,-32.514869689941406,-32.58766555786133,-32.65926742553711,-32.72919464111328,-32.797306060791016,-32.86367416381836,-32.92820739746094,-32.99117660522461,-33.05275344848633,-33.112770080566406,-33.17101287841797,-33.2271728515625,-33.28074264526367,-33.33124923706055,-33.37848663330078,-33.42245101928711,-33.46333312988281,-33.50138473510742,-33.536861419677734,-33.569976806640625,-33.60085678100586,-33.62960433959961,-33.656288146972656,-33.66666793823242,-33.77181625366211,-33.822044372558594,-33.86238479614258,-33.92815017700195,-34.00103759765625,-34.062477111816406,-34.111114501953125,-34.16013717651367,-34.21781921386719,-34.27977752685547,-34.33779525756836,-34.38863754272461,-34.43638229370117,-34.486881256103516,-34.54112243652344,-34.59538269042969,-34.645938873291016,-34.69285583496094,-34.73940658569336,-34.78799819946289,-34.837677001953125,-34.88578414916992,-34.931068420410156,-34.97489547729492,-35.019325256347656,-35.06467056274414,-35.109439849853516,-35.152347564697266,-35.19379425048828,-35.23516082763672,-35.277000427246094,-35.3184814453125,-35.358577728271484,-35.3973503112793,-35.43568801879883,-35.47402572631836,-35.51182556152344,-35.54836654663086,-35.58370590209961,-35.61843490600586,-35.65281295776367,-35.68643569946289,-35.718902587890625,-35.7503547668457,-35.781227111816406,-35.81160354614258,-35.84119415283203,-35.869834899902344,-35.89775466918945,-35.92521286010742,-35.95215606689453,-35.9783821105957,-36.00391387939453,-36.02895736694336,-36.0535888671875,-36.077693939208984,-36.1011962890625,-36.12419891357422,-36.146812438964844,-36.16899871826172,-36.19066619873047,-36.21184539794922,-36.23261642456055,-36.25298309326172,-36.27287292480469,-36.29226303100586,-36.31120681762695,-36.329715728759766,-36.34775161743164,-36.36528396606445,-36.3823356628418,-36.3989372253418,-36.41507339477539,-36.38608932495117,-36.4525032043457,-36.465171813964844,-36.468650817871094,-36.495872497558594,-36.5291862487793,-36.55186462402344,-36.56314468383789,-36.574527740478516,-36.593658447265625,-36.61728286743164,-36.63822937011719,-36.6530876159668,-36.664695739746094,-36.67833709716797,-36.69589614868164,-36.714839935302734,-36.73164749145508,-36.7453498840332,-36.75808334350586,-36.77244567871094,-36.788761138916016,-36.8051643371582,-36.81986618041992,-36.83291244506836,-36.845890045166016,-36.860023498535156,-36.874961853027344,-36.88943862915039,-36.90275573730469,-36.915462493896484,-36.92854690551758,-36.9422721862793,-36.95600128173828,-36.969078063964844,-36.98158264160156,-36.99413299560547,-37.007076263427734,-37.02012252807617,-37.032779693603516,-37.044979095458984,-37.05708312988281,-37.06936264038086,-37.08168029785156,-37.09374237060547,-37.105499267578125,-37.11717224121094,-37.12892150878906,-37.14064025878906,-37.152156829833984,-37.16346740722656,-37.17471694946289,-37.18598175048828,-37.197181701660156,-37.208221435546875,-37.21910858154297,-37.22993469238281,-37.24073791503906,-37.25144577026367,-37.26200485229492,-37.27244567871094,-37.2828254699707,-37.29314422607422,-37.303348541259766,-37.313411712646484,-37.3233642578125,-37.333229064941406,-37.342987060546875,-37.352603912353516,-37.3620719909668,-37.37141036987305,-37.380619049072266,-37.38966751098633,-37.39854049682617,-37.40723419189453,-37.41575622558594,-37.42408752441406,-37.432212829589844,-37.44011306762695,-37.44779586791992,-37.45525360107422,-37.46246337890625,-37.46940994262695,-37.47610092163086,-37.48252487182617,-37.48867416381836,-37.49453353881836,-37.500099182128906,-37.50537872314453,-37.5103645324707,-37.515045166015625,-37.519432067871094,-37.523521423339844,-37.52731704711914,-37.530826568603516,-37.53404998779297,-37.5369987487793,-37.53968048095703,-37.54210662841797,-37.544288635253906,-37.54623794555664,-37.54796600341797,-37.54949188232422,-37.55082702636719,-37.55198669433594,-37.55298614501953,-37.553836822509766,-37.55455780029297,-37.55516052246094,-37.555660247802734,-37.556068420410156,-37.556396484375,-37.55665969848633,-37.55686569213867,-37.55702590942383,-37.55714416503906,-37.55723190307617,-37.55729675292969,-37.557342529296875,-37.557369232177734,-37.55738830566406,-37.557403564453125,-37.55742263793945,-37.557430267333984,-37.55743408203125,-37.55744934082031,-37.55746078491211,-37.557472229003906,-37.557491302490234,-37.5575065612793,-37.557525634765625,-37.55754852294922,-37.55756759643555,-37.557594299316406,-37.557621002197266,-37.55764389038086,-37.55767059326172,-37.55769729614258,-37.55772399902344,-37.5577507019043,-37.55777359008789,-37.55780029296875,-37.557823181152344,-37.55784606933594,-37.55786895751953,-37.55788803100586,-37.55790710449219,-37.557926177978516,-37.557945251464844,-37.557960510253906,-37.557979583740234,-37.55799102783203,-37.558006286621094,-37.558021545410156,-37.55803298950195,-37.55804443359375,-37.55805587768555,-37.55806350708008,-37.558074951171875,-37.558082580566406,-37.55809020996094,-37.55809783935547,-37.55810546875,-37.558109283447266,-37.5581169128418,-37.55812072753906,-37.558128356933594,-37.55813217163086,-37.558135986328125,-37.55813980102539
-26.76682472229004,-26.8553524017334,-26.945253372192383,-27.035898208618164,-27.12665367126465,-27.21710777282715,-27.30739402770996,-27.398393630981445,-27.49111557006836,-27.585786819458008,-27.681848526000977,-27.778453826904297,-27.875247955322266,-27.973024368286133,-28.072980880737305,-28.175249099731445,-28.278526306152344,-28.380573272705078,-28.479143142700195,-28.57341766357422,-28.665069580078125,-28.756690979003906,-28.848949432373047,-28.940244674682617,-29.02850341796875,-29.113500595092773,-29.197954177856445,-29.28540802001953,-29.377992630004883,-29.47661590576172,-29.58155632019043,-29.692550659179688,-29.809072494506836,-29.93129539489746,-30.060394287109375,-30.196577072143555,-30.337482452392578,-30.47985076904297,-30.622678756713867,-30.767526626586914,-30.914716720581055,-31.061864852905273,-31.20734405517578,-31.352861404418945,-31.499008178710938,-31.642948150634766,-31.78432846069336,-31.925567626953125,-32.06603240966797,-32.205238342285156,-32.346534729003906,-32.49026870727539,-32.634765625,-32.781288146972656,-32.927730560302734,-33.07060241699219,-33.20944595336914,-33.341217041015625,-33.46475601196289,-33.580570220947266,-33.687644958496094,-33.788299560546875,-33.88312911987305,-33.97338104248047,-34.0607795715332,-34.14486312866211,-34.22660827636719,-34.30479431152344,-34.37936019897461,-34.44948196411133,-34.515037536621094,-34.57638168334961,-34.63355255126953,-34.68743133544922,-34.73794937133789,-34.785743713378906,-34.83058547973633,-34.872982025146484,-34.912681579589844,-34.95014572143555,-34.962039947509766,-35.034847259521484,-35.068885803222656,-35.11008071899414,-35.15761184692383,-35.19340133666992,-35.221004486083984,-35.25205612182617,-35.28727340698242,-35.31954574584961,-35.34488296508789,-35.36677169799805,-35.38991928100586,-35.41398239135742,-35.43574142456055,-35.454200744628906,-35.4719123840332,-35.49121856689453,-35.5113410949707,-35.53009033203125,-35.54688262939453,-35.56327438354492,-35.580623626708984,-35.598323822021484,-35.614967346191406,-35.63032531738281,-35.645450592041016,-35.660987854003906,-35.67625045776367,-35.690216064453125,-35.702877044677734,-35.715049743652344,-35.727149963378906,-35.73876190185547,-35.74946212768555,-35.75947570800781,-35.76925277709961,-35.77879333496094,-35.78776550292969,-35.796138763427734,-35.80426788330078,-35.78302764892578,-35.82874298095703,-35.83784103393555,-35.846343994140625,-35.87019729614258,-35.892059326171875,-35.90422821044922,-35.91436004638672,-35.93049621582031,-35.950927734375,-35.96941375732422,-35.98318099975586,-35.995304107666016,-36.0097541809082,-36.0265998840332,-36.0430793762207,-36.05746078491211,-36.07087707519531,-36.085391998291016,-36.10123825073242,-36.116905212402344,-36.13130187988281,-36.14501953125,-36.159385681152344,-36.1746711730957,-36.189945220947266,-36.20444107055664,-36.21854019165039,-36.23311996459961,-36.248348236083984,-36.26351547241211,-36.27808380126953,-36.29235076904297,-36.306941986083984,-36.32191467285156,-36.336795806884766,-36.3513298034668,-36.365821838378906,-36.38063049316406,-36.39561462402344,-36.41039276123047,-36.424930572509766,-36.43953323364258,-36.454376220703125,-36.46926498413086,-36.48398971557617,-36.49863052368164,-36.51337814331055,-36.528221130371094,-36.54301834106445,-36.557777404785156,-36.57264709472656,-36.58766555786133,-36.602725982666016,-36.61777114868164,-36.63287353515625,-36.64807891845703,-36.6633415222168,-36.678619384765625,-36.693946838378906,-36.709354400634766,-36.72478485107422,-36.74020004272461,-36.755611419677734,-36.771026611328125,-36.78639602661133,-36.801658630371094,-36.81682205200195,-36.83187484741211,-36.846763610839844,-36.86145782470703,-36.87595748901367,-36.8902473449707,-36.9042854309082,-36.91804504394531,-36.93152618408203,-36.9447135925293,-36.95758056640625,-36.970123291015625,-36.982337951660156,-36.99421310424805,-37.00572967529297,-37.01688766479492,-37.027687072753906,-37.03811264038086,-37.04816436767578,-37.05784225463867,-37.06714630126953,-37.076072692871094,-37.08462142944336,-37.092803955078125,-37.100616455078125,-37.108062744140625,-37.11516189575195,-37.12191390991211,-37.12833023071289,-37.134422302246094,-37.140201568603516,-37.14568328857422,-37.150875091552734,-37.155792236328125,-37.16044998168945,-37.164859771728516,-37.169036865234375,-37.17298889160156,-37.17673110961914,-37.180274963378906,-37.183631896972656,-37.18681716918945,-37.18983840942383,-37.19270324707031,-37.195430755615234,-37.198020935058594,-37.20048904418945,-37.202842712402344,-37.2050895690918,-37.207237243652344,-37.209293365478516,-37.21126937866211,-37.21316146850586,-37.21498107910156,-37.216732025146484,-37.218421936035156,-37.22005081176758,-37.22162628173828,-37.22314453125,-37.22461700439453,-37.22603988647461,-37.227420806884766,-37.228759765625,-37.23005676269531,-37.23131561279297,-37.23253631591797,-37.23371887207031,-37.23487091064453,-37.23598861694336,-37.2370719909668,-37.23812484741211,-37.2391471862793,-37.24013900756836,-37.2411003112793,-37.24203109741211,-37.24293518066406,-37.243812561035156,-37.244659423828125,-37.245479583740234,-37.246273040771484,-37.247039794921875,-37.24778366088867,-37.24850082397461,-37.24919128417969,-37.24985885620117,-37.25050735473633,-37.251129150390625,-37.25172805786133,-37.25230407714844,-37.25286102294922,-37.253395080566406,-37.253910064697266,-37.2544059753418,-37.2548828125,-37.255340576171875,-37.25578308105469,-37.25620651245117,-37.25661087036133,-37.25699996948242,-37.25737380981445,-37.25773239135742,-37.258079528808594,-37.25840759277344,-37.258724212646484,-37.259029388427734,-37.25932312011719,-37.25960159301758,-37.25986862182617,-37.26012420654297,-37.260372161865234,-37.2606086730957,-37.260833740234375,-37.261051177978516,-37.26125717163086,-37.26145553588867,-37.26164627075195,-37.2618293762207,-37.26200485229492,-37.262168884277344,-37.2623291015625,-37.26248550415039,-37.262630462646484,-37.26277160644531,-37.26290512084961,-37.26303482055664,-37.263160705566406,-37.26327896118164,-37.263389587402344,-37.26350021362305,-37.26360321044922,-37.263702392578125,-37.263797760009766,-37.26388931274414,-37.26397705078125,-37.264060974121094,-37.264137268066406,-37.26421356201172,-37.26428985595703,-37.26435852050781,-37.26442337036133,-37.264488220214844,-37.264549255371094,-37.26460647583008,-37.26466369628906,-37.26471710205078,-37.264766693115234,-37.26481628417969,-37.264862060546875,-37.2649040222168,-37.26494598388672,-37.26498794555664,-37.2650260925293,-37.26506423950195,-37.265098571777344,-37.265132904052734,-37.26516342163086,-37.265193939208984,-37.265220642089844,-37.26525115966797,-37.26527404785156,-37.26530075073242,-37.265323638916016,-37.26534652709961,-37.2653694152832,-37.26538848876953,-37.26540756225586,-37.26542663574219,-37.265445709228516,-37.26546096801758,-37.26547622680664,-37.2654914855957,-37.265506744384766,-37.26552200317383,-37.265533447265625,-37.26554870605469,-37.265560150146484,-37.26557159423828,-37.26557922363281,-37.26559066772461,-37.265602111816406,-37.26560974121094,-37.26561737060547,-37.265625,-37.26563262939453,-37.26564025878906,-37.265647888183594,-37.265655517578125,-37.265663146972656,-37.26566696166992,-37.26567459106445,-37.26567840576172,-37.265682220458984,-37.265689849853516,-37.26569366455078,-37.26569747924805
-27.829345703125,-28.005895614624023,-28.166240692138672,-28.305580139160156,-28.429059982299805,-28.549816131591797,-28.674846649169922,-28.804134368896484,-28.934465408325195,-29.06119155883789,-29.18015480041504,-29.290048599243164,-29.394128799438477,-29.498050689697266,-29.605247497558594,-29.715505599975586,-29.826452255249023,-29.935178756713867,-30.039487838745117,-30.13882827758789,-30.234580993652344,-30.32929801940918,-30.42521858215332,-30.523090362548828,-30.622060775756836,-30.72044563293457,-30.81678581237793,-30.91054344177246,-31.00192642211914,-31.091175079345703,-31.17828369140625,-31.26335906982422,-31.34707260131836,-31.43061637878418,-31.515174865722656,-31.601808547973633,-31.69178009033203,-31.78668975830078,-31.887950897216797,-31.996206283569336,-32.11149215698242,-32.23381805419922,-32.363224029541016,-32.49950408935547,-32.64216613769531,-32.79045486450195,-32.943214416503906,-33.09840774536133,-33.253028869628906,-33.40430450439453,-33.550838470458984,-33.69207000732422,-33.82663345336914,-33.952022552490234,-34.06612014770508,-34.16870880126953,-34.26066589355469,-34.3420295715332,-34.41229248046875,-34.47220993041992,-34.52384948730469,-34.56876754760742,-34.607215881347656,-34.63933181762695,-34.666107177734375,-34.688785552978516,-34.70793151855469,-34.74475860595703,-34.81782150268555,-34.860511779785156,-34.90351867675781,-34.949729919433594,-34.992919921875,-35.03522491455078,-35.08016586303711,-35.12517166137695,-35.16725158691406,-35.207637786865234,-35.24925994873047,-35.292144775390625,-35.33438491821289,-35.375885009765625,-35.41827392578125,-35.46182632446289,-35.50495910644531,-35.54680252075195,-35.588417053222656,-35.63080978393555,-35.67335891723633,-35.71507263183594,-35.756046295166016,-35.796810150146484,-35.83709716796875,-35.87632751464844,-35.91462707519531,-35.952335357666016,-35.98912048339844,-36.02444839477539,-36.05840301513672,-36.09125900268555,-36.122745513916016,-36.15245819091797,-36.1805305480957,-36.207237243652344,-36.23242950439453,-36.25587463378906,-36.27767562866211,-36.29795455932617,-36.316619873046875,-36.33373260498047,-36.34954071044922,-36.364131927490234,-36.377437591552734,-36.38959884643555,-36.400882720947266,-36.372615814208984,-36.42615509033203,-36.43128204345703,-36.42656707763672,-36.442440032958984,-36.463829040527344,-36.47570037841797,-36.476871490478516,-36.47726058959961,-36.48393630981445,-36.49451446533203,-36.502925872802734,-36.505977630615234,-36.50569534301758,-36.506526947021484,-36.51051330566406,-36.51598358154297,-36.52003479003906,-36.52145004272461,-36.52156066894531,-36.522552490234375,-36.5251579284668,-36.52821731567383,-36.5301513671875,-36.530555725097656,-36.53043746948242,-36.53099822998047,-36.53239822387695,-36.53377914428711,-36.5343132019043,-36.5340690612793,-36.53380584716797,-36.53410720825195,-36.534793853759766,-36.535274505615234,-36.53527069091797,-36.53508377075195,-36.535179138183594,-36.53564453125,-36.536136627197266,-36.536354064941406,-36.536376953125,-36.5365104675293,-36.536895751953125,-36.537357330322266,-36.537662506103516,-36.537803649902344,-36.5379753112793,-36.53828811645508,-36.53865051269531,-36.53891372680664,-36.53907012939453,-36.53924560546875,-36.53950881958008,-36.539791107177734,-36.540000915527344,-36.5401496887207,-36.540313720703125,-36.540531158447266,-36.54075622558594,-36.540924072265625,-36.54106521606445,-36.541229248046875,-36.54141616821289,-36.54159164428711,-36.5417366027832,-36.5418701171875,-36.54202651977539,-36.54219055175781,-36.54233932495117,-36.5424690246582,-36.542606353759766,-36.542755126953125,-36.54290008544922,-36.543033599853516,-36.54315948486328,-36.543296813964844,-36.543434143066406,-36.5435676574707,-36.5436897277832,-36.54381561279297,-36.543941497802734,-36.544063568115234,-36.54418182373047,-36.54429626464844,-36.544410705566406,-36.544525146484375,-36.54463195800781,-36.54473876953125,-36.54484176635742,-36.54494857788086,-36.545047760009766,-36.54514694213867,-36.54524612426758,-36.54534149169922,-36.54543685913086,-36.545528411865234,-36.545616149902344,-36.54570770263672,-36.54579162597656,-36.54587936401367,-36.54595947265625,-36.546043395996094,-36.54612350463867,-36.54620361328125,-36.54627990722656,-36.546356201171875,-36.54642868041992,-36.54650115966797,-36.546573638916016,-36.5466423034668,-36.54670715332031,-36.546775817871094,-36.54684066772461,-36.54690170288086,-36.546966552734375,-36.54702377319336,-36.54708480834961,-36.547142028808594,-36.54719924926758,-36.5472526550293,-36.547306060791016,-36.547359466552734,-36.54740905761719,-36.54745864868164,-36.547508239746094,-36.54755401611328,-36.547603607177734,-36.547645568847656,-36.547691345214844,-36.547733306884766,-36.54777526855469,-36.54781723022461,-36.547855377197266,-36.54789352416992,-36.54793167114258,-36.547969818115234,-36.548004150390625,-36.548038482666016,-36.548072814941406,-36.5481071472168,-36.54813766479492,-36.54816818237305,-36.54819869995117,-36.5482292175293,-36.548255920410156,-36.54828643798828,-36.54831314086914,-36.54833984375,-36.548362731933594,-36.54838943481445,-36.54841232299805,-36.54843521118164,-36.548458099365234,-36.54848098754883,-36.548500061035156,-36.54852294921875,-36.54854202270508,-36.548561096191406,-36.548580169677734,-36.54859924316406,-36.54861831665039,-36.54863357543945,-36.548648834228516,-36.548667907714844,-36.548683166503906,-36.54869842529297,-36.548709869384766,-36.54872512817383,-36.54874038696289,-36.54875183105469,-36.54876708984375,-36.54877853393555,-36.548789978027344,-36.54880142211914,-36.54881286621094,-36.548824310302734,-36.54883575439453,-36.54884338378906,-36.54885482788086,-36.54886245727539,-36.54887390136719,-36.54888153076172,-36.54888916015625,-36.54889678955078,-36.54890441894531,-36.548912048339844,-36.548919677734375,-36.548927307128906,-36.54893493652344,-36.54894256591797,-36.548946380615234,-36.548954010009766,-36.5489616394043,-36.54896545410156,-36.548973083496094,-36.54897689819336,-36.548980712890625,-36.548988342285156,-36.54899215698242
-27.467172622680664,-27.61241912841797,-27.760990142822266,-27.910425186157227,-28.058353424072266,-28.20290184020996,-28.343494415283203,-28.480995178222656,-28.61688804626465,-28.752241134643555,-28.887174606323242,-29.0211181640625,-29.153318405151367,-29.28318977355957,-29.410457611083984,-29.535139083862305,-29.65741539001465,-29.777416229248047,-29.89495849609375,-30.009550094604492,-30.120885848999023,-30.229534149169922,-30.33660888671875,-30.44223403930664,-30.544933319091797,-30.642702102661133,-30.734832763671875,-30.82270622253418,-30.907711029052734,-30.98940658569336,-31.06703758239746,-31.141822814941406,-31.21580696105957,-31.28853988647461,-31.358203887939453,-31.425207138061523,-31.491300582885742,-31.556177139282227,-31.61910057067871,-31.68177032470703,-31.745670318603516,-31.809846878051758,-31.874332427978516,-31.940519332885742,-32.00785446166992,-32.07609558105469,-32.14706039428711,-32.220848083496094,-32.297569274902344,-32.37896728515625,-32.46462631225586,-32.55485534667969,-32.6503791809082,-32.75004196166992,-32.85438919067383,-32.961997985839844,-33.07175064086914,-33.18174362182617,-33.28938293457031,-33.392913818359375,-33.48996353149414,-33.579097747802734,-33.658145904541016,-33.726383209228516,-33.78383255004883,-33.83161544799805,-33.87123489379883,-33.904075622558594,-33.932289123535156,-33.95698165893555,-33.97925567626953,-33.999385833740234,-34.01076889038086,-34.08928298950195,-34.12478256225586,-34.1529541015625,-34.19684982299805,-34.242454528808594,-34.277732849121094,-34.30558776855469,-34.336265563964844,-34.37229537963867,-34.408485412597656,-34.4399528503418,-34.467018127441406,-34.49382781982422,-34.522857666015625,-34.55260467529297,-34.580322265625,-34.60529327392578,-34.629249572753906,-34.65407943725586,-34.679649353027344,-34.704280853271484,-34.726802825927734,-34.747703552246094,-34.76832962036133,-34.78932189941406,-34.810081481933594,-34.8297233581543,-34.84815216064453,-34.86602783203125,-34.883880615234375,-34.90150833129883,-34.91835021972656,-34.9342155456543,-34.949462890625,-34.964481353759766,-34.97919845581055,-34.99326705932617,-35.00652313232422,-35.0191764831543,-35.03146743774414,-35.04335403442383,-35.054630279541016,-35.065250396728516,-35.07539367675781,-35.085235595703125,-35.09474182128906,-35.071720123291016,-35.115447998046875,-35.124027252197266,-35.12666320800781,-35.14311599731445,-35.16276550292969,-35.17691421508789,-35.18558120727539,-35.195064544677734,-35.20819091796875,-35.22212600708008,-35.233863830566406,-35.24359893798828,-35.25366973876953,-35.265602111816406,-35.278648376464844,-35.29091262817383,-35.30152893066406,-35.31142044067383,-35.321990966796875,-35.33363342285156,-35.3456916809082,-35.35740661621094,-35.36861038208008,-35.379615783691406,-35.39067459106445,-35.40180969238281,-35.41305160522461,-35.42448425292969,-35.43608856201172,-35.447662353515625,-35.45901107788086,-35.47023010253906,-35.481590270996094,-35.49321365356445,-35.50495147705078,-35.51665496826172,-35.52839279174805,-35.54034423828125,-35.552555084228516,-35.5649299621582,-35.57744598388672,-35.590248107910156,-35.603492736816406,-35.61719512939453,-35.63132858276367,-35.645938873291016,-35.661128997802734,-35.676937103271484,-35.693363189697266,-35.710453033447266,-35.728271484375,-35.74681091308594,-35.7659797668457,-35.785728454589844,-35.806053161621094,-35.826908111572266,-35.848167419433594,-35.86968994140625,-35.891357421875,-35.913047790527344,-35.934600830078125,-35.95586013793945,-35.976741790771484,-35.9971923828125,-36.017215728759766,-36.036888122558594,-36.05637741088867,-36.07585906982422,-36.095497131347656,-36.115394592285156,-36.13558578491211,-36.155975341796875,-36.17638397216797,-36.196598052978516,-36.21638488769531,-36.23551940917969,-36.25382614135742,-36.27121353149414,-36.28767776489258,-36.30328369140625,-36.318153381347656,-36.33242416381836,-36.346187591552734,-36.35947036743164,-36.37224578857422,-36.384429931640625,-36.39592361450195,-36.406646728515625,-36.41657257080078,-36.42571258544922,-36.434139251708984,-36.44195556640625,-36.44927215576172,-36.45618438720703,-36.46274948120117,-36.46900177001953,-36.47494125366211,-36.480560302734375,-36.48586654663086,-36.490867614746094,-36.49560546875,-36.5001220703125,-36.50447082519531,-36.50869369506836,-36.51282501220703,-36.516876220703125,-36.52085494995117,-36.524749755859375,-36.52855682373047,-36.532264709472656,-36.53586959838867,-36.53937530517578,-36.542781829833984,-36.54608154296875,-36.549278259277344,-36.55235290527344,-36.555301666259766,-36.55810546875,-36.560752868652344,-36.563232421875,-36.5655403137207,-36.567665100097656,-36.56961441040039,-36.571388244628906,-36.5729866027832,-36.57441711425781,-36.575687408447266,-36.57680892944336,-36.57778549194336,-36.57862854003906,-36.57935333251953,-36.57997131347656,-36.58049392700195,-36.5809326171875,-36.58130645751953,-36.58161926269531,-36.58189010620117,-36.58211898803711,-36.582313537597656,-36.58248519897461,-36.58263397216797,-36.582767486572266,-36.5828857421875,-36.58298873901367,-36.58308410644531,-36.58317184448242,-36.583248138427734,-36.58332443237305,-36.58338928222656,-36.58345413208008,-36.58351135253906,-36.58356475830078,-36.583614349365234,-36.58366394042969,-36.583709716796875,-36.58375549316406,-36.58380126953125,-36.5838508605957,-36.58389663696289,-36.583946228027344,-36.58399200439453,-36.584041595458984,-36.58409118652344,-36.58414077758789,-36.58419418334961,-36.58424377441406,-36.584293365478516,-36.5843391418457,-36.58438491821289,-36.58443069458008,-36.584476470947266,-36.58451461791992,-36.584556579589844,-36.584590911865234,-36.584625244140625,-36.584659576416016,-36.58469009399414,-36.584720611572266,-36.584747314453125,-36.584774017333984,-36.58479690551758,-36.58481979370117,-36.584842681884766,-36.58486557006836,-36.58488845825195,-36.58490753173828,-36.58492660522461,-36.58494567871094,-36.584964752197266,-36.584983825683594,-36.58500289916992,-36.585018157958984,-36.58503723144531,-36.585052490234375,-36.58506774902344,-36.585086822509766,-36.58510208129883,-36.58511734008789,-36.58513259887695,-36.58514404296875,-36.58515930175781,-36.585174560546875,-36.58518600463867,-36.585201263427734,-36.58521270751953,-36.58522415161133,-36.58523941040039,-36.58525085449219,-36.585262298583984,-36.58527374267578,-36.58528518676758,-36.585296630859375,-36.58530807495117,-36.5853157043457,-36.5853271484375,-36.5853385925293,-36.58534622192383,-36.585357666015625,-36.585365295410156,-36.58537673950195,-36.585384368896484,-36.585391998291016,-36.58539962768555,-36.585411071777344,-36.585418701171875,-36.585426330566406,-36.58543395996094,-36.58544158935547,-36.58544921875,-36.58545684814453,-36.58546447753906,-36.58546829223633,-36.58547592163086,-36.58548355102539,-36.58549118041992,-36.58549499511719,-36.58550262451172,-36.58551025390625,-36.585514068603516,-36.58552169799805,-36.58552551269531,-36.585533142089844,-36.58553695678711,-36.58554458618164,-36.585548400878906,-36.58555221557617
-26.174945831298828,-26.38494300842285,-26.592920303344727,-26.79729461669922,-26.999679565429688,-27.198585510253906,-27.391376495361328,-27.5756893157959,-27.75004768371582,-27.914302825927734,-28.06966781616211,-28.218263626098633,-28.362415313720703,-28.504274368286133,-28.645877838134766,-28.78936767578125,-28.93716049194336,-29.091991424560547,-29.256580352783203,-29.432769775390625,-29.620681762695312,-29.818603515625,-30.02391815185547,-30.23490333557129,-30.45191764831543,-30.6754207611084,-30.902864456176758,-31.129365921020508,-31.3515567779541,-31.56924819946289,-31.781471252441406,-31.983535766601562,-32.17090606689453,-32.34369659423828,-32.50352478027344,-32.649166107177734,-32.78009796142578,-32.89973831176758,-33.01072311401367,-33.11182403564453,-33.20256042480469,-33.28474426269531,-33.358070373535156,-33.42108154296875,-33.47537612915039,-33.52305221557617,-33.56419372558594,-33.60020065307617,-33.658599853515625,-33.74067306518555,-33.790496826171875,-33.84235382080078,-33.90221405029297,-33.954193115234375,-33.99516296386719,-34.034976959228516,-34.078338623046875,-34.12075424194336,-34.158348083496094,-34.19264221191406,-34.227195739746094,-34.26237106323242,-34.29575729370117,-34.326454162597656,-34.35641860961914,-34.38734436035156,-34.41849136352539,-34.44826889038086,-34.4765625,-34.5046501159668,-34.533138275146484,-34.56121063232422,-34.58814239501953,-34.61438751220703,-34.64069747924805,-34.666866302490234,-34.69215393066406,-34.71650314331055,-34.74061965942383,-34.7648811340332,-34.78887176513672,-34.81215286254883,-34.834835052490234,-34.85723114013672,-34.87929916381836,-34.90089416503906,-34.922183990478516,-34.94343185424805,-34.964569091796875,-34.985313415527344,-35.005672454833984,-35.025909423828125,-35.0461311340332,-35.06623458862305,-35.08618927001953,-35.106136322021484,-35.12615966796875,-35.146202087402344,-35.166290283203125,-35.18656921386719,-35.20711898803711,-35.22791290283203,-35.248985290527344,-35.27045822143555,-35.292415618896484,-35.31484603881836,-35.33777618408203,-35.36127471923828,-35.38535690307617,-35.40998077392578,-35.43513488769531,-35.46080780029297,-35.48691940307617,-35.513362884521484,-35.5400390625,-35.56684112548828,-35.593624114990234,-35.6202507019043,-35.64662170410156,-35.67264938354492,-35.69824981689453,-35.723388671875,-35.74806594848633,-35.77229690551758,-35.79608917236328,-35.81946563720703,-35.84243392944336,-35.86498260498047,-35.88710403442383,-35.908790588378906,-35.93003463745117,-35.950836181640625,-35.9711799621582,-35.991065979003906,-36.010475158691406,-36.029380798339844,-36.04777526855469,-36.06563949584961,-36.082977294921875,-36.09980010986328,-36.11613464355469,-36.13201904296875,-36.14748001098633,-36.162559509277344,-36.177276611328125,-36.19165802001953,-36.205718994140625,-36.219478607177734,-36.23295974731445,-36.246177673339844,-36.259151458740234,-36.27189636230469,-36.284423828125,-36.29674530029297,-36.30886459350586,-36.32079315185547,-36.332542419433594,-36.3441276550293,-36.355552673339844,-36.31955337524414,-36.379825592041016,-36.385772705078125,-36.38069534301758,-36.400081634521484,-36.42764663696289,-36.4458122253418,-36.451568603515625,-36.45550537109375,-36.46694564819336,-36.48448944091797,-36.5012321472168,-36.51239013671875,-36.5190544128418,-36.52618408203125,-36.53700637817383,-36.55030059814453,-36.56260299682617,-36.571746826171875,-36.57870101928711,-36.58616638183594,-36.59568405151367,-36.606353759765625,-36.61616134643555,-36.62408447265625,-36.63093948364258,-36.6382942199707,-36.646759033203125,-36.655513763427734,-36.66337585449219,-36.6700553894043,-36.676334381103516,-36.68305969238281,-36.69023132324219,-36.69711685180664,-36.70315933227539,-36.708560943603516,-36.71393585205078,-36.71956253051758,-36.725120544433594,-36.73014450073242,-36.73460388183594,-36.73886489868164,-36.74321365356445,-36.74751281738281,-36.7514533996582,-36.75495529174805,-36.75824737548828,-36.76153564453125,-36.76476287841797,-36.76772689819336,-36.77036666870117,-36.7728385925293,-36.7752685546875,-36.777610778808594,-36.77974319458008,-36.78164291381836,-36.78342819213867,-36.7851676940918,-36.78681564331055,-36.78829574584961,-36.78963088989258,-36.79090118408203,-36.7921257019043,-36.793270111083984,-36.79429244995117,-36.79523468017578,-36.796146392822266,-36.79701614379883,-36.797813415527344,-36.79853820800781,-36.799224853515625,-36.799888610839844,-36.800514221191406,-36.801082611083984,-36.801612854003906,-36.8021240234375,-36.8026123046875,-36.803062438964844,-36.80347442626953,-36.803871154785156,-36.80424880981445,-36.80459976196289,-36.80492401123047,-36.80522918701172,-36.80552291870117,-36.8057975769043,-36.80604553222656,-36.80628204345703,-36.80650329589844,-36.80671310424805,-36.80690383911133,-36.80707931518555,-36.807247161865234,-36.807403564453125,-36.80754470825195,-36.80767822265625,-36.80780029296875,-36.80791473388672,-36.808021545410156,-36.8081169128418,-36.80820846557617,-36.808292388916016,-36.80836868286133,-36.808441162109375,-36.80850601196289,-36.80856704711914,-36.808624267578125,-36.808677673339844,-36.8087272644043,-36.80876922607422,-36.80881118774414,-36.8088493347168,-36.80888748168945,-36.808921813964844,-36.80895233154297,-36.80897903442383,-36.80900573730469,-36.80902862548828,-36.809051513671875,-36.80907440185547,-36.8090934753418,-36.80910873413086,-36.80912780761719,-36.809139251708984,-36.80915451049805,-36.809165954589844,-36.80917739868164,-36.80918884277344,-36.809200286865234,-36.809207916259766,-36.8092155456543,-36.80922317504883,-36.80923080444336,-36.80923843383789,-36.809242248535156,-36.80924987792969,-36.80925369262695,-36.80925750732422,-36.80926513671875,-36.809268951416016,-36.80927276611328
-28.18256950378418,-28.340267181396484,-28.48975372314453,-28.631431579589844,-28.768474578857422,-28.902511596679688,-29.03348731994629,-29.161808013916016,-29.288406372070312,-29.41383171081543,-29.538131713867188,-29.66143798828125,-29.784496307373047,-29.90873146057129,-30.03571128845215,-30.166305541992188,-30.30014419555664,-30.435636520385742,-30.57023811340332,-30.70088005065918,-30.82472038269043,-30.940155029296875,-31.047578811645508,-31.149110794067383,-31.24734878540039,-31.3438663482666,-31.438560485839844,-31.53025245666504,-31.617887496948242,-31.70180892944336,-31.784196853637695,-31.867733001708984,-31.953548431396484,-32.040611267089844,-32.12710189819336,-32.21241760253906,-32.29789733886719,-32.38551330566406,-32.475921630859375,-32.56787109375,-32.65955352783203,-32.750057220458984,-32.839393615722656,-32.92797088623047,-33.01612854003906,-33.103641510009766,-33.18998718261719,-33.27479553222656,-33.35842514038086,-33.441864013671875,-33.52545928955078,-33.608680725097656,-33.69099044799805,-33.7724494934082,-33.85341262817383,-33.93406295776367,-34.014190673828125,-34.093116760253906,-34.17030334472656,-34.24593734741211,-34.32029342651367,-34.39311218261719,-34.463966369628906,-34.53254318237305,-34.59873580932617,-34.66249084472656,-34.723289489746094,-34.7805061340332,-34.83396530151367,-34.883567810058594,-34.92903137207031,-34.970027923583984,-35.00652313232422,-35.03888702392578,-35.06736373901367,-35.092132568359375,-35.09157180786133,-35.16747283935547,-35.19850540161133,-35.2256965637207,-35.26664733886719,-35.30459976196289,-35.3340950012207,-35.360137939453125,-35.389373779296875,-35.420143127441406,-35.44647979736328,-35.466766357421875,-35.48534393310547,-35.5062370300293,-35.528663635253906,-35.54935836791992,-35.5669059753418,-35.58293914794922,-35.59945297241211,-35.616329193115234,-35.63208770751953,-35.64622116088867,-35.66002655029297,-35.67485046386719,-35.69041442871094,-35.70539093017578,-35.71917724609375,-35.73250198364258,-35.74625778198242,-35.760353088378906,-35.77403259277344,-35.78704833984375,-35.799896240234375,-35.812992095947266,-35.82603454589844,-35.838443756103516,-35.85013961791992,-35.861568450927734,-35.87302780151367,-35.88431930541992,-35.895164489746094,-35.90562057495117,-35.915916442871094,-35.926082611083984,-35.935935974121094,-35.945411682128906,-35.95466995239258,-35.963844299316406,-35.97287368774414,-35.981632232666016,-35.99012756347656,-35.99843978881836,-36.006568908691406,-36.01445007324219,-36.02206802368164,-36.02948760986328,-36.036720275878906,-36.00279998779297,-36.063716888427734,-36.070655822753906,-36.06703567504883,-36.087642669677734,-36.11581039428711,-36.13398742675781,-36.13972473144531,-36.14424514770508,-36.156497955322266,-36.17426300048828,-36.19031524658203,-36.200321197509766,-36.2061653137207,-36.21306610107422,-36.22370910644531,-36.23625564575195,-36.247135162353516,-36.25462341308594,-36.260169982910156,-36.26653289794922,-36.274837493896484,-36.28376388549805,-36.29130172729492,-36.29682540893555,-36.30152893066406,-36.30695343017578,-36.31337356567383,-36.31974411010742,-36.32501983642578,-36.32924270629883,-36.33336639404297,-36.33810043334961,-36.343223571777344,-36.34797286987305,-36.35197830200195,-36.35562515258789,-36.35951614379883,-36.36378479003906,-36.36800003051758,-36.371788024902344,-36.375240325927734,-36.378753662109375,-36.382511138916016,-36.386314392089844,-36.389869689941406,-36.3931770324707,-36.39646911621094,-36.39990234375,-36.40336990356445,-36.40667724609375,-36.4098014831543,-36.41289138793945,-36.416046142578125,-36.4192008972168,-36.4222297668457,-36.42512512207031,-36.427982330322266,-36.43086242675781,-36.43370819091797,-36.43644714355469,-36.4390869140625,-36.44169616699219,-36.444297790527344,-36.44684600830078,-36.44930648803711,-36.45169448852539,-36.45405578613281,-36.456390380859375,-36.45866394042969,-36.46086502075195,-36.463016510009766,-36.46514129638672,-36.467227935791016,-36.46925735473633,-36.471229553222656,-36.47317123413086,-36.47507858276367,-36.47694778442383,-36.47876739501953,-36.48054504394531,-36.482295989990234,-36.484012603759766,-36.48569107055664,-36.48733139038086,-36.48894119262695,-36.49052047729492,-36.49207305908203,-36.493587493896484,-36.49507141113281,-36.49653244018555,-36.497962951660156,-36.499366760253906,-36.5007438659668,-36.50209426879883,-36.50342559814453,-36.504730224609375,-36.50600814819336,-36.507266998291016,-36.50850296020508,-36.50971984863281,-36.51091766357422,-36.51209259033203,-36.51325225830078,-36.51439666748047,-36.51551818847656,-36.516624450683594,-36.51771545410156,-36.518795013427734,-36.51985549926758,-36.52090072631836,-36.521934509277344,-36.52295684814453,-36.523963928222656,-36.524959564208984,-36.525943756103516,-36.52691650390625,-36.52787399291992,-36.52882766723633,-36.52976608276367,-36.530696868896484,-36.5316162109375,-36.532527923583984,-36.53343200683594,-36.534324645996094,-36.53520965576172,-36.53608703613281,-36.53696060180664,-36.53782272338867,-36.53868103027344,-36.53953170776367,-36.540374755859375,-36.54121780395508,-36.542049407958984,-36.54288101196289,-36.54370880126953,-36.54452896118164,-36.54534912109375,-36.54616928100586,-36.54698181152344,-36.54779815673828,-36.548614501953125,-36.5494270324707,-36.55024337768555,-36.551063537597656,-36.551883697509766,-36.55270767211914,-36.55353927612305,-36.554378509521484,-36.55522155761719,-36.55607604980469,-36.55693817138672,-36.55781173706055,-36.5587043762207,-36.559608459472656,-36.56052780151367,-36.56147003173828,-36.56243133544922,-36.563419342041016,-36.564430236816406,-36.56547546386719,-36.56654739379883,-36.567657470703125,-36.568809509277344,-36.56999969482422,-36.57123947143555,-36.57252883911133,-36.57387161254883,-36.57527542114258,-36.576744079589844,-36.57828140258789,-36.579891204833984,-36.581581115722656,-36.583351135253906,-36.585208892822266,-36.587162017822266,-36.589202880859375,-36.59134292602539,-36.59357833862305,-36.59590530395508,-36.598323822021484,-36.600830078125,-36.60340881347656,-36.606048583984375,-36.60873794555664,-36.61145782470703,-36.61418151855469,-36.61689376831055,-36.619564056396484,-36.62216567993164,-36.62467575073242,-36.62706756591797,-36.62931442260742,-36.631404876708984,-36.63331604003906,-36.63504409790039,-36.63657760620117,-36.63792037963867,-36.639076232910156,-36.640052795410156,-36.64086151123047,-36.64152145385742,-36.64204788208008,-36.642459869384766,-36.64277648925781,-36.643009185791016,-36.643184661865234,-36.643310546875,-36.643402099609375,-36.643470764160156,-36.643531799316406,-36.643585205078125,-36.64364242553711,-36.643707275390625,-36.64377975463867,-36.643863677978516,-36.643959045410156,-36.644065856933594,-36.64418029785156,-36.64430618286133,-36.644432067871094,-36.644561767578125,-36.644691467285156,-36.64481735229492,-36.64494323730469,-36.64506149291992,-36.645172119140625,-36.6452751159668,-36.64537048339844,-36.64545822143555,-36.645538330078125,-36.64561080932617,-36.64567565917969,-36.64573669433594,-36.64579391479492,-36.645843505859375,-36.64589309692383,-36.64593505859375,-36.64597702026367,-36.646018981933594,-36.64605712890625,-36.64609146118164,-36.64612579345703,-36.646156311035156,-36.64618682861328,-36.646217346191406,-36.646244049072266,-36.646270751953125,-36.64629364013672,-36.64631652832031,-36.646339416503906,-36.6463623046875,-36.64638137817383,-36.646400451660156,-36.64641571044922,-36.64643478393555,-36.64645004272461,-36.64646530151367,-36.646480560302734,-36.6464958190918,-36.64651107788086,-36.646522521972656,-36.64653396606445,-36.646549224853516,-36.64656066894531,-36.64657211303711,-36.64657974243164,-36.64659118652344,-36.64659881591797,-36.646610260009766,-36.6466178894043,-36.64662551879883,-36.64663314819336,-36.64664077758789,-36.64664840698242,-36.64665222167969,-36.64665985107422,-36.646663665771484,-36.646671295166016,-36.64667510986328,-36.64667892456055,-36.64668273925781
-28.003772735595703,-28.11986541748047,-28.237873077392578,-28.357250213623047,-28.477039337158203,-28.596376419067383,-28.71521759033203,-28.834428787231445,-28.954593658447266,-29.07499122619629,-29.193523406982422,-29.30721092224121,-29.41316032409668,-29.510128021240234,-29.600215911865234,-29.68886375427246,-29.78219985961914,-29.88435173034668,-29.99675750732422,-30.11872100830078,-30.24808692932129,-30.38176155090332,-30.516115188598633,-30.647411346435547,-30.77260398864746,-30.890512466430664,-31.002803802490234,-31.11358642578125,-31.22743797302246,-31.347152709960938,-31.47256851196289,-31.60092544555664,-31.728252410888672,-31.851091384887695,-31.96803855895996,-32.08051681518555,-32.191890716552734,-32.30504608154297,-32.420162200927734,-32.53445816040039,-32.643802642822266,-32.745147705078125,-32.83842849731445,-32.92641830444336,-33.01223373413086,-33.09670639038086,-33.17799758911133,-33.253509521484375,-33.322322845458984,-33.386253356933594,-33.44831848144531,-33.5101318359375,-33.57094955444336,-33.62916946411133,-33.684547424316406,-33.738948822021484,-33.79472351074219,-33.852577209472656,-33.911312103271484,-33.9696044921875,-34.027671813964844,-34.08673095703125,-34.146968841552734,-34.2068977355957,-34.26504135131836,-34.321571350097656,-34.37738037109375,-34.432090759277344,-34.4842529296875,-34.53345489501953,-34.580753326416016,-34.626800537109375,-34.67102813720703,-34.71316146850586,-34.75407409667969,-34.79438781738281,-34.83356857299805,-34.871185302734375,-34.88180160522461,-34.96522521972656,-35.00242614746094,-35.03203582763672,-35.08235168457031,-35.13751220703125,-35.18256378173828,-35.21812438964844,-35.25514221191406,-35.298397064208984,-35.34360885620117,-35.38503646850586,-35.42140579223633,-35.456321716308594,-35.49336242675781,-35.532371520996094,-35.57071304321289,-35.60639190673828,-35.6399040222168,-35.67329788208008,-35.7076416015625,-35.74212646484375,-35.77538299560547,-35.80713653564453,-35.83833694458008,-35.86994552612305,-35.90182876586914,-35.93306350708008,-35.96311950683594,-35.99250793457031,-36.02210235595703,-36.05213928222656,-36.0820426940918,-36.11122131347656,-36.1397705078125,-36.16829299926758,-36.19712829589844,-36.226043701171875,-36.254634857177734,-36.28289031982422,-36.31112289428711,-36.339500427246094,-36.36784362792969,-36.395931243896484,-36.42380142211914,-36.45164108276367,-36.47944641113281,-36.50699234008789,-36.53411865234375,-36.560916900634766,-36.58747863769531,-36.61368942260742,-36.639339447021484,-36.66435623168945,-36.68880844116211,-36.71266555786133,-36.73577880859375,-36.75804138183594,-36.77946472167969,-36.800048828125,-36.81971740722656,-36.8383903503418,-36.856075286865234,-36.8728141784668,-36.888580322265625,-36.903350830078125,-36.91715621948242,-36.93006134033203,-36.942081451416016,-36.95322799682617,-36.963558197021484,-36.93024444580078,-36.98544692993164,-36.98991775512695,-36.98408889770508,-37.000335693359375,-37.02356719970703,-37.03782272338867,-37.04071044921875,-37.04207992553711,-37.050209045410156,-37.063560485839844,-37.07583236694336,-37.08286666870117,-37.085899353027344,-37.089481353759766,-37.096397399902344,-37.10542297363281,-37.113426208496094,-37.118560791015625,-37.12177276611328,-37.125465393066406,-37.13093948364258,-37.13737487792969,-37.143028259277344,-37.14706039428711,-37.15019989013672,-37.15379333496094,-37.158355712890625,-37.16320037841797,-37.167327880859375,-37.17045211791992,-37.17320251464844,-37.17630386352539,-37.1798210144043,-37.18321228027344,-37.18600845336914,-37.18832015991211,-37.19062042236328,-37.19319534301758,-37.19584655761719,-37.19821548461914,-37.200218200683594,-37.20207977294922,-37.20405197143555,-37.20610046386719,-37.2080192565918,-37.20970153808594,-37.21124267578125,-37.21281051635742,-37.21441650390625,-37.21595001220703,-37.21733474731445,-37.218624114990234,-37.21990966796875,-37.22120666503906,-37.222442626953125,-37.22358322143555,-37.22466278076172,-37.22572708129883,-37.226776123046875,-37.22777557373047,-37.22871017456055,-37.2296142578125,-37.23049545288086,-37.23135757446289,-37.232181549072266,-37.23296356201172,-37.233726501464844,-37.234474182128906,-37.23519515991211,-37.23588943481445,-37.23655700683594,-37.23721694946289,-37.23785400390625,-37.23847198486328,-37.23906707763672,-37.239646911621094,-37.24021530151367,-37.24076843261719,-37.241302490234375,-37.2418212890625,-37.242332458496094,-37.24283218383789,-37.243316650390625,-37.2437858581543,-37.2442512512207,-37.24470520019531,-37.245147705078125,-37.24557876586914,-37.24599838256836,-37.24641418457031,-37.246822357177734,-37.24721908569336,-37.24760437011719,-37.24798583984375,-37.24835968017578,-37.24872589111328,-37.249080657958984,-37.24943161010742,-37.249778747558594,-37.25011444091797,-37.25044250488281,-37.25076675415039,-37.25108337402344,-37.25139236450195,-37.2516975402832,-37.251991271972656,-37.25228500366211,-37.252567291259766,-37.252845764160156,-37.25312042236328,-37.25338363647461,-37.25364685058594,-37.25389862060547,-37.254150390625,-37.25439453125,-37.25463104248047,-37.25486373901367,-37.25509262084961,-37.255313873291016,-37.255531311035156,-37.25574493408203,-37.25595474243164,-37.256160736083984,-37.2563591003418,-37.25655746459961,-37.25674819946289,-37.25693893432617,-37.25712203979492,-37.25730514526367,-37.257484436035156,-37.25765609741211,-37.25783157348633,-37.257999420166016,-37.25816345214844,-37.25832748413086,-37.258487701416016,-37.25864791870117,-37.25880432128906,-37.25895690917969,-37.25910568237305,-37.259254455566406,-37.2593994140625,-37.25954055786133,-37.259681701660156,-37.25981903076172,-37.25995635986328,-37.26008987426758,-37.26021957397461,-37.26034927368164,-37.260475158691406,-37.260597229003906,-37.260719299316406,-37.26083755493164,-37.260955810546875,-37.261070251464844,-37.26118469238281,-37.261295318603516,-37.26140213012695,-37.26150894165039,-37.26161193847656,-37.261714935302734,-37.26181411743164,-37.26191329956055,-37.26200866699219,-37.26210403442383,-37.2621955871582,-37.26228713989258,-37.26237487792969,-37.26245880126953,-37.26254653930664,-37.26262664794922,-37.26271057128906,-37.26279067993164,-37.26286697387695,-37.262943267822266,-37.26301574707031,-37.26308822631836,-37.263160705566406,-37.26322937011719,-37.26329803466797,-37.26336669921875,-37.263431549072266,-37.263492584228516,-37.26355743408203,-37.26361846923828,-37.263675689697266,-37.26373291015625,-37.263790130615234,-37.26384353637695,-37.26390075683594,-37.26395034790039,-37.26400375366211,-37.26405334472656,-37.264102935791016,-37.2641487121582,-37.26419448852539,-37.26424026489258,-37.264286041259766,-37.26432800292969,-37.26436996459961,-37.26441192626953,-37.26445007324219,-37.264488220214844,-37.2645263671875,-37.264564514160156,-37.26459884643555,-37.2646369934082,-37.26466751098633,-37.26470184326172,-37.26473617553711,-37.264766693115234,-37.26479721069336,-37.264827728271484,-37.264854431152344,-37.26488494873047,-37.26491165161133,-37.26493835449219,-37.26496505737305,-37.26498794555664,-37.2650146484375,-37.265037536621094,-37.26506042480469,-37.26508331298828,-37.26510238647461,-37.2651252746582,-37.26514434814453,-37.265167236328125,-37.26518630981445,-37.26520538330078,-37.265220642089844,-37.26523971557617,-37.2652587890625,-37.26527404785156,-37.265289306640625,-37.26530456542969,-37.26531982421875,-37.26533508300781,-37.265350341796875,-37.26536560058594,-37.265377044677734,-37.2653923034668,-37.265403747558594,-37.26541519165039,-37.26542663574219,-37.265438079833984,-37.26544952392578,-37.26546096801758,-37.265472412109375,-37.265480041503906,-37.2654914855957,-37.2655029296875,-37.26551055908203,-37.26551818847656,-37.26552963256836,-37.26553726196289,-37.26554489135742,-37.26555252075195,-37.265560150146484,-37.265567779541016,-37.26557540893555,-37.26558303833008,-37.265586853027344,-37.265594482421875,-37.265602111816406,-37.26560592651367,-37.2656135559082,-37.26561737060547,-37.265625,-37.265628814697266,-37.2656364440918,-37.26564025878906,-37.26564407348633
-26.13801383972168,-26.318145751953125,-26.503551483154297,-26.691612243652344,-26.880996704101562,-27.069686889648438,-27.254446029663086,-27.432205200195312,-27.60090446472168,-27.760082244873047,-27.91144371032715,-28.059049606323242,-28.20766830444336,-28.36042022705078,-28.51830291748047,-28.681079864501953,-28.84767723083496,-29.016063690185547,-29.18358612060547,-29.347997665405273,-29.508760452270508,-29.667495727539062,-29.826688766479492,-29.987529754638672,-30.148866653442383,-30.30790138244629,-30.461734771728516,-30.608854293823242,-30.74995231628418,-30.887216567993164,-31.022640228271484,-31.157278060913086,-31.291690826416016,-31.425945281982422,-31.559003829956055,-31.688919067382812,-31.813993453979492,-31.93408966064453,-32.0508918762207,-32.16631317138672,-32.28102111816406,-32.39438247680664,-32.505218505859375,-32.612613677978516,-32.71623611450195,-32.81616973876953,-32.91269302368164,-33.00578308105469,-33.094635009765625,-33.17789077758789,-33.254634857177734,-33.32506561279297,-33.390045166015625,-33.450199127197266,-33.50569534301758,-33.556610107421875,-33.603179931640625,-33.64583206176758,-33.69345474243164,-33.75753402709961,-33.80768966674805,-33.85361099243164,-33.897666931152344,-33.94169235229492,-33.98506546020508,-34.02567672729492,-34.06360626220703,-34.100135803222656,-34.13540267944336,-34.169044494628906,-34.20122146606445,-34.23162841796875,-34.26007080078125,-34.287139892578125,-34.313140869140625,-34.33790588378906,-34.3615608215332,-34.38419723510742,-34.40581130981445,-34.42670440673828,-34.44694900512695,-34.46628952026367,-34.48479080200195,-34.50251388549805,-34.51937484741211,-34.5355339050293,-34.55104446411133,-34.56587600708008,-34.58010482788086,-34.59365463256836,-34.6065559387207,-34.61896896362305,-34.63085174560547,-34.64217758178711,-34.65291976928711,-34.634700775146484,-34.67901611328125,-34.687339782714844,-34.6878776550293,-34.70409393310547,-34.725486755371094,-34.74047088623047,-34.747249603271484,-34.75333786010742,-34.764495849609375,-34.77947998046875,-34.793521881103516,-34.803794860839844,-34.81165313720703,-34.820465087890625,-34.831764221191406,-34.84424591064453,-34.85576248168945,-34.86566162109375,-34.87514114379883,-34.88560104370117,-34.897216796875,-34.909122467041016,-34.92060089111328,-34.93186569213867,-34.94362258911133,-34.95615005493164,-34.9691047668457,-34.982059478759766,-34.99509048461914,-35.00859832763672,-35.022804260253906,-35.03759765625,-35.05284118652344,-35.06861877441406,-35.08517074584961,-35.10261535644531,-35.12099075317383,-35.140419006347656,-35.1611442565918,-35.18337631225586,-35.207176208496094,-35.23257064819336,-35.25971221923828,-35.2888298034668,-35.32002258300781,-35.35320281982422,-35.38825988769531,-35.425148010253906,-35.46379470825195,-35.503971099853516,-35.545345306396484,-35.58763122558594,-35.630615234375,-35.6740837097168,-35.717811584472656,-35.76169967651367,-35.805782318115234,-35.85015869140625,-35.89488983154297,-35.93999481201172,-35.98542022705078,-36.030975341796875,-36.07637405395508,-36.12130355834961,-36.16544723510742,-36.20849609375,-36.25017547607422,-36.29029083251953,-36.328712463378906,-36.365333557128906,-36.40011215209961,-36.43307113647461,-36.46425247192383,-36.493682861328125,-36.521366119384766,-36.547298431396484,-36.571449279785156,-36.59377670288086,-36.61426544189453,-36.63291549682617,-36.649757385253906,-36.66486358642578,-36.6783561706543,-36.690364837646484,-36.70104217529297,-36.710567474365234,-36.719112396240234,-36.72686767578125,-36.73402404785156,-36.740779876708984,-36.747337341308594,-36.753883361816406,-36.7606086730957,-36.76767349243164,-36.77521514892578,-36.783355712890625,-36.79219055175781,-36.80180358886719,-36.81224822998047,-36.82356643676758,-36.835777282714844,-36.848899841308594,-36.86294174194336,-36.877906799316406,-36.89380645751953,-36.910640716552734,-36.92841339111328,-36.947113037109375,-36.96670150756836,-36.987125396728516,-37.0083122253418,-37.0301513671875,-37.052513122558594,-37.075252532958984,-37.09819030761719,-37.121131896972656,-37.14386749267578,-37.166175842285156,-37.18783950805664,-37.20864486694336,-37.22840118408203,-37.24694061279297,-37.26414489746094,-37.27993392944336,-37.29427719116211,-37.30720901489258,-37.31881332397461,-37.329227447509766,-37.33863067626953,-37.347232818603516,-37.35524368286133,-37.362857818603516,-37.370235443115234,-37.37748336791992,-37.38467788696289,-37.39183044433594,-37.3989372253418,-37.40595626831055,-37.41282272338867,-37.419464111328125,-37.42581558227539,-37.43180847167969,-37.43739700317383,-37.44255065917969,-37.447269439697266,-37.45157241821289,-37.455501556396484,-37.459110260009766,-37.46244812011719,-37.46556854248047,-37.468509674072266,-37.471290588378906,-37.47392654418945,-37.476409912109375,-37.47874069213867,-37.48090744018555,-37.48291015625,-37.4847412109375,-37.486419677734375,-37.48794937133789,-37.48935317993164,-37.49065017700195,-37.491859436035156,-37.49299621582031,-37.494075775146484,-37.49510192871094,-37.4960823059082,-37.49701690673828,-37.49790573120117,-37.498748779296875,-37.49953842163086,-37.50027847290039,-37.50096130371094,-37.50159454345703,-37.50218200683594,-37.502723693847656,-37.50323486328125,-37.50371551513672,-37.50417709350586,-37.50462341308594,-37.50505828857422,-37.5054817199707,-37.505897521972656,-37.50630569458008,-37.5067024230957,-37.5070915222168,-37.50746536254883,-37.50783157348633,-37.5081901550293,-37.50853729248047,-37.508880615234375,-37.50921630859375,-37.50954818725586,-37.50987243652344,-37.510196685791016,-37.51051330566406,-37.510826110839844,-37.51113510131836,-37.51144027709961,-37.51173782348633,-37.51203155517578,-37.51232147216797,-37.51260757446289,-37.51288604736328,-37.51316452026367,-37.51343536376953,-37.513702392578125,-37.51396560668945,-37.51422119140625,-37.51447677612305,-37.51472473144531,-37.51496887207031,-37.51520538330078,-37.515438079833984,-37.515663146972656,-37.51588439941406,-37.51609802246094,-37.51630401611328,-37.516510009765625,-37.51670455932617,-37.51689529418945,-37.51708221435547,-37.51726150512695,-37.517433166503906,-37.517601013183594,-37.517765045166016,-37.517921447753906,-37.51807403564453,-37.518218994140625,-37.51835632324219,-37.51849365234375,-37.51862335205078,-37.51874542236328,-37.518863677978516,-37.518978118896484,-37.51908874511719,-37.519195556640625,-37.51929473876953,-37.51939010620117,-37.51948165893555,-37.519569396972656,-37.5196533203125,-37.51973342895508,-37.51980972290039,-37.51988220214844,-37.51995086669922,-37.52001953125,-37.52008056640625,-37.5201416015625,-37.520198822021484,-37.5202522277832,-37.520301818847656,-37.52035140991211,-37.5203971862793,-37.520442962646484,-37.520484924316406,-37.52052307128906,-37.52056121826172,-37.520599365234375,-37.520633697509766,-37.52066421508789,-37.520694732666016,-37.52072525024414,-37.520751953125,-37.52077865600586,-37.52080535888672,-37.52082824707031,-37.520851135253906,-37.5208740234375,-37.52089309692383,-37.520912170410156,-37.520931243896484,-37.52094650268555,-37.520965576171875,-37.52098083496094,-37.52099609375,-37.52101135253906,-37.52102279663086,-37.52103805541992,-37.52104949951172,-37.521060943603516,-37.52107238769531,-37.52108383178711,-37.521095275878906,-37.52110290527344,-37.521114349365234,-37.521121978759766,-37.52113342285156,-37.521141052246094,-37.521148681640625,-37.521156311035156,-37.52116394042969,-37.52116775512695,-37.521175384521484,-37.521183013916016,-37.52118682861328,-37.52119445800781,-37.521202087402344,-37.52120590209961,-37.521209716796875,-37.521217346191406,-37.52122116088867,-37.52122497558594
-26.377294540405273,-26.49958038330078,-26.62378692626953,-26.74984359741211,-26.877586364746094,-27.00701332092285,-27.138185501098633,-27.271041870117188,-27.405357360839844,-27.540889739990234,-27.67743492126465,-27.814924240112305,-27.95340919494629,-28.0928955078125,-28.233266830444336,-28.374235153198242,-28.51538848876953,-28.656309127807617,-28.79667091369629,-28.936246871948242,-29.074949264526367,-29.212902069091797,-29.350419998168945,-29.487733840942383,-29.624757766723633,-29.7611083984375,-29.896217346191406,-30.029434204101562,-30.160104751586914,-30.287654876708984,-30.411632537841797,-30.53173828125,-30.64779281616211,-30.75969696044922,-30.867347717285156,-30.970571517944336,-31.06914710998535,-31.16289710998535,-31.251806259155273,-31.336048126220703,-31.415912628173828,-31.491653442382812,-31.56336212158203,-31.630970001220703,-31.69437026977539,-31.753576278686523,-31.8088321685791,-31.860576629638672,-31.909257888793945,-31.955167770385742,-31.99843978881836,-32.0391845703125,-32.077613830566406,-32.14209747314453,-32.20357894897461,-32.262168884277344,-32.319705963134766,-32.377071380615234,-32.43354797363281,-32.48876953125,-32.542823791503906,-32.59566116333008,-32.64736557006836,-32.69802474975586,-32.74759292602539,-32.79609680175781,-32.84360122680664,-32.89009094238281,-32.93548583984375,-32.979736328125,-33.0228157043457,-33.064697265625,-33.10540008544922,-33.14497756958008,-33.183414459228516,-33.2206916809082,-33.25684356689453,-33.291934967041016,-33.32603454589844,-33.35926055908203,-33.391727447509766,-33.42351150512695,-33.454681396484375,-33.48530578613281,-33.51544189453125,-33.54513931274414,-33.5744514465332,-33.60340881347656,-33.63204574584961,-33.660404205322266,-33.68849563598633,-33.71634292602539,-33.74395751953125,-33.77134704589844,-33.79853439331055,-33.82552719116211,-33.852325439453125,-33.8789176940918,-33.905303955078125,-33.931480407714844,-33.95745086669922,-33.98323440551758,-34.008846282958984,-34.03431701660156,-34.05967330932617,-34.08494186401367,-34.11015701293945,-34.135345458984375,-34.16054153442383,-34.18576431274414,-34.211036682128906,-34.23638153076172,-34.261802673339844,-34.28731155395508,-34.31291198730469,-34.33858871459961,-34.36433029174805,-34.390113830566406,-34.41590881347656,-34.44167709350586,-34.467384338378906,-34.49298095703125,-34.51841354370117,-34.543636322021484,-34.5685920715332,-34.593223571777344,-34.61747360229492,-34.64128494262695,-34.66459655761719,-34.68735122680664,-34.709495544433594,-34.73098373413086,-34.75176239013672,-34.77178955078125,-34.79103469848633,-34.8094596862793,-34.82704544067383,-34.843780517578125,-34.85965347290039,-34.874664306640625,-34.88882827758789,-34.902156829833984,-34.9146728515625,-34.92640686035156,-34.93739318847656,-34.94765090942383,-34.96567916870117,-34.97874450683594,-34.98955154418945,-35.00167465209961,-35.014312744140625,-35.02572250366211,-35.03545379638672,-35.04446792602539,-35.05364990234375,-35.06285858154297,-35.071495056152344,-35.07931137084961,-35.08658218383789,-35.093753814697266,-35.100975036621094,-35.108055114746094,-35.11474609375,-35.12096405029297,-35.12681579589844,-35.13248062133789,-35.1380500793457,-35.14347457885742,-35.14863586425781,-35.15346908569336,-35.158023834228516,-35.162391662597656,-35.1666145324707,-35.170650482177734,-35.17445373535156,-35.17803192138672,-35.18140411376953,-35.184593200683594,-35.18760299682617,-35.190433502197266,-35.19309616088867,-35.19558334350586,-35.19790267944336,-35.200077056884766,-35.20212936401367,-35.204063415527344,-35.205875396728516,-35.207557678222656,-35.20912170410156,-35.21057891845703,-35.211944580078125,-35.213226318359375,-35.214412689208984,-35.21549606323242,-35.216487884521484,-35.217411041259766,-35.21826934814453,-35.21905517578125,-35.21977615356445,-35.220436096191406,-35.22104263305664,-35.22160339355469,-35.22211456298828,-35.22258377075195,-35.2230110168457,-35.2234001159668,-35.223758697509766,-35.224082946777344,-35.2243766784668,-35.224647521972656,-35.22488784790039,-35.2251091003418,-35.225311279296875,-35.225494384765625,-35.22566223144531,-35.22581100463867,-35.22594451904297,-35.226070404052734,-35.22618103027344,-35.226280212402344,-35.22637176513672,-35.2264518737793,-35.226524353027344,-35.226593017578125,-35.226654052734375,-35.226707458496094,-35.22675704956055,-35.22679901123047,-35.226837158203125,-35.22687530517578,-35.226905822753906,-35.226932525634766,-35.226959228515625,-35.22698211669922,-35.22700119018555,-35.227020263671875,-35.22703552246094,-35.22705078125,-35.2270622253418,-35.227073669433594,-35.227081298828125,-35.22709274291992,-35.22710037231445,-35.22710418701172,-35.22711181640625,-35.227115631103516,-35.22711944580078,-35.22712326049805,-35.22712707519531,-35.22713088989258
-26.38819122314453,-26.500221252441406,-26.613859176635742,-26.728347778320312,-26.84379768371582,-26.95949363708496,-27.07475471496582,-27.18931007385254,-27.302915573120117,-27.415231704711914,-27.52617073059082,-27.635665893554688,-27.743436813354492,-27.849138259887695,-27.952434539794922,-28.05283546447754,-28.149778366088867,-28.243078231811523,-28.33307456970215,-28.42032814025879,-28.505399703979492,-28.588703155517578,-28.670381546020508,-28.750469207763672,-28.829038619995117,-28.906208038330078,-28.98224449157715,-29.057655334472656,-29.1330623626709,-29.209074020385742,-29.286272048950195,-29.365079879760742,-29.445714950561523,-29.52827262878418,-29.612783432006836,-29.699270248413086,-29.787843704223633,-29.87868881225586,-29.971967697143555,-30.067781448364258,-30.16609764099121,-30.266748428344727,-30.369497299194336,-30.474105834960938,-30.580381393432617,-30.688209533691406,-30.79747772216797,-30.90798568725586,-31.019451141357422,-31.131540298461914,-31.243911743164062,-31.35626220703125,-31.468313217163086,-31.579790115356445,-31.6904296875,-31.799964904785156,-31.908126831054688,-32.0146484375,-32.1192512512207,-32.22164535522461,-32.321510314941406,-32.41850280761719,-32.512264251708984,-32.60245895385742,-32.68877029418945,-32.77093505859375,-32.84874725341797,-32.92205047607422,-32.99074172973633,-33.05476379394531,-33.1141357421875,-33.16893768310547,-33.219337463378906,-33.26557540893555,-33.30794143676758,-33.34672927856445,-33.3822135925293,-33.414634704589844,-33.44422149658203,-33.47119140625,-33.533382415771484,-33.592498779296875,-33.64672088623047,-33.69845199584961,-33.74797058105469,-33.79484939575195,-33.83934020996094,-33.882301330566406,-33.9239501953125,-33.96400451660156,-34.00240707397461,-34.039459228515625,-34.075355529785156,-34.110050201416016,-34.1435546875,-34.176025390625,-34.207637786865234,-34.23847579956055,-34.26848602294922,-34.29755401611328,-34.325592041015625,-34.35259246826172,-34.378604888916016,-34.40366744995117,-34.427757263183594,-34.45083236694336,-34.472965240478516,-34.49428176879883,-34.514827728271484,-34.53456115722656,-34.553462982177734,-34.57154846191406,-34.58883285522461,-34.60533142089844,-34.62102127075195,-34.635868072509766,-34.649879455566406,-34.66310119628906,-34.67557144165039,-34.68730545043945,-34.698307037353516,-34.71391677856445,-34.7344856262207,-34.75077819824219,-34.76547622680664,-34.78041458129883,-34.79467010498047,-34.8075065612793,-34.819061279296875,-34.829994201660156,-34.84074401855469,-34.85124588012695,-34.861263275146484,-34.87070846557617,-34.87969207763672,-34.888450622558594,-34.897125244140625,-34.90567398071289,-34.91396713256836,-34.921913146972656,-34.92958450317383,-34.937095642089844,-34.94451904296875,-34.95179748535156,-34.9588508605957,-34.96565628051758,-34.97225570678711,-34.978702545166016,-34.98500442504883,-34.99112319946289,-34.99703598022461,-35.00273513793945,-35.00824737548828,-35.01359939575195,-35.01877975463867,-35.023765563964844,-35.0285530090332,-35.03314971923828,-35.037593841552734,-35.04189682006836,-35.04605484008789,-35.05006790161133,-35.053951263427734,-35.05772399902344,-35.0613899230957,-35.06494140625,-35.06838607788086,-35.071720123291016,-35.074954986572266,-35.078086853027344,-35.081111907958984,-35.084022521972656,-35.086830139160156,-35.08953857421875,-35.09214782714844,-35.09465408325195,-35.09706497192383,-35.09938430786133,-35.101619720458984,-35.10377502441406,-35.1058464050293,-35.10783767700195,-35.10975646972656,-35.111602783203125,-35.113380432128906,-35.115081787109375,-35.11671447753906,-35.11827850341797,-35.119781494140625,-35.1212158203125,-35.12258529663086,-35.12389373779297,-35.125144958496094,-35.126338958740234,-35.12747573852539,-35.12855911254883,-35.12958908081055,-35.13057327270508,-35.131507873535156,-35.13239288330078,-35.133235931396484,-35.134037017822266,-35.134796142578125,-35.13551712036133,-35.13619613647461,-35.1368408203125,-35.137447357177734,-35.138023376464844,-35.13856506347656,-35.139076232910156,-35.13956069946289,-35.1400146484375,-35.14044189453125,-35.140846252441406,-35.1412239074707,-35.141578674316406,-35.14191436767578,-35.14222717285156,-35.142520904541016,-35.142799377441406,-35.1430549621582,-35.1432991027832,-35.143524169921875,-35.143733978271484,-35.1439323425293,-35.14411926269531,-35.144290924072266,-35.14445114135742,-35.14459991455078,-35.144737243652344,-35.144866943359375,-35.144989013671875,-35.14509963989258,-35.145206451416016,-35.145301818847656,-35.14539337158203,-35.14547348022461,-35.14555358886719,-35.14562225341797,-35.14569091796875,-35.145751953125,-35.145809173583984,-35.14585876464844,-35.14590835571289,-35.14595413208008,-35.14599609375,-35.146034240722656,-35.14606857299805,-35.14609909057617,-35.1461296081543,-35.146156311035156,-35.146183013916016,-35.14620590209961,-35.14622497558594,-35.14624786376953,-35.146263122558594,-35.14628219604492,-35.14629364013672,-35.14630889892578,-35.14632034301758,-35.146331787109375,-35.14634323120117,-35.14635467529297,-35.1463623046875,-35.14636993408203,-35.14637756347656,-35.146385192871094,-35.14638900756836,-35.14639663696289,-35.146400451660156,-35.14640426635742,-35.14640808105469,-35.14641189575195
-25.8121337890625,-25.933380126953125,-26.049644470214844,-26.16031837463379,-26.265275955200195,-26.364957809448242,-26.460206985473633,-26.551815032958984,-26.640317916870117,-26.726318359375,-26.810972213745117,-26.896039962768555,-26.983539581298828,-27.07545280456543,-27.17353057861328,-27.279088973999023,-27.392763137817383,-27.514211654663086,-27.641830444335938,-27.77267837524414,-27.903343200683594,-28.03335952758789,-28.168548583984375,-28.3150634765625,-28.474258422851562,-28.644052505493164,-28.820247650146484,-28.9973087310791,-29.17018699645996,-29.338136672973633,-29.506818771362305,-29.68195152282715,-29.862590789794922,-30.0424861907959,-30.214454650878906,-30.37497901916504,-30.526945114135742,-30.675491333007812,-30.820890426635742,-30.958391189575195,-31.083295822143555,-31.195932388305664,-31.301889419555664,-31.406085968017578,-31.50869369506836,-31.6072998046875,-31.701255798339844,-31.793712615966797,-31.88844871520996,-31.985322952270508,-32.08103561401367,-32.1735725402832,-32.264339447021484,-32.35508346557617,-32.44426727294922,-32.5288200378418,-32.60848617553711,-32.6856803894043,-32.76085662841797,-32.83195114135742,-32.898624420166016,-32.96318054199219,-33.02626419067383,-33.08597183227539,-33.14189147949219,-33.1954231262207,-33.246002197265625,-33.291812896728516,-33.33322525024414,-33.371337890625,-33.405372619628906,-33.43217849731445,-33.53147506713867,-33.58439254760742,-33.6253776550293,-33.68616485595703,-33.75291442871094,-33.809757232666016,-33.855281829833984,-33.90004348754883,-33.95078659057617,-34.00421905517578,-34.05406188964844,-34.098121643066406,-34.13978958129883,-34.183773040771484,-34.23101043701172,-34.27882766723633,-34.3245849609375,-34.36835479736328,-34.41250991821289,-34.45895767211914,-34.507286071777344,-34.55570983886719,-34.603214263916016,-34.65049743652344,-34.69887161254883,-34.748531341552734,-34.798377990722656,-34.84740447998047,-34.895751953125,-34.94425582885742,-34.99319076538086,-35.04186248779297,-35.08952713012695,-35.13619613647461,-35.182395935058594,-35.228240966796875,-35.27326202392578,-35.31706619262695,-35.35980987548828,-35.40182876586914,-35.44307327270508,-35.48317337036133,-35.52202606201172,-35.559898376464844,-35.59698486328125,-35.633113861083984,-35.668060302734375,-35.70192337036133,-35.73494338989258,-35.767120361328125,-35.798282623291016,-35.82844161987305,-35.8577766418457,-35.8863639831543,-35.91410446166992,-35.940982818603516,-35.967132568359375,-35.992645263671875,-36.01748275756836,-36.04161071777344,-36.06511688232422,-36.088077545166016,-36.1104621887207,-36.132259368896484,-36.15351867675781,-36.174278259277344,-36.19451141357422,-36.21419906616211,-36.23338317871094,-36.252071380615234,-36.27024459838867,-36.28789138793945,-36.3050422668457,-36.26808166503906,-36.33647537231445,-36.343807220458984,-36.338951110839844,-36.361122131347656,-36.39201354980469,-36.41210174560547,-36.41851043701172,-36.423492431640625,-36.43709945678711,-36.45711898803711,-36.47563171386719,-36.48767852783203,-36.495094299316406,-36.50363540649414,-36.5164794921875,-36.531761169433594,-36.5455207824707,-36.55571746826172,-36.56383514404297,-36.572898864746094,-36.584259033203125,-36.59659194946289,-36.607688903808594,-36.61675262451172,-36.624961853027344,-36.63401412963867,-36.644317626953125,-36.65483474731445,-36.66438293457031,-36.67289733886719,-36.68134307861328,-36.690574645996094,-36.70045852661133,-36.710201263427734,-36.71931457519531,-36.728126525878906,-36.73729705810547,-36.74704360961914,-36.75697708129883,-36.76665496826172,-36.776084899902344,-36.785675048828125,-36.79568099975586,-36.80595397949219,-36.81617736816406,-36.82626724243164,-36.83644485473633,-36.84690475463867,-36.85757827758789,-36.868255615234375,-36.87885284423828,-36.88948059082031,-36.9002571105957,-36.9111442565918,-36.922000885009766,-36.9327507019043,-36.943458557128906,-36.95417785644531,-36.964866638183594,-36.97543716430664,-36.98583221435547,-36.99608612060547,-37.0062255859375,-37.01621627807617,-37.02599334716797,-37.03553009033203,-37.044857025146484,-37.053977966308594,-37.062870025634766,-37.071495056152344,-37.07986068725586,-37.087989807128906,-37.09588623046875,-37.10354232788086,-37.1109504699707,-37.11812210083008,-37.12508010864258,-37.131832122802734,-37.138362884521484,-37.144683837890625,-37.15080261230469,-37.15672302246094,-37.16244888305664,-37.167964935302734,-37.17327880859375,-37.17839050292969,-37.18329620361328,-37.18799591064453,-37.19248580932617,-37.1967658996582,-37.20083999633789,-37.204715728759766,-37.20838928222656,-37.21186828613281,-37.21516036987305,-37.2182731628418,-37.221214294433594,-37.22399139404297,-37.22661590576172,-37.22909164428711,-37.2314338684082,-37.233642578125,-37.23572540283203,-37.23768997192383,-37.23954772949219,-37.24129104614258,-37.24293518066406,-37.24448013305664,-37.24592971801758,-37.24728775024414,-37.24856185913086,-37.24974822998047,-37.25086212158203,-37.25189971923828,-37.252864837646484,-37.25376510620117,-37.25460433959961,-37.25538635253906,-37.2561149597168,-37.25679397583008,-37.257423400878906,-37.25801467895508,-37.25856018066406,-37.259071350097656,-37.259544372558594,-37.25998306274414,-37.26039123535156,-37.260772705078125,-37.26112365722656,-37.26144790649414,-37.261749267578125,-37.262027740478516,-37.26228713989258,-37.26252365112305,-37.26274490356445,-37.26294708251953,-37.26313781738281,-37.263309478759766,-37.26346969604492,-37.26361846923828,-37.263755798339844,-37.26388168334961,-37.263999938964844,-37.26410675048828,-37.26420974731445,-37.26430130004883,-37.26438522338867,-37.26446533203125,-37.2645378112793,-37.26460647583008,-37.26466751098633,-37.26472854614258,-37.2647819519043,-37.26483154296875,-37.26487731933594,-37.26491928100586,-37.264957427978516,-37.26499557495117,-37.26502990722656,-37.26506423950195,-37.26509094238281,-37.26512145996094,-37.2651481628418,-37.26517105102539,-37.265193939208984,-37.26521682739258,-37.265235900878906,-37.265254974365234,-37.26527404785156,-37.26529312133789,-37.26530838012695,-37.265323638916016,-37.26533889770508,-37.26535415649414,-37.26536560058594,-37.265377044677734,-37.2653923034668,-37.265403747558594,-37.26541519165039,-37.26542282104492,-37.26543426513672,-37.265445709228516,-37.26545333862305,-37.265464782714844,-37.265472412109375,-37.265480041503906,-37.26548767089844,-37.26549530029297,-37.2655029296875,-37.26551055908203,-37.26551818847656,-37.265525817871094,-37.265533447265625,-37.26553726196289,-37.26554489135742,-37.26554870605469,-37.26555633544922,-37.26556396484375,-37.265567779541016,-37.26557159423828,-37.26557922363281,-37.26558303833008
-26.567338943481445,-26.712200164794922,-26.859560012817383,-27.008960723876953,-27.16074562072754,-27.315122604370117,-27.47178077697754,-27.62986183166504,-27.78814125061035,-27.945281982421875,-28.100128173828125,-28.25181007385254,-28.399595260620117,-28.54286766052246,-28.681272506713867,-28.814830780029297,-28.94403648376465,-29.069854736328125,-29.19352149963379,-29.31618881225586,-29.43863296508789,-29.561155319213867,-29.683650970458984,-29.80571937561035,-29.926782608032227,-30.046192169189453,-30.16330909729004,-30.277563095092773,-30.388511657714844,-30.49592399597168,-30.599855422973633,-30.700666427612305,-30.79888343811035,-30.89500617980957,-30.989341735839844,-31.081979751586914,-31.172840118408203,-31.261735916137695,-31.348438262939453,-31.4327335357666,-31.51445960998535,-31.59355926513672,-31.670068740844727,-31.744094848632812,-31.81574058532715,-31.885021209716797,-31.95181655883789,-32.015899658203125,-32.07701110839844,-32.134986877441406,-32.1898307800293,-32.241722106933594,-32.29091262817383,-32.33763122558594,-32.3819694519043,-32.42390060424805,-32.463356018066406,-32.5289421081543,-32.59048080444336,-32.651161193847656,-32.708457946777344,-32.763214111328125,-32.81605529785156,-32.86659622192383,-32.914737701416016,-32.961021423339844,-33.005821228027344,-33.04904556274414,-33.09065246582031,-33.13090515136719,-33.17003631591797,-33.208065032958984,-33.24494552612305,-33.2807502746582,-33.315574645996094,-33.34937286376953,-33.38206100463867,-33.41362762451172,-33.44414520263672,-33.47364044189453,-33.5020751953125,-33.52944564819336,-33.55582046508789,-33.581260681152344,-33.60574722290039,-33.62925338745117,-33.651798248291016,-33.673431396484375,-33.69417953491211,-33.71406555175781,-33.7331428527832,-33.751487731933594,-33.7691535949707,-33.786170959472656,-33.802589416503906,-33.81846618652344,-33.83384323120117,-33.84873962402344,-33.86319351196289,-33.87725067138672,-33.89851379394531,-33.9235954284668,-33.94715118408203,-33.96870803833008,-33.99175262451172,-34.015228271484375,-34.037864685058594,-34.05963897705078,-34.08121109008789,-34.103004455566406,-34.124732971191406,-34.146053314208984,-34.166969299316406,-34.18759536743164,-34.20797348022461,-34.22817611694336,-34.24822998046875,-34.26805114746094,-34.28754806518555,-34.306732177734375,-34.325679779052734,-34.34449005126953,-34.36318588256836,-34.38167953491211,-34.399864196777344,-34.417755126953125,-34.43540573120117,-34.45283889770508,-34.470035552978516,-34.486942291259766,-34.50353240966797,-34.51982498168945,-34.53585433959961,-34.55162048339844,-34.56712341308594,-34.58234786987305,-34.597267150878906,-34.61187744140625,-34.62619400024414,-34.640220642089844,-34.653968811035156,-34.66741943359375,-34.680564880371094,-34.69343185424805,-34.70604705810547,-34.718414306640625,-34.730525970458984,-34.74237823486328,-34.75397491455078,-34.765323638916016,-34.77642059326172,-34.78726577758789,-34.7978515625,-34.80818557739258,-34.81827163696289,-34.828121185302734,-34.837730407714844,-34.847103118896484,-34.856239318847656,-34.865150451660156,-34.873844146728516,-34.882320404052734,-34.89058303833008,-34.89863586425781,-34.906490325927734,-34.91414260864258,-34.92159652709961,-34.92885208129883,-34.9359130859375,-34.942787170410156,-34.9494743347168,-34.95598220825195,-34.96230697631836,-34.96846389770508,-34.974449157714844,-34.98027038574219,-34.98592758178711,-34.99142837524414,-34.99677658081055,-35.00197219848633,-35.007015228271484,-35.01191711425781,-35.01667404174805,-35.02129364013672,-35.02577590942383,-35.03012466430664,-35.03434753417969,-35.0384407043457,-35.04241180419922,-35.0462646484375,-35.04999542236328,-35.05361557006836,-35.05712127685547,-35.06052017211914,-35.06380844116211,-35.066993713378906,-35.07007598876953,-35.07305908203125,-35.07594680786133,-35.078739166259766,-35.08143615722656,-35.08404541015625,-35.08656692504883,-35.08900451660156,-35.09135437011719,-35.093624114990234,-35.0958137512207,-35.09792709350586,-35.0999641418457,-35.1019287109375,-35.10382080078125,-35.10564422607422,-35.107398986816406,-35.10908889770508,-35.110713958740234,-35.11227798461914,-35.1137809753418,-35.1152229309082,-35.11661148071289,-35.117942810058594,-35.11922073364258,-35.12044906616211,-35.12162780761719,-35.12275695800781,-35.12384033203125,-35.1248779296875,-35.12586975097656,-35.12682342529297,-35.12773513793945,-35.128604888916016,-35.12944030761719,-35.13024139404297,-35.131004333496094,-35.13173294067383,-35.13243103027344,-35.13309860229492,-35.13373565673828,-35.13434600830078,-35.134925842285156,-35.13547897338867,-35.136009216308594,-35.13651657104492,-35.13699722290039,-35.13745880126953,-35.13789749145508,-35.13831329345703,-35.13871383666992,-35.139095306396484,-35.13945770263672,-35.13980484008789,-35.140132904052734,-35.140445709228516,-35.1407470703125,-35.141029357910156,-35.141300201416016,-35.14155960083008,-35.14180374145508,-35.14204025268555,-35.14226150512695,-35.14247512817383,-35.142677307128906,-35.14286804199219,-35.14305114746094,-35.143226623535156,-35.14339065551758,-35.14354705810547,-35.14369583129883,-35.14384078979492,-35.14397430419922,-35.14410400390625,-35.14422607421875,-35.14434051513672,-35.14445114135742,-35.14455795288086,-35.144657135009766,-35.14474868774414,-35.144840240478516,-35.14492416381836,-35.14500427246094,-35.14508056640625,-35.14515686035156,-35.145225524902344,-35.14529037475586,-35.14535140991211,-35.145408630371094,-35.14546585083008,-35.1455192565918,-35.14556884765625,-35.1456184387207,-35.145660400390625,-35.14570236206055,-35.14574432373047,-35.145782470703125,-35.145816802978516,-35.145851135253906,-35.1458854675293,-35.14591598510742,-35.14594650268555,-35.145973205566406,-35.145999908447266,-35.14602279663086,-35.14604568481445,-35.14606857299805,-35.146087646484375,-35.1461067199707,-35.14612579345703,-35.14614486694336,-35.14616012573242,-35.146175384521484,-35.14619064331055,-35.146202087402344,-35.146217346191406,-35.1462287902832,-35.146240234375,-35.1462516784668,-35.146263122558594,-35.146270751953125,-35.14628219604492,-35.14628982543945,-35.146297454833984,-35.146305084228516,-35.14631271362305,-35.14632034301758,-35.14632797241211,-35.146331787109375,-35.146339416503906,-35.14634323120117,-35.14634704589844,-35.14635467529297,-35.146358489990234,-35.1463623046875
-27.0522518157959,-27.170955657958984,-27.27916145324707,-27.376548767089844,-27.46314811706543,-27.540868759155273,-27.613548278808594,-27.685405731201172,-27.75960922241211,-27.838363647460938,-27.92323112487793,-28.015140533447266,-28.11444854736328,-28.221113204956055,-28.33506965637207,-28.45641326904297,-28.58510398864746,-28.720491409301758,-28.861337661743164,-29.006139755249023,-29.15330696105957,-29.301389694213867,-29.449914932250977,-29.600255966186523,-29.75446128845215,-29.912841796875,-30.0732364654541,-30.231937408447266,-30.385358810424805,-30.532094955444336,-30.67375373840332,-30.812362670898438,-30.947105407714844,-31.07436180114746,-31.19036865234375,-31.294116973876953,-31.388227462768555,-31.47576904296875,-31.5568904876709,-31.630064010620117,-31.69504737854004,-31.754138946533203,-31.810529708862305,-31.86542510986328,-31.918033599853516,-31.967958450317383,-32.016746520996094,-32.06650924682617,-32.117637634277344,-32.16897964477539,-32.21989059448242,-32.27132034301758,-32.32426071166992,-32.37800979614258,-32.431236267089844,-32.48410415649414,-32.53784942626953,-32.59259033203125,-32.647682189941406,-32.70390701293945,-32.762813568115234,-32.82417678833008,-32.88710403442383,-32.952056884765625,-33.01873016357422,-33.085201263427734,-33.15086364746094,-33.21529006958008,-33.27650833129883,-33.33394241333008,-33.38724136352539,-33.43482971191406,-33.476776123046875,-33.51277160644531,-33.542362213134766,-33.566593170166016,-33.585567474365234,-33.60021209716797,-33.60274887084961,-33.66575241088867,-33.692848205566406,-33.7138786315918,-33.750770568847656,-33.79024124145508,-33.821800231933594,-33.84719467163086,-33.87483215332031,-33.90792465209961,-33.94249725341797,-33.97382354736328,-34.001197814941406,-34.027889251708984,-34.05690002441406,-34.08770751953125,-34.117645263671875,-34.14506149291992,-34.17078399658203,-34.1967658996582,-34.2237548828125,-34.250755310058594,-34.27647399902344,-34.30081558227539,-34.324825286865234,-34.34934997558594,-34.374114990234375,-34.398197174072266,-34.421165466308594,-34.44352340698242,-34.46601486206055,-34.48875045776367,-34.51123046875,-34.53305435180664,-34.55439376831055,-34.57566833496094,-34.5970344543457,-34.6182746887207,-34.63921356201172,-34.659996032714844,-34.680912017822266,-34.70207595825195,-34.72336959838867,-34.74470138549805,-34.766197204589844,-34.788055419921875,-34.810333251953125,-34.832942962646484,-34.8558464050293,-34.87913131713867,-34.90290451049805,-34.92717742919922,-34.951900482177734,-34.977088928222656,-35.00281524658203,-35.02913284301758,-35.0560188293457,-35.08341598510742,-35.11131286621094,-35.13972091674805,-35.168601989746094,-35.19786834716797,-35.227420806884766,-35.25718688964844,-35.287105560302734,-35.317073822021484,-35.34697341918945,-35.376705169677734,-35.40617752075195,-35.435302734375,-35.46396255493164,-35.492069244384766,-35.51955795288086,-35.5463752746582,-35.572479248046875,-35.597835540771484,-35.62244415283203,-35.64631271362305,-35.669464111328125,-35.691917419433594,-35.71371078491211,-35.73489761352539,-35.755531311035156,-35.77566146850586,-35.795345306396484,-35.814640045166016,-35.833587646484375,-35.852230072021484,-35.870601654052734,-35.88873291015625,-35.90665817260742,-35.92439270019531,-35.94195556640625,-35.95935821533203,-35.97660446166992,-35.99370193481445,-36.010650634765625,-36.02745056152344,-36.04409408569336,-36.060577392578125,-36.0768928527832,-36.093021392822266,-36.10895538330078,-36.12467575073242,-36.14017105102539,-36.155426025390625,-36.17041778564453,-36.18513488769531,-36.19955825805664,-36.21367645263672,-36.22747039794922,-36.24092483520508,-36.2540283203125,-36.26676559448242,-36.27912521362305,-36.29109191894531,-36.30265808105469,-36.313812255859375,-36.324546813964844,-36.33485412597656,-36.3447265625,-36.354156494140625,-36.36314010620117,-36.3233528137207,-36.38195037841797,-36.38459396362305,-36.37604904174805,-36.392791748046875,-36.418243408203125,-36.43423843383789,-36.437503814697266,-36.438812255859375,-36.44776916503906,-36.46297836303711,-36.47736740112305,-36.48602294921875,-36.490028381347656,-36.49446487426758,-36.502685546875,-36.51350784301758,-36.52341079711914,-36.5301513671875,-36.53460693359375,-36.53951644897461,-36.5464973449707,-36.55472183227539,-36.56216812133789,-36.56775665283203,-36.572261810302734,-36.57728576660156,-36.58352279663086,-36.590232849121094,-36.596229553222656,-36.60116195678711,-36.605751037597656,-36.61088180541992,-36.61663055419922,-36.622310638427734,-36.627342224121094,-36.631839752197266,-36.63640213012695,-36.641357421875,-36.64643859863281,-36.65117645263672,-36.65545654296875,-36.659603118896484,-36.6639289855957,-36.66836166381836,-36.672603607177734,-36.676509857177734,-36.68025207519531,-36.68406295776367,-36.687931060791016,-36.6916618347168,-36.69515609741211,-36.698516845703125,-36.7018928527832,-36.70528030395508,-36.70854949951172,-36.71164321899414,-36.71464157104492,-36.71763229370117,-36.7205924987793,-36.723445892333984,-36.72616195678711,-36.72880935668945,-36.73143005371094,-36.7339973449707,-36.7364616394043,-36.738826751708984,-36.74113845825195,-36.743412017822266,-36.7456169128418,-36.74773025512695,-36.749778747558594,-36.75178146362305,-36.75373840332031,-36.75562286376953,-36.757442474365234,-36.759212493896484,-36.76094055175781,-36.76261520385742,-36.76423263549805,-36.76579666137695,-36.76732635498047,-36.7688102722168,-36.77024459838867,-36.771629333496094,-36.772979736328125,-36.7742919921875,-36.77556228637695,-36.77678680419922,-36.777976989746094,-36.77913284301758,-36.78025436401367,-36.78133773803711,-36.782386779785156,-36.78340148925781,-36.78438949584961,-36.785343170166016,-36.78626251220703,-36.78715515136719,-36.788021087646484,-36.788856506347656,-36.78966522216797,-36.790443420410156,-36.791202545166016,-36.79193115234375,-36.792633056640625,-36.79331588745117,-36.79397201538086,-36.79460525512695,-36.79521560668945,-36.795806884765625,-36.7963752746582,-36.79692459106445,-36.797454833984375,-36.7979621887207,-36.79845428466797,-36.79892349243164,-36.79937744140625,-36.7998161315918,-36.800235748291016,-36.80064010620117,-36.801029205322266,-36.8014030456543,-36.801761627197266,-36.80210494995117,-36.80243682861328,-36.80275344848633,-36.80305862426758,-36.803348541259766,-36.80363082885742,-36.803897857666016,-36.80415344238281,-36.80440139770508,-36.80463790893555,-36.80486297607422,-36.80508041381836,-36.8052864074707,-36.805484771728516,-36.80567169189453,-36.80585479736328,-36.806026458740234,-36.806190490722656,-36.80635070800781,-36.80649948120117,-36.806644439697266,-36.80678176879883,-36.80691146850586,-36.807037353515625,-36.80715560913086,-36.80727005004883,-36.807376861572266,-36.80747985839844,-36.807579040527344,-36.807674407958984,-36.807762145996094,-36.80784606933594,-36.807926177978516,-36.80800247192383,-36.808074951171875,-36.808143615722656,-36.80821228027344,-36.80827331542969,-36.80833435058594,-36.808387756347656,-36.808441162109375,-36.808494567871094,-36.80854034423828,-36.80858612060547,-36.80862808227539,-36.80867004394531,-36.80870819091797,-36.808746337890625,-36.808780670166016,-36.808815002441406,-36.80884552001953,-36.80887222290039,-36.808902740478516,-36.808929443359375,-36.80895233154297,-36.80897521972656,-36.808998107910156,-36.809017181396484,-36.80904006958008,-36.80905532836914,-36.80907440185547,-36.80908966064453,-36.809104919433594,-36.809120178222656,-36.80913543701172,-36.809146881103516,-36.80916213989258,-36.809173583984375,-36.809181213378906,-36.8091926574707,-36.8092041015625,-36.80921173095703,-36.80921936035156,-36.809226989746094,-36.809234619140625,-36.809242248535156,-36.80924987792969,-36.80925369262695,-36.809261322021484,-36.80926513671875,-36.80927276611328,-36.80927658081055,-36.80928039550781,-36.80928421020508
-26.916000366210938,-27.225866317749023,-27.515958786010742,-27.779743194580078,-28.01449966430664,-28.22228240966797,-28.409074783325195,-28.58171272277832,-28.74534797668457,-28.90281105041504,-29.05506134033203,-29.20178985595703,-29.34209632873535,-29.47501564025879,-29.599864959716797,-29.71645736694336,-29.825185775756836,-29.926963806152344,-30.02302360534668,-30.114700317382812,-30.203245162963867,-30.289714813232422,-30.374908447265625,-30.4593563079834,-30.5433349609375,-30.626924514770508,-30.7100830078125,-30.79273796081543,-30.874814987182617,-30.95624351501465,-31.036928176879883,-31.116716384887695,-31.19540786743164,-31.272777557373047,-31.348628997802734,-31.42283821105957,-31.495365142822266,-31.56626319885254,-31.635663986206055,-31.70375633239746,-31.770751953125,-31.836824417114258,-31.902070999145508,-31.966482162475586,-32.02994918823242,-32.0922966003418,-32.15329360961914,-32.21268844604492,-32.27022171020508,-32.325660705566406,-32.37879943847656,-32.42947769165039,-32.47756576538086,-32.522972106933594,-32.565643310546875,-32.6055793762207,-32.642826080322266,-32.692440032958984,-32.74237823486328,-32.788761138916016,-32.832523345947266,-32.87453079223633,-32.915348052978516,-32.95528030395508,-32.99400329589844,-33.03152847290039,-33.06801986694336,-33.103450775146484,-33.13779830932617,-33.17108917236328,-33.203277587890625,-33.23424530029297,-33.26398468017578,-33.292606353759766,-33.3202018737793,-33.34682846069336,-33.37250900268555,-33.39722442626953,-33.42091751098633,-33.44358444213867,-33.465293884277344,-33.48612976074219,-33.506160736083984,-33.52546691894531,-33.54411697387695,-33.562171936035156,-33.5797004699707,-33.59674835205078,-33.61334228515625,-33.62949752807617,-33.645225524902344,-33.66057586669922,-33.675567626953125,-33.690216064453125,-33.70451354980469,-33.718467712402344,-33.732078552246094,-33.74538040161133,-33.758419036865234,-33.77123260498047,-33.78386306762695,-33.796348571777344,-33.80872344970703,-33.82101821899414,-33.833248138427734,-33.84543228149414,-33.85757827758789,-33.86969757080078,-33.88178634643555,-33.89385223388672,-33.9058837890625,-33.917877197265625,-33.92982864379883,-33.94171142578125,-33.95351791381836,-33.9652099609375,-33.976768493652344,-33.98815155029297,-33.99931716918945,-34.010223388671875,-34.020816802978516,-34.031036376953125,-34.04083251953125,-34.05014419555664,-34.05892562866211,-34.067138671875,-34.07475280761719,-34.085933685302734,-34.102317810058594,-34.115604400634766,-34.127567291259766,-34.140724182128906,-34.15446853637695,-34.167564392089844,-34.179725646972656,-34.19169235229492,-34.20409393310547,-34.216800689697266,-34.2293586730957,-34.24149703979492,-34.25331115722656,-34.26508331298828,-34.2769775390625,-34.288944244384766,-34.30080795288086,-34.31245422363281,-34.32393264770508,-34.33538818359375,-34.346900939941406,-34.358436584472656,-34.36988830566406,-34.38119888305664,-34.392391204833984,-34.403533935546875,-34.41464614868164,-34.425697326660156,-34.43663024902344,-34.447418212890625,-34.45808029174805,-34.46863555908203,-34.47908020019531,-34.48938751220703,-34.49952697753906,-34.50949478149414,-34.519290924072266,-34.52892303466797,-34.538387298583984,-34.547672271728516,-34.55677032470703,-34.565677642822266,-34.57440948486328,-34.582977294921875,-34.59138107299805,-34.59962463378906,-34.60771560668945,-34.615665435791016,-34.623497009277344,-34.63121032714844,-34.638816833496094,-34.64632034301758,-34.65373229980469,-34.66106033325195,-34.668312072753906,-34.67547607421875,-34.682559967041016,-34.68955993652344,-34.69647216796875,-34.70329284667969,-34.71001052856445,-34.71662521362305,-34.72312545776367,-34.72951126098633,-34.73577117919922,-34.741905212402344,-34.74790954589844,-34.75377655029297,-34.75951385498047,-34.765113830566406,-34.77058410644531,-34.77592086791992,-34.7811279296875,-34.78620910644531,-34.791168212890625,-34.7960090637207,-34.80072784423828,-34.80533218383789,-34.8098258972168,-34.814208984375,-34.8184814453125,-34.8226432800293,-34.826698303222656,-34.83064651489258,-34.83448791503906,-34.838226318359375,-34.84185791015625,-34.84539031982422,-34.84882354736328,-34.85215377807617,-34.85539245605469,-34.85853576660156,-34.86158752441406,-34.86455154418945,-34.867431640625,-34.87023162841797,-34.872947692871094,-34.87559127807617,-34.8781623840332,-34.88065719604492,-34.883087158203125,-34.88544845581055,-34.88774108886719,-34.88996887207031,-34.89213180541992,-34.894229888916016,-34.89627456665039,-34.898284912109375,-34.900238037109375,-34.9021110534668,-34.9039421081543,-34.90574264526367,-34.907474517822266,-34.90915298461914,-34.91080856323242,-34.91240692138672,-34.91395568847656,-34.91547393798828,-34.91694641113281,-34.918373107910156,-34.91977310180664,-34.92112731933594,-34.92244338989258,-34.923728942871094,-34.92497253417969,-34.92618179321289,-34.927364349365234,-34.92850875854492,-34.929622650146484,-34.93070602416992,-34.931758880615234,-34.932777404785156,-34.933773040771484,-34.93473434448242,-34.9356689453125,-34.936580657958984,-34.93746566772461,-34.93832015991211,-34.939151763916016,-34.93996047973633,-34.94074249267578,-34.94150161743164,-34.942237854003906,-34.94295120239258,-34.943641662597656,-34.944313049316406,-34.94496536254883,-34.945594787597656,-34.946205139160156,-34.94679641723633,-34.947364807128906,-34.94792175292969,-34.948455810546875,-34.948974609375,-34.94947814941406,-34.9499626159668,-34.95043182373047,-34.95088577270508,-34.95132827758789,-34.951751708984375,-34.9521598815918,-34.95255661010742,-34.95294189453125,-34.953311920166016,-34.95366668701172,-34.95401382446289,-34.954345703125,-34.95466995239258,-34.954978942871094,-34.95527648925781,-34.95556640625,-34.95584487915039,-34.95611572265625,-34.95637130737305,-34.95662307739258,-34.95686340332031,-34.957096099853516,-34.95731735229492,-34.95753479003906,-34.957740783691406,-34.95793914794922,-34.958133697509766,-34.958316802978516,-34.95849609375,-34.95866775512695,-34.958831787109375,-34.95899200439453,-34.959144592285156,-34.95928955078125,-34.95943069458008,-34.959564208984375,-34.95969772338867,-34.95981979370117,-34.95994186401367,-34.96005630493164,-34.960166931152344,-34.96027374267578,-34.96037673950195,-34.96047592163086,-34.960567474365234,-34.96065902709961,-34.96074676513672,-34.9608268737793,-34.960906982421875,-34.96098327636719,-34.961055755615234,-34.96112823486328,-34.9611930847168,-34.96125793457031,-34.96131896972656,-34.96138000488281,-34.9614372253418,-34.961490631103516,-34.96154022216797,-34.96158981323242,-34.961639404296875,-34.96168518066406,-34.961727142333984,-34.961769104003906,-34.96180725097656,-34.96184539794922,-34.961883544921875,-34.961917877197266,-34.961952209472656,-34.96198272705078,-34.962013244628906,-34.962039947509766,-34.96207046508789,-34.96209716796875,-34.962120056152344,-34.96214294433594,-34.96216583251953,-34.962188720703125,-34.96221160888672,-34.96223068237305,-34.962249755859375,-34.9622688293457,-34.962284088134766,-34.96229934692383,-34.96231460571289,-34.96232986450195,-34.962345123291016,-34.96236038208008,-34.962371826171875,-34.96238327026367,-34.96239471435547,-34.962406158447266,-34.96241760253906,-34.962425231933594,-34.96243667602539,-34.962440490722656,-34.96244430541992,-34.96244430541992,-34.962440490722656,-34.96244430541992
-27.537235260009766,-27.639419555664062,-27.741037368774414,-27.84210777282715,-27.943653106689453,-28.047523498535156,-28.155832290649414,-28.270051956176758,-28.390745162963867,-28.517850875854492,-28.650876998901367,-28.788877487182617,-28.93049430847168,-29.07406234741211,-29.21771240234375,-29.359682083129883,-29.498615264892578,-29.633420944213867,-29.76305389404297,-29.88677406311035,-30.00469970703125,-30.117961883544922,-30.228097915649414,-30.336156845092773,-30.44209098815918,-30.544754028320312,-30.64226722717285,-30.732467651367188,-30.813495635986328,-30.884408950805664,-30.945791244506836,-30.999887466430664,-31.050031661987305,-31.09940528869629,-31.14997673034668,-31.202165603637695,-31.255186080932617,-31.307710647583008,-31.358686447143555,-31.408044815063477,-31.456945419311523,-31.50711441040039,-31.559621810913086,-31.61410140991211,-31.66895294189453,-31.722339630126953,-31.773365020751953,-31.822656631469727,-31.871797561645508,-31.921886444091797,-31.972553253173828,-32.02238845825195,-32.0703125,-32.11666488647461,-32.16281509399414,-32.20973205566406,-32.25701141357422,-32.303470611572266,-32.34849548339844,-32.39270782470703,-32.43715286254883,-32.48202133178711,-32.52653503417969,-32.570045471191406,-32.61286926269531,-32.655845642089844,-32.69926452636719,-32.74266052246094,-32.78566360473633,-32.82872772216797,-32.87261962890625,-32.91751480102539,-32.96308517456055,-33.009376525878906,-33.05699157714844,-33.106353759765625,-33.15726089477539,-33.209476470947266,-33.26326370239258,-33.31887435913086,-33.37596130371094,-33.43406677246094,-33.49317932128906,-33.553218841552734,-33.61356735229492,-33.673736572265625,-33.7336540222168,-33.79294204711914,-33.85099792480469,-33.907630920410156,-33.96260070800781,-34.01527404785156,-34.06535720825195,-34.11266326904297,-34.156715393066406,-34.197444915771484,-34.23496627807617,-34.269248962402344,-34.3006706237793,-34.32962417602539,-34.35639190673828,-34.381500244140625,-34.405269622802734,-34.427947998046875,-34.419437408447266,-34.509765625,-34.53752136230469,-34.55445861816406,-34.59689712524414,-34.645179748535156,-34.68077087402344,-34.70276641845703,-34.72365951538086,-34.75190353393555,-34.78466796875,-34.81471252441406,-34.838279724121094,-34.857967376708984,-34.879093170166016,-34.90388488769531,-34.93009948730469,-34.95411682128906,-34.974586486816406,-34.993370056152344,-35.013214111328125,-35.03486633300781,-35.05674362182617,-35.07689666748047,-35.095054626464844,-35.1126823425293,-35.131263732910156,-35.1507682800293,-35.16998291015625,-35.1879768371582,-35.2050895690918,-35.22240447998047,-35.24050521850586,-35.25890350341797,-35.27676010131836,-35.293853759765625,-35.310726165771484,-35.327945709228516,-35.345428466796875,-35.36266326904297,-35.37937545776367,-35.39583206176758,-35.41243362426758,-35.4292106628418,-35.445858001708984,-35.46220397949219,-35.47842788696289,-35.49480438232422,-35.511375427246094,-35.52798080444336,-35.54454803466797,-35.56122970581055,-35.57820129394531,-35.5954475402832,-35.61287307739258,-35.63048553466797,-35.64842224121094,-35.66676712036133,-35.68547058105469,-35.70448684692383,-35.72386932373047,-35.74369812011719,-35.76397705078125,-35.784637451171875,-35.805660247802734,-35.82708740234375,-35.84892654418945,-35.8711051940918,-35.89354705810547,-35.91623306274414,-35.939151763916016,-35.96221923828125,-35.9853401184082,-36.008445739746094,-36.031490325927734,-36.05440139770508,-36.077064514160156,-36.09939956665039,-36.12134552001953,-36.1428337097168,-36.16377258300781,-36.1840934753418,-36.203758239746094,-36.222721099853516,-36.240936279296875,-36.25837707519531,-36.27504348754883,-36.29094314575195,-36.30607986450195,-36.32048797607422,-36.334205627441406,-36.3472900390625,-36.359798431396484,-36.371788024902344,-36.38334274291992,-36.394535064697266,-36.40543746948242,-36.41611862182617,-36.42665100097656,-36.437103271484375,-36.44752502441406,-36.457969665527344,-36.468482971191406,-36.47909164428711,-36.48982238769531,-36.50069046020508,-36.5117073059082,-36.52287292480469,-36.534183502197266,-36.545631408691406,-36.55720138549805,-36.568878173828125,-36.58063507080078,-36.59246063232422,-36.60432434082031,-36.616207122802734,-36.62807846069336,-36.639923095703125,-36.651710510253906,-36.66341781616211,-36.675025939941406,-36.6865119934082,-36.69785690307617,-36.70903778076172,-36.720035552978516,-36.730838775634766,-36.741424560546875,-36.75178527832031,-36.76190185546875,-36.77177047729492,-36.7813720703125,-36.790706634521484,-36.799766540527344,-36.80854034423828,-36.81703567504883,-36.82524490356445,-36.833168029785156,-36.8408088684082,-36.84817123413086,-36.85525894165039,-36.800575256347656,-36.86540222167969,-36.86301040649414,-36.84723663330078,-36.86199188232422,-36.88715744018555,-36.90081787109375,-36.89912414550781,-36.89523696899414,-36.900779724121094,-36.91400909423828,-36.9264030456543,-36.93209457397461,-36.93241882324219,-36.93349075317383,-36.93929672241211,-36.94833755493164,-36.956302642822266,-36.96049499511719,-36.962032318115234,-36.96421432495117,-36.96894454956055,-36.97517013549805,-36.980464935302734,-36.98355484008789,-36.98540115356445,-36.987892150878906,-36.99182891845703,-36.99629211425781,-36.999881744384766,-37.002201080322266,-37.004119873046875,-37.00666427612305,-37.00993728637695,-37.013187408447266,-37.01576232910156,-37.017822265625,-37.0200309753418,-37.02278137207031,-37.025821685791016,-37.02867889404297,-37.0312385559082,-37.0338134765625,-37.03672790527344,-37.039974212646484,-37.043296813964844,-37.046546936035156,-37.049842834472656,-37.05339050292969,-37.057247161865234,-37.06129455566406,-37.0654182434082,-37.06964874267578,-37.0740966796875,-37.07882308959961,-37.08378601074219,-37.088924407958984,-37.0942497253418,-37.099822998046875,-37.10570526123047,-37.11188507080078,-37.11831283569336,-37.124977111816406,-37.13189697265625,-37.13909149169922,-37.14654541015625,-37.15420913696289,-37.16205978393555,-37.17009353637695,-37.1783332824707,-37.18675994873047,-37.19534683227539,-37.204078674316406,-37.21296310424805,-37.22200012207031,-37.23115921020508,-37.24040985107422,-37.249717712402344,-37.25908279418945,-37.26848602294922,-37.27790069580078,-37.287296295166016,-37.29666519165039,-37.30599594116211,-37.31527328491211,-37.324462890625,-37.33354949951172,-37.34251022338867,-37.35133743286133,-37.360008239746094,-37.36850357055664,-37.37681579589844,-37.38492965698242,-37.39283752441406,-37.4005241394043,-37.40797424316406,-37.41518020629883,-37.4221305847168,-37.42882537841797,-37.43525314331055,-37.441410064697266,-37.447296142578125,-37.45290756225586,-37.45824432373047,-37.46330642700195,-37.46809387207031,-37.47261047363281,-37.47686004638672,-37.48085021972656,-37.48458480834961,-37.488067626953125,-37.49130630493164,-37.49431228637695,-37.497093200683594,-37.49965286254883,-37.50200271606445,-37.50415802001953,-37.50612258911133,-37.507911682128906,-37.50952911376953,-37.510990142822266,-37.51230239868164,-37.51348114013672,-37.5145263671875,-37.51546096801758,-37.51628112792969,-37.517005920410156,-37.51763916015625,-37.518192291259766,-37.518672943115234,-37.51908493041992,-37.51943588256836,-37.519737243652344,-37.51999282836914,-37.520206451416016,-37.5203857421875,-37.52053451538086,-37.52065658569336,-37.520755767822266,-37.520835876464844,-37.52090072631836,-37.52095031738281,-37.520992279052734,-37.52102279663086,-37.52104949951172,-37.52106857299805,-37.521087646484375,-37.52109909057617,-37.52111053466797,-37.521121978759766,-37.5211296081543,-37.521141052246094,-37.521148681640625,-37.52116012573242,-37.52117156982422,-37.521183013916016,-37.52119445800781,-37.52120590209961,-37.521217346191406,-37.5212287902832,-37.521244049072266,-37.52125930786133,-37.521270751953125,-37.52128601074219,-37.521297454833984,-37.52131271362305,-37.521324157714844,-37.521339416503906,-37.5213508605957,-37.5213623046875,-37.5213737487793,-37.521385192871094,-37.52139663696289,-37.52140808105469,-37.52141571044922,-37.521427154541016,-37.52143478393555,-37.52144241333008,-37.52145004272461,-37.521453857421875,-37.521461486816406,-37.52146911621094,-37.5214729309082,-37.52147674560547,-37.521480560302734,-37.521484375
-27.082950592041016,-27.173973083496094,-27.265663146972656,-27.358186721801758,-27.450998306274414,-27.543445587158203,-27.634626388549805,-27.72336196899414,-27.808727264404297,-27.890464782714844,-27.969118118286133,-28.046005249023438,-28.123310089111328,-28.203611373901367,-28.2886962890625,-28.378862380981445,-28.473203659057617,-28.570430755615234,-28.66973114013672,-28.771350860595703,-28.876710891723633,-28.987253189086914,-29.102617263793945,-29.22037124633789,-29.33762550354004,-29.453683853149414,-29.570709228515625,-29.689525604248047,-29.8074951171875,-29.922096252441406,-30.034921646118164,-30.148284912109375,-30.260324478149414,-30.368148803710938,-30.472951889038086,-30.577693939208984,-30.68155860900879,-30.783510208129883,-30.886444091796875,-30.99209213256836,-31.0982666015625,-31.204940795898438,-31.313901901245117,-31.423004150390625,-31.530996322631836,-31.63950538635254,-31.746444702148438,-31.8505802154541,-31.953121185302734,-32.052127838134766,-32.14825439453125,-32.242469787597656,-32.33309555053711,-32.42133712768555,-32.50630187988281,-32.58824920654297,-32.66813278198242,-32.74497985839844,-32.81997299194336,-32.892486572265625,-32.963661193847656,-33.033477783203125,-33.102027893066406,-33.169464111328125,-33.235374450683594,-33.30005645751953,-33.362640380859375,-33.42322540283203,-33.48101806640625,-33.53630828857422,-33.588584899902344,-33.63819885253906,-33.684818267822266,-33.728858947753906,-33.770145416259766,-33.809024810791016,-33.84536361694336,-33.87955856323242,-33.91163635253906,-33.942012786865234,-33.928043365478516,-34.032264709472656,-34.062782287597656,-34.08558654785156,-34.138343811035156,-34.19541931152344,-34.236083984375,-34.26360321044922,-34.29453659057617,-34.33538818359375,-34.37926483154297,-34.417301177978516,-34.447696685791016,-34.47621154785156,-34.50868606567383,-34.5450439453125,-34.580902099609375,-34.61283874511719,-34.641571044921875,-34.67048263549805,-34.70157241821289,-34.73362731933594,-34.764076232910156,-34.791873931884766,-34.81840515136719,-34.84566116333008,-34.873992919921875,-34.90202331542969,-34.92836380004883,-34.953125,-34.977569580078125,-35.002559661865234,-35.027671813964844,-35.05190658569336,-35.07490539550781,-35.097251892089844,-35.11966323852539,-35.142112731933594,-35.16398620605469,-35.1849365234375,-35.205265045166016,-35.225486755371094,-35.24567413330078,-35.26546096801758,-35.284603118896484,-35.303306579589844,-35.32190704345703,-35.34046173095703,-35.3587532043457,-35.37663650512695,-35.39426040649414,-35.411827087402344,-35.4293327331543,-35.44662857055664,-35.463687896728516,-35.48066329956055,-35.4976806640625,-35.51471710205078,-35.531707763671875,-35.548709869384766,-35.565853118896484,-35.58321762084961,-35.600765228271484,-35.618465423583984,-35.63636016845703,-35.65447998046875,-35.67277908325195,-35.691165924072266,-35.70960998535156,-35.728118896484375,-35.746673583984375,-35.765228271484375,-35.783775329589844,-35.80236053466797,-35.821014404296875,-35.8397331237793,-35.858497619628906,-35.87730407714844,-35.8961296081543,-35.91492462158203,-35.933624267578125,-35.95219802856445,-35.97062683105469,-35.988895416259766,-36.006988525390625,-36.024898529052734,-36.042640686035156,-36.060184478759766,-36.0775032043457,-36.09456253051758,-36.1113395690918,-36.12779235839844,-36.143890380859375,-36.15962600708008,-36.17498016357422,-36.189945220947266,-36.204505920410156,-36.21864700317383,-36.23235321044922,-36.24559783935547,-36.25836181640625,-36.270633697509766,-36.282405853271484,-36.293663024902344,-36.30440902709961,-36.31464767456055,-36.32437515258789,-36.33359146118164,-36.34230041503906,-36.35050582885742,-36.302677154541016,-36.37279510498047,-36.375648498535156,-36.36457824707031,-36.383541107177734,-36.41246795654297,-36.429534912109375,-36.43104553222656,-36.430213928222656,-36.438594818115234,-36.45438766479492,-36.46904373168945,-36.476715087890625,-36.478824615478516,-36.481571197509766,-36.48896789550781,-36.499507904052734,-36.508914947509766,-36.51456069946289,-36.517616271972656,-36.52139663696289,-36.52777862548828,-36.53567886352539,-36.54263687133789,-36.5473747253418,-36.55086135864258,-36.55501174926758,-36.560611724853516,-36.56672286987305,-36.57191848754883,-36.5758171081543,-36.57933807373047,-36.58353042602539,-36.588462829589844,-36.59329605102539,-36.59734344482422,-36.60078811645508,-36.60435485839844,-36.60841369628906,-36.612640380859375,-36.616477966308594,-36.61983108520508,-36.62308883666992,-36.62660217285156,-36.63028335571289,-36.63377380371094,-36.63691329956055,-36.63991165161133,-36.64301681518555,-36.64623260498047,-36.649330139160156,-36.65219497680664,-36.654937744140625,-36.6577262878418,-36.66056823730469,-36.6633186340332,-36.6659049987793,-36.66840362548828,-36.670921325683594,-36.6734504699707,-36.6759033203125,-36.67823791503906,-36.680519104003906,-36.682804107666016,-36.68507766723633,-36.687278747558594,-36.689395904541016,-36.69147872924805,-36.69355392456055,-36.695594787597656,-36.697566986083984,-36.69948196411133,-36.70136642456055,-36.70323181152344,-36.705055236816406,-36.706817626953125,-36.70853805541992,-36.71023178100586,-36.71189498901367,-36.71351623535156,-36.715091705322266,-36.71663284301758,-36.7181510925293,-36.719635009765625,-36.72107696533203,-36.72248458862305,-36.7238655090332,-36.725223541259766,-36.72654724121094,-36.727840423583984,-36.72910690307617,-36.7303581237793,-36.73158264160156,-36.7327880859375,-36.733978271484375,-36.73516082763672,-36.73633575439453,-36.73750686645508,-36.738685607910156,-36.73988342285156,-36.741111755371094,-36.74238204956055,-36.74371337890625,-36.7451286315918,-36.74665451049805,-36.74831008911133,-36.75013732910156,-36.75216293334961,-36.754417419433594,-36.75694274902344,-36.75975799560547,-36.76289367675781,-36.766380310058594,-36.77022933959961,-36.774471282958984,-36.77911376953125,-36.784175872802734,-36.789669036865234,-36.79560470581055,-36.80198669433594,-36.80882263183594,-36.81611251831055,-36.82386016845703,-36.832054138183594,-36.8406982421875,-36.84983444213867,-36.859405517578125,-36.869422912597656,-36.87990951538086,-36.89082336425781,-36.9022216796875,-36.91404724121094,-36.92635726928711,-36.9390983581543,-36.95231246948242,-36.96595001220703,-36.98002243041992,-36.994476318359375,-37.009300231933594,-37.024417877197266,-37.03978729248047,-37.05531692504883,-37.0709228515625,-37.086509704589844,-37.101959228515625,-37.11717224121094,-37.132022857666016,-37.14640426635742,-37.16019058227539,-37.17329025268555,-37.18559265136719,-37.19701385498047,-37.20748519897461,-37.216941833496094,-37.22535705566406,-37.232723236083984,-37.23904800415039,-37.24436950683594,-37.248741149902344,-37.25223922729492,-37.25495529174805,-37.256988525390625,-37.258445739746094,-37.259437561035156,-37.260066986083984,-37.26042938232422,-37.2606086730957,-37.26068115234375,-37.260704040527344,-37.26072311401367,-37.260765075683594,-37.26084899902344,-37.260986328125,-37.26117706298828,-37.261409759521484,-37.26167678833008,-37.261966705322266,-37.262264251708984,-37.2625617980957,-37.262847900390625,-37.26311111450195,-37.26335144042969,-37.2635612487793,-37.26374435424805,-37.26389694213867,-37.26402282714844,-37.264129638671875,-37.26422119140625,-37.26430130004883,-37.26436996459961,-37.26443862915039,-37.26450729370117,-37.26457595825195,-37.2646484375,-37.26472091674805,-37.264801025390625,-37.2648811340332,-37.26496124267578,-37.265045166015625,-37.26512145996094,-37.26519775390625,-37.2652702331543,-37.26533508300781,-37.2653923034668,-37.265445709228516,-37.2654914855957,-37.265525817871094,-37.26555633544922,-37.26557922363281,-37.26559829711914,-37.2656135559082,-37.265621185302734,-37.265628814697266,-37.26563262939453,-37.2656364440918,-37.26564025878906,-37.26564025878906,-37.26564407348633,-37.265647888183594
-26.62139129638672,-26.73990249633789,-26.863555908203125,-26.98781967163086,-27.109392166137695,-27.226591110229492,-27.338525772094727,-27.445175170898438,-27.547134399414062,-27.645437240600586,-27.7413387298584,-27.836071014404297,-27.9306640625,-28.025867462158203,-28.12215805053711,-28.219783782958984,-28.318801879882812,-28.419118881225586,-28.520523071289062,-28.622732162475586,-28.725427627563477,-28.828311920166016,-28.93115234375,-29.033817291259766,-29.136308670043945,-29.238771438598633,-29.34146499633789,-29.444679260253906,-29.548601150512695,-29.653234481811523,-29.758394241333008,-29.863765716552734,-29.969017028808594,-30.073932647705078,-30.17852210998535,-30.283031463623047,-30.38779640197754,-30.493101119995117,-30.599151611328125,-30.706138610839844,-30.814289093017578,-30.923828125,-31.03477668762207,-31.146709442138672,-31.25881576538086,-31.37029266357422,-31.480724334716797,-31.590078353881836,-31.69830894470215,-31.805078506469727,-31.90983009338379,-32.01194381713867,-32.11058044433594,-32.20468521118164,-32.293479919433594,-32.37696838378906,-32.455657958984375,-32.529808044433594,-32.59928894042969,-32.6639404296875,-32.723785400390625,-32.7790412902832,-32.83024597167969,-32.87807846069336,-32.922847747802734,-32.9644660949707,-33.00314712524414,-33.03963088989258,-33.07477951049805,-33.10926055908203,-33.15834045410156,-33.22425079345703,-33.27811050415039,-33.33036804199219,-33.387962341308594,-33.44612503051758,-33.501304626464844,-33.5565185546875,-33.61432647705078,-33.673038482666016,-33.730430603027344,-33.78699493408203,-33.84371566772461,-33.90006637573242,-33.95573425292969,-34.01132583618164,-34.066673278808594,-34.120521545410156,-34.173091888427734,-34.22570037841797,-34.2777214050293,-34.327781677246094,-34.37629699707031,-34.42380905151367,-34.469669342041016,-34.514095306396484,-34.55768585205078,-34.59975814819336,-34.640296936035156,-34.68013000488281,-34.718910217285156,-34.75634765625,-34.79271697998047,-34.82762145996094,-34.861209869384766,-34.893917083740234,-34.92539596557617,-34.955787658691406,-34.985191345214844,-35.01339340209961,-35.04073715209961,-35.06715393066406,-35.092533111572266,-35.117164611816406,-35.140960693359375,-35.16409683227539,-35.186622619628906,-35.208431243896484,-35.229705810546875,-35.25040054321289,-35.270633697509766,-35.29045867919922,-35.309814453125,-35.328826904296875,-35.34747314453125,-35.365821838378906,-35.383907318115234,-35.36106872558594,-35.42279815673828,-35.43584060668945,-35.43911361694336,-35.46343994140625,-35.49448013305664,-35.5167350769043,-35.52791213989258,-35.53730773925781,-35.55275344848633,-35.57304763793945,-35.592430114746094,-35.60712814331055,-35.618309020996094,-35.630027770996094,-35.64473342895508,-35.6614990234375,-35.677757263183594,-35.69200897216797,-35.70499038696289,-35.71849822998047,-35.73335266113281,-35.74888229370117,-35.76396942138672,-35.77826690673828,-35.79241180419922,-35.807159423828125,-35.822509765625,-35.83784484863281,-35.85277557373047,-35.86759567260742,-35.88288116455078,-35.8988151550293,-35.91501998901367,-35.9310417175293,-35.94685745239258,-35.96284484863281,-35.97929000854492,-35.99608612060547,-36.01292037963867,-36.029659271240234,-36.04643630981445,-36.06340789794922,-36.08058166503906,-36.09785842895508,-36.115196228027344,-36.13267135620117,-36.15033721923828,-36.168182373046875,-36.1861686706543,-36.204315185546875,-36.22267150878906,-36.241275787353516,-36.2601318359375,-36.27922439575195,-36.298561096191406,-36.31815719604492,-36.33802032470703,-36.358184814453125,-36.378665924072266,-36.39946746826172,-36.42056655883789,-36.44197082519531,-36.46371078491211,-36.48579025268555,-36.5081901550293,-36.53090286254883,-36.553924560546875,-36.577266693115234,-36.600894927978516,-36.624778747558594,-36.64890670776367,-36.673274993896484,-36.69784927368164,-36.72257995605469,-36.7474250793457,-36.77235412597656,-36.79732131958008,-36.82227325439453,-36.84714126586914,-36.87186813354492,-36.896392822265625,-36.92064666748047,-36.944557189941406,-36.968055725097656,-36.99106979370117,-37.01353073120117,-37.035369873046875,-37.056522369384766,-37.07692337036133,-37.09652328491211,-37.115272521972656,-37.13312911987305,-37.15005111694336,-37.166015625,-37.181007385253906,-37.195011138916016,-37.20803451538086,-37.22007751464844,-37.231163024902344,-37.24131774902344,-37.250572204589844,-37.258968353271484,-37.26655197143555,-37.273372650146484,-37.27948760986328,-37.284950256347656,-37.289817810058594,-37.29414749145508,-37.297996520996094,-37.30141830444336,-37.3044548034668,-37.30716323852539,-37.30957794189453,-37.311737060546875,-37.31367111206055,-37.31541442871094,-37.316986083984375,-37.31840515136719,-37.31969451904297,-37.320858001708984,-37.32191467285156,-37.322872161865234,-37.323734283447266,-37.32450866699219,-37.3252067565918,-37.32582473754883,-37.32637023925781,-37.32685089111328,-37.327266693115234,-37.3276252746582,-37.32793045043945,-37.328189849853516,-37.328399658203125,-37.328575134277344,-37.32871627807617,-37.32883071899414,-37.328914642333984,-37.328983306884766,-37.32903289794922,-37.329071044921875,-37.3291015625,-37.329124450683594,-37.329139709472656,-37.329158782958984,-37.32917022705078,-37.329185485839844,-37.32920455932617,-37.3292236328125,-37.32924270629883,-37.32926940917969,-37.32929611206055,-37.32933044433594,-37.32936477661133,-37.32940673828125,-37.32944869995117,-37.329498291015625,-37.32955551147461,-37.32961654663086,-37.329681396484375,-37.32976150512695,-37.3298454284668,-37.3299446105957,-37.33006286621094,-37.330196380615234,-37.330352783203125,-37.330535888671875,-37.33075714111328,-37.33102035522461,-37.331336975097656,-37.33171844482422,-37.332176208496094,-37.332725524902344,-37.3333854675293,-37.33417510986328,-37.33511734008789,-37.33623504638672,-37.33755111694336,-37.33909606933594,-37.340904235839844,-37.34300231933594,-37.34541702270508,-37.348167419433594,-37.35125732421875,-37.35468292236328,-37.35845947265625,-37.36259078979492,-37.36708068847656,-37.37189483642578,-37.37702178955078,-37.38246154785156,-37.3881950378418,-37.394161224365234,-37.40035629272461,-37.40675735473633,-37.413307189941406,-37.419986724853516,-37.42677307128906,-37.4336051940918,-37.44047546386719,-37.447330474853516,-37.454139709472656,-37.46088409423828,-37.467506408691406,-37.47400665283203,-37.48033142089844,-37.48647689819336,-37.492401123046875,-37.49809646606445,-37.503536224365234,-37.50871658325195,-37.51361083984375,-37.51822280883789,-37.52254104614258,-37.52656555175781,-37.53028869628906,-37.53372573852539,-37.536869049072266,-37.53973388671875,-37.54232406616211,-37.544654846191406,-37.54673767089844,-37.548583984375,-37.55021286010742,-37.5516357421875,-37.5528678894043,-37.55392837524414,-37.55482864379883,-37.55558776855469,-37.55622100830078,-37.556739807128906,-37.557159423828125,-37.557491302490234,-37.5577507019043,-37.557945251464844,-37.55808639526367,-37.55818557739258,-37.55824661254883,-37.55828094482422,-37.558292388916016,-37.55828857421875,-37.55826950073242,-37.55824661254883,-37.5582160949707,-37.55818176269531,-37.55815124511719,-37.5581169128418,-37.55809020996094,-37.55806350708008,-37.55804443359375,-37.55802536010742,-37.558013916015625,-37.558006286621094,-37.55800247192383,-37.55800247192383,-37.558006286621094,-37.558013916015625,-37.558021545410156,-37.55803298950195
-25.384429931640625,-25.575767517089844,-25.763038635253906,-25.943132400512695,-26.114023208618164,-26.275104522705078,-26.42736053466797,-26.572874069213867,-26.713727951049805,-26.851285934448242,-26.98628807067871,-27.119314193725586,-27.251007080078125,-27.382102966308594,-27.5135498046875,-27.64657974243164,-27.782596588134766,-27.922882080078125,-28.068256378173828,-28.21885108947754,-28.37403106689453,-28.53242301940918,-28.69207763671875,-28.85075569152832,-29.006484985351562,-29.158273696899414,-29.30653190612793,-29.45282554626465,-29.599069595336914,-29.746734619140625,-29.896242141723633,-30.046627044677734,-30.195674896240234,-30.340557098388672,-30.47885513305664,-30.609588623046875,-30.73365592956543,-30.853267669677734,-30.970569610595703,-31.086334228515625,-31.19962501525879,-31.308603286743164,-31.411911010742188,-31.50973892211914,-31.603784561157227,-31.696048736572266,-31.787353515625,-31.876827239990234,-31.962739944458008,-32.04399108886719,-32.12110137939453,-32.195892333984375,-32.27009201049805,-32.34415817260742,-32.41736602783203,-32.48890686035156,-32.558902740478516,-32.62836456298828,-32.698177337646484,-32.76824951171875,-32.83782196044922,-32.906455993652344,-32.97465515136719,-33.04328155517578,-33.112548828125,-33.181785583496094,-33.25022888183594,-33.31781768798828,-33.384952545166016,-33.45165252685547,-33.51734161376953,-33.58152389526367,-33.644283294677734,-33.705814361572266,-33.76577377319336,-33.82350540161133,-33.87879180908203,-33.93193435668945,-33.98309326171875,-34.03205871582031,-34.078765869140625,-34.123504638671875,-34.16646957397461,-34.19757843017578,-34.2973747253418,-34.35694885253906,-34.4161262512207,-34.49174118041992,-34.56494140625,-34.62740707397461,-34.68830108642578,-34.756324768066406,-34.8282470703125,-34.89645004272461,-34.95857620239258,-35.019134521484375,-35.082340240478516,-35.146942138671875,-35.20920944213867,-35.26807403564453,-35.32600784301758,-35.385009765625,-35.443904876708984,-35.500308990478516,-35.55380630493164,-35.60622787475586,-35.65884780883789,-35.71078109741211,-35.76047897338867,-35.8078498840332,-35.85408401489258,-35.899715423583984,-35.9439697265625,-35.98609161376953,-36.02644729614258,-36.065826416015625,-36.10427474975586,-36.14128112792969,-36.17677688598633,-36.21123504638672,-36.244842529296875,-36.277259826660156,-36.30830764770508,-36.338321685791016,-36.36759567260742,-36.39596176147461,-36.42314910888672,-36.44926071166992,-36.474525451660156,-36.498931884765625,-36.522369384765625,-36.54493713378906,-36.56679153442383,-36.58790588378906,-36.60820770263672,-36.62779235839844,-36.646827697753906,-36.619712829589844,-36.695411682128906,-36.712467193603516,-36.71870040893555,-36.752315521240234,-36.793827056884766,-36.82380294799805,-36.8406867980957,-36.857521057128906,-36.8832893371582,-36.91460037231445,-36.94342041015625,-36.96559143066406,-36.98393630981445,-37.004276275634766,-37.028839111328125,-37.05491256713867,-37.07854461669922,-37.098472595214844,-37.116920471191406,-37.1368293762207,-37.15873718261719,-37.1806755065918,-37.20054626464844,-37.218196868896484,-37.23530197143555,-37.2533073425293,-37.271907806396484,-37.28964614868164,-37.30560302734375,-37.320281982421875,-37.33481216430664,-37.349586486816406,-37.36391830444336,-37.3769645690918,-37.38868713378906,-37.399757385253906,-37.41066360473633,-37.421165466308594,-37.43069076538086,-37.4390869140625,-37.44675827026367,-37.454105377197266,-37.46106719970703,-37.46730041503906,-37.472694396972656,-37.47751998901367,-37.48207092285156,-37.486331939697266,-37.49009323120117,-37.493316650390625,-37.496192932128906,-37.49891662597656,-37.50144577026367,-37.503658294677734,-37.50555419921875,-37.50727844238281,-37.5089225769043,-37.51042556762695,-37.51171112060547,-37.512821197509766,-37.51384353637695,-37.514801025390625,-37.5156364440918,-37.51632308959961,-37.51690673828125,-37.5174446105957,-37.51791763305664,-37.51829528808594,-37.51858901977539,-37.51884078979492,-37.519065856933594,-37.51924514770508,-37.519371032714844,-37.51947021484375,-37.519561767578125,-37.51964569091797,-37.51969909667969,-37.51974105834961,-37.51978302001953,-37.519832611083984,-37.519866943359375,-37.5198974609375,-37.519927978515625,-37.51996994018555,-37.52000427246094,-37.52003479003906,-37.52006912231445,-37.520111083984375,-37.52014923095703,-37.52018356323242,-37.52022171020508,-37.520259857177734,-37.52029800415039,-37.52033233642578,-37.52036666870117,-37.52040100097656,-37.52043533325195,-37.52046203613281,-37.52048873901367,-37.52051544189453,-37.520538330078125,-37.52056121826172,-37.52058029174805,-37.52059555053711,-37.52061462402344,-37.5206298828125,-37.5206413269043,-37.52065658569336,-37.520668029785156,-37.52067947387695,-37.52069091796875,-37.52070236206055,-37.520713806152344,-37.52072525024414,-37.52073287963867,-37.5207405090332,-37.520751953125,-37.52075958251953,-37.52076721191406,-37.520774841308594,-37.520782470703125,-37.520790100097656,-37.52079391479492,-37.52080154418945,-37.520809173583984,-37.520816802978516,-37.52082443237305,-37.52083206176758,-37.52083969116211,-37.52084732055664,-37.52085494995117,-37.5208625793457,-37.520870208740234,-37.520877838134766,-37.5208854675293,-37.520896911621094,-37.520904541015625,-37.520912170410156,-37.52092361450195,-37.520931243896484,-37.52094268798828,-37.52095031738281,-37.52096176147461,-37.520973205566406,-37.52098083496094,-37.520992279052734,-37.52100372314453,-37.52101135253906,-37.52102279663086,-37.521034240722656,-37.52104568481445,-37.521053314208984,-37.52106475830078,-37.52107620239258,-37.521087646484375,-37.52109909057617,-37.5211067199707,-37.5211181640625,-37.5211296081543,-37.521141052246094,-37.52115249633789,-37.52116394042969,-37.52117156982422,-37.521183013916016,-37.52119445800781,-37.52120590209961,-37.52121353149414,-37.52122497558594,-37.521236419677734,-37.521244049072266,-37.52125549316406,-37.52126693725586,-37.52127456665039,-37.52128601074219,-37.52129364013672,-37.52130126953125,-37.52131271362305,-37.52132034301758,-37.52132797241211,-37.52133560180664,-37.52134704589844,-37.52135467529297,-37.5213623046875,-37.52136993408203,-37.52137756347656,-37.52138137817383,-37.52138900756836,-37.52139663696289,-37.52140426635742,-37.52140808105469,-37.52141571044922,-37.521419525146484,-37.521427154541016,-37.52143096923828,-37.52143859863281,-37.52144241333008,-37.521446228027344
-25.673542022705078,-25.854965209960938,-26.041913986206055,-26.229066848754883,-26.411487579345703,-26.58488655090332,-26.745948791503906,-26.892724990844727,-27.02484130859375,-27.143312454223633,-27.25009536743164,-27.347618103027344,-27.438344955444336,-27.524457931518555,-27.60771942138672,-27.689468383789062,-27.770687103271484,-27.852096557617188,-27.934219360351562,-28.017423629760742,-28.101951599121094,-28.187931060791016,-28.27537727355957,-28.364198684692383,-28.45421028137207,-28.54513168334961,-28.636619567871094,-28.72828483581543,-28.819738388061523,-28.91064453125,-29.000761032104492,-29.090009689331055,-29.178512573242188,-29.266597747802734,-29.354768753051758,-29.4436092376709,-29.533647537231445,-29.625246047973633,-29.718509674072266,-29.813278198242188,-29.909162521362305,-30.005634307861328,-30.102123260498047,-30.19812774658203,-30.29329490661621,-30.3874568939209,-30.480623245239258,-30.57293701171875,-30.664596557617188,-30.755775451660156,-30.846582412719727,-30.937040328979492,-31.02711296081543,-31.116748809814453,-31.205909729003906,-31.294601440429688,-31.382856369018555,-31.470706939697266,-31.558116912841797,-31.64495086669922,-31.73095703125,-31.815763473510742,-31.898941040039062,-31.980043411254883,-32.05868911743164,-32.13461685180664,-32.20772171020508,-32.278045654296875,-32.34569549560547,-32.41075897216797,-32.47321701049805,-32.532955169677734,-32.58976745605469,-32.64344787597656,-32.6938362121582,-32.7408561706543,-32.784549713134766,-32.82504653930664,-32.862552642822266,-32.897281646728516,-32.92940139770508,-32.959041595458984,-33.00649642944336,-33.05449676513672,-33.099876403808594,-33.142738342285156,-33.18560791015625,-33.22660446166992,-33.26538848876953,-33.30240249633789,-33.33767318725586,-33.3714599609375,-33.40409469604492,-33.43532180786133,-33.464988708496094,-33.493595123291016,-33.5216064453125,-33.548866271972656,-33.575096130371094,-33.60042190551758,-33.62511444091797,-33.64921569824219,-33.672698974609375,-33.69561767578125,-33.71799850463867,-33.73987579345703,-33.761375427246094,-33.782615661621094,-33.80354309082031,-33.82410430908203,-33.84437942504883,-33.86445617675781,-33.884273529052734,-33.90375518798828,-33.92292785644531,-33.94182205200195,-33.96042251586914,-33.978694915771484,-33.99662780761719,-34.01417541503906,-34.031349182128906,-34.04817199707031,-34.06461715698242,-34.080650329589844,-34.09628677368164,-34.11155319213867,-34.126434326171875,-34.140933990478516,-34.15508270263672,-34.16889953613281,-34.182403564453125,-34.19561004638672,-34.208526611328125,-34.221168518066406,-34.233558654785156,-34.245689392089844,-34.257564544677734,-34.26918411254883,-34.28056335449219,-34.291690826416016,-34.302574157714844,-34.31321716308594,-34.32361602783203,-34.33378601074219,-34.343719482421875,-34.353416442871094,-34.363399505615234,-34.38532638549805,-34.3995246887207,-34.41153335571289,-34.4262580871582,-34.441287994384766,-34.45444107055664,-34.465362548828125,-34.47562789916992,-34.48649215698242,-34.49763107299805,-34.50815200805664,-34.51747131347656,-34.52579116821289,-34.53380584716797,-34.54183578491211,-34.54964065551758,-34.556819915771484,-34.56316375732422,-34.56887435913086,-34.5743408203125,-34.57972717285156,-34.584930419921875,-34.58976745605469,-34.594154357910156,-34.59823226928711,-34.60219192504883,-34.6060791015625,-34.609798431396484,-34.61323928833008,-34.61640930175781,-34.61943817138672,-34.622440338134766,-34.62541961669922,-34.6282958984375,-34.631011962890625,-34.63359832763672,-34.63612747192383,-34.63862228393555,-34.64104080200195,-34.643341064453125,-34.64552307128906,-34.64765548706055,-34.64976119995117,-34.65181350708008,-34.653770446777344,-34.65563201904297,-34.65741729736328,-34.65915298461914,-34.66083908081055,-34.66244888305664,-34.66398620605469,-34.665470123291016,-34.666908264160156,-34.668296813964844,-34.669620513916016,-34.67088317871094,-34.67210006713867,-34.67327880859375,-34.67441940307617,-34.675514221191406,-34.67656326293945,-34.67757797241211,-34.67855453491211,-34.679500579833984,-34.68040466308594,-34.681278228759766,-34.68212127685547,-34.68294143676758,-34.6837272644043,-34.68448257446289,-34.685211181640625,-34.6859130859375,-34.68659210205078,-34.68724822998047,-34.6878776550293,-34.68848419189453,-34.68906784057617,-34.689632415771484,-34.6901741027832,-34.690696716308594,-34.691200256347656,-34.69168472290039,-34.6921501159668,-34.692596435546875,-34.69302749633789,-34.693443298339844,-34.693843841552734,-34.69422912597656,-34.69459533691406,-34.69495391845703,-34.69529342651367,-34.695621490478516,-34.69593811035156,-34.69624328613281,-34.696533203125,-34.696815490722656,-34.697086334228516,-34.69734573364258,-34.69759750366211,-34.69784164428711,-34.69807434082031,-34.698299407958984,-34.69851303100586,-34.69872283935547,-34.69892501831055,-34.699119567871094,-34.699310302734375,-34.699493408203125,-34.699668884277344,-34.6998405456543,-34.70000457763672,-34.700164794921875,-34.700321197509766,-34.700469970703125,-34.70061492919922,-34.70075988769531,-34.700897216796875,-34.70103073120117,-34.7011604309082,-34.701290130615234,-34.701412200927734,-34.701534271240234,-34.70165252685547,-34.70176696777344,-34.701881408691406,-34.70199203491211,-34.70209884643555,-34.70220184326172,-34.702308654785156,-34.70240783691406,-34.70250701904297,-34.702606201171875,-34.702701568603516,-34.70279312133789,-34.70288848876953,-34.70297622680664,-34.703067779541016,-34.703155517578125,-34.70323944091797,-34.70332717895508,-34.70341110229492,-34.7034912109375,-34.703575134277344,-34.70365524291992,-34.703731536865234,-34.70381164550781,-34.703887939453125,-34.70396423339844,-34.70404052734375,-34.7041130065918,-34.704185485839844,-34.70425796508789,-34.70432662963867,-34.70439910888672,-34.7044677734375,-34.70453643798828,-34.7046012878418,-34.70466995239258,-34.704734802246094,-34.70479965209961,-34.704864501953125,-34.704925537109375,-34.704986572265625,-34.705047607421875,-34.705108642578125,-34.705169677734375,-34.70522689819336,-34.705284118652344,-34.70534133911133,-34.70539855957031,-34.7054557800293,-34.705509185791016,-34.705562591552734,-34.70561599731445,-34.70566940307617,-34.705718994140625,-34.70576858520508,-34.7058219909668,-34.705867767333984,-34.70591735839844,-34.70596694946289,-34.70601272583008,-34.706058502197266,-34.70610427856445,-34.70615005493164,-34.70619201660156,-34.706233978271484,-34.706275939941406,-34.70631790161133,-34.70635986328125,-34.70640182495117,-34.70643997192383,-34.706478118896484,-34.706520080566406,-34.70655822753906,-34.70659255981445,-34.70663070678711,-34.7066650390625,-34.70669937133789,-34.70673370361328,-34.70676803588867,-34.70680236816406,-34.70683288574219,-34.70686721801758,-34.7068977355957,-34.70692825317383,-34.70695877075195,-34.70698928833008,-34.70701599121094,-34.70704650878906,-34.70707321166992,-34.70709991455078,-34.70712661743164,-34.7071533203125,-34.70718002319336,-34.70720291137695,-34.70722961425781,-34.707252502441406,-34.707275390625,-34.707298278808594,-34.70732116699219,-34.70734405517578,-34.707366943359375,-34.70738983154297,-34.7074089050293,-34.707427978515625,-34.70745086669922,-34.70746994018555,-34.707489013671875,-34.7075080871582,-34.70752716064453,-34.707542419433594,-34.70756149291992,-34.707576751708984,-34.70759582519531,-34.707611083984375,-34.70762634277344,-34.7076416015625,-34.70765686035156,-34.707672119140625,-34.70768737792969,-34.70770263671875,-34.70771789550781,-34.70772933959961,-34.70774459838867,-34.70775604248047,-34.707767486572266,-34.70777893066406,-34.707794189453125,-34.70780563354492,-34.70781707763672,-34.707828521728516,-34.70783996582031,-34.70785140991211,-34.707862854003906,-34.70787048339844,-34.707881927490234,-34.707889556884766,-34.70790100097656,-34.707908630371094,-34.70792007446289,-34.70792770385742,-34.70793533325195,-34.70794677734375,-34.70795440673828,-34.70796203613281,-34.707969665527344,-34.707977294921875,-34.707984924316406,-34.70799255371094,-34.70800018310547,-34.708003997802734,-34.708011627197266,-34.7080192565918,-34.70802688598633,-34.708030700683594,-34.708038330078125,-34.70804214477539,-34.70804977416992,-34.70805358886719,-34.70806121826172,-34.708065032958984,-34.70806884765625
-26.427461624145508,-26.554819107055664,-26.687768936157227,-26.82635498046875,-26.96937370300293,-27.114774703979492,-27.26030158996582,-27.40374183654785,-27.5433406829834,-27.678184509277344,-27.80829620361328,-27.934249877929688,-28.056636810302734,-28.17580795288086,-28.2918701171875,-28.404783248901367,-28.514461517333984,-28.620859146118164,-28.724002838134766,-28.824020385742188,-28.921178817749023,-29.015859603881836,-29.108448028564453,-29.199209213256836,-29.28822135925293,-29.375396728515625,-29.460575103759766,-29.543630599975586,-29.62455177307129,-29.703493118286133,-29.78074836730957,-29.856687545776367,-29.931642532348633,-30.005840301513672,-30.07935905456543,-30.152162551879883,-30.224170684814453,-30.29533576965332,-30.365713119506836,-30.43548583984375,-30.504919052124023,-30.57430076599121,-30.643861770629883,-30.71373176574707,-30.784019470214844,-30.855010986328125,-30.92748260498047,-31.002710342407227,-31.08182144165039,-31.165037155151367,-31.25191307067871,-31.342662811279297,-31.438764572143555,-31.540864944458008,-31.64743423461914,-31.757572174072266,-31.87273597717285,-31.991851806640625,-32.11238098144531,-32.23532485961914,-32.359718322753906,-32.48304748535156,-32.60694885253906,-32.72948455810547,-32.85010528564453,-32.969482421875,-33.08495330810547,-33.1976318359375,-33.305015563964844,-33.408084869384766,-33.50617218017578,-33.60028839111328,-33.69068908691406,-33.77766036987305,-33.8614387512207,-33.94207763671875,-34.019859313964844,-34.09480667114258,-34.16690444946289,-34.236671447753906,-34.30439376831055,-34.371192932128906,-34.43680953979492,-34.50170135498047,-34.56503677368164,-34.626869201660156,-34.68677520751953,-34.74445343017578,-34.800254821777344,-34.8541259765625,-34.90644073486328,-34.95705795288086,-35.005332946777344,-35.050987243652344,-35.0936164855957,-35.132904052734375,-35.16899490356445,-35.202049255371094,-35.232181549072266,-35.24983596801758,-35.316162109375,-35.34851837158203,-35.38165283203125,-35.423431396484375,-35.458465576171875,-35.48404312133789,-35.50981521606445,-35.54115676879883,-35.573875427246094,-35.6021728515625,-35.62560272216797,-35.64849090576172,-35.673580169677734,-35.69927978515625,-35.7229118347168,-35.744285583496094,-35.76539993286133,-35.78733444213867,-35.80903244018555,-35.8289909362793,-35.84724807739258,-35.86516571044922,-35.88357925415039,-35.9019660949707,-35.91947555541992,-35.936100006103516,-35.95249557495117,-35.96889114379883,-35.98482131958008,-35.999855041503906,-36.01419448852539,-36.02824401855469,-36.04199981689453,-36.05510711669922,-36.06744384765625,-36.07923889160156,-36.090667724609375,-36.10158157348633,-36.111820220947266,-36.121482849121094,-36.13075637817383,-36.13963317871094,-36.14798355102539,-36.15584182739258,-36.132179260253906,-36.17787551879883,-36.1835823059082,-36.18156814575195,-36.19794464111328,-36.219017028808594,-36.231468200683594,-36.23485565185547,-36.23869705200195,-36.24871063232422,-36.26189422607422,-36.27263259887695,-36.278682708740234,-36.282718658447266,-36.288734436035156,-36.2976188659668,-36.307071685791016,-36.314552307128906,-36.319759368896484,-36.32456970214844,-36.330787658691406,-36.33830261230469,-36.345577239990234,-36.3514289855957,-36.35618591308594,-36.36110305786133,-36.36690139770508,-36.37309265136719,-36.378692626953125,-36.383365631103516,-36.3876838684082,-36.39236831665039,-36.39745330810547,-36.402374267578125,-36.406681060791016,-36.41054916381836,-36.414466857910156,-36.418617248535156,-36.4227180480957,-36.426429748535156,-36.42976379394531,-36.43303680419922,-36.43642044067383,-36.439781188964844,-36.44288635253906,-36.44572448730469,-36.448486328125,-36.4512939453125,-36.45405960083008,-36.456626892089844,-36.459007263183594,-36.46131896972656,-36.46363067626953,-36.46586227416992,-36.46793746948242,-36.46987533569336,-36.471763610839844,-36.4736213684082,-36.47538375854492,-36.47702407836914,-36.47857666015625,-36.4800910949707,-36.48155975341797,-36.482940673828125,-36.48423385620117,-36.485469818115234,-36.48667526245117,-36.48781967163086,-36.4888916015625,-36.489898681640625,-36.49087142944336,-36.49180221557617,-36.49267578125,-36.493492126464844,-36.49427032470703,-36.495018005371094,-36.49571990966797,-36.496376037597656,-36.49699401855469,-36.49758529663086,-36.498146057128906,-36.4986686706543,-36.49916076660156,-36.49962615966797,-36.500064849853516,-36.5004768371582,-36.50086212158203,-36.501224517822266,-36.50156784057617,-36.501888275146484,-36.50218963623047,-36.50246810913086,-36.50273513793945,-36.50297927856445,-36.50320816040039,-36.50342559814453,-36.50362777709961,-36.503814697265625,-36.503990173339844,-36.504154205322266,-36.50430679321289,-36.50444793701172,-36.504581451416016,-36.504703521728516,-36.504817962646484,-36.50492477416992,-36.50502395629883,-36.5051155090332,-36.50519943237305,-36.505279541015625,-36.50535202026367,-36.50542068481445,-36.50548553466797,-36.50554275512695,-36.50559616088867,-36.505645751953125,-36.50569152832031,-36.505733489990234,-36.505775451660156,-36.50580978393555,-36.50584411621094,-36.50587463378906,-36.50590515136719,-36.50593185424805,-36.50595474243164,-36.505977630615234,-36.50600051879883,-36.506019592285156,-36.506038665771484,-36.50605392456055,-36.506072998046875,-36.50608825683594,-36.506099700927734,-36.5061149597168,-36.506126403808594,-36.50613784790039,-36.50614929199219,-36.50615692138672,-36.506168365478516,-36.50617599487305,-36.506187438964844,-36.506195068359375,-36.506202697753906,-36.50621032714844,-36.506221771240234,-36.506229400634766,-36.5062370300293,-36.50624465942383,-36.50625228881836,-36.50625991821289,-36.50626754760742,-36.50627517700195,-36.506282806396484,-36.506290435791016,-36.50629806518555,-36.50630569458008,-36.50631332397461,-36.50632095336914,-36.50632858276367,-36.50634002685547,-36.50634765625,-36.50635528564453,-36.50636672973633,-36.50637435913086,-36.506385803222656,-36.50639343261719,-36.506404876708984,-36.506412506103516,-36.50642395019531,-36.50643539428711,-36.50644302368164,-36.50645446777344,-36.506465911865234,-36.50647735595703,-36.50648880004883,-36.506500244140625,-36.50651168823242,-36.50651931762695,-36.50653076171875,-36.50654220581055,-36.50655746459961,-36.506568908691406,-36.5065803527832,-36.506591796875,-36.5066032409668,-36.506614685058594,-36.50662612915039,-36.50663757324219,-36.506649017333984,-36.50666046142578,-36.50667190551758,-36.506683349609375,-36.50669479370117,-36.5067024230957,-36.5067138671875,-36.5067253112793,-36.506736755371094,-36.50674819946289,-36.50675582885742,-36.50676727294922,-36.50677490234375,-36.50678634643555,-36.50679397583008,-36.506805419921875,-36.506813049316406,-36.50682067871094,-36.50682830810547,-36.506839752197266,-36.5068473815918,-36.50685501098633,-36.50686264038086,-36.506866455078125,-36.506874084472656,-36.50688171386719,-36.50688934326172,-36.506893157958984,-36.506900787353516,-36.50690460205078,-36.50691223144531,-36.50691604614258,-36.506919860839844,-36.506927490234375,-36.50693130493164
-25.20005989074707,-25.320566177368164,-25.436933517456055,-25.549001693725586,-25.657533645629883,-25.764482498168945,-25.872093200683594,-25.981605529785156,-26.093271255493164,-26.206892013549805,-26.322092056274414,-26.43846321105957,-26.556005477905273,-26.67572784423828,-26.798500061035156,-26.923738479614258,-27.04997444152832,-27.176530838012695,-27.304393768310547,-27.43345069885254,-27.561904907226562,-27.688371658325195,-27.81391716003418,-27.93942642211914,-28.063812255859375,-28.18798065185547,-28.31501579284668,-28.446002960205078,-28.58125877380371,-28.72298240661621,-28.872196197509766,-29.027250289916992,-29.187889099121094,-29.353321075439453,-29.52107810974121,-29.690906524658203,-29.862451553344727,-30.03460121154785,-30.208723068237305,-30.384780883789062,-30.56283187866211,-30.743404388427734,-30.92458152770996,-31.105323791503906,-31.28286361694336,-31.454864501953125,-31.61924934387207,-31.773954391479492,-31.91850471496582,-32.052268981933594,-32.1761474609375,-32.290374755859375,-32.39631271362305,-32.4947509765625,-32.58735656738281,-32.67539596557617,-32.76039505004883,-32.84345626831055,-32.92497634887695,-33.005191802978516,-33.08352279663086,-33.15975570678711,-33.23344421386719,-33.30427932739258,-33.37218475341797,-33.43670654296875,-33.49754333496094,-33.55449676513672,-33.60734176635742,-33.656131744384766,-33.701107025146484,-33.742374420166016,-33.767852783203125,-33.85060501098633,-33.8871955871582,-33.925537109375,-33.97688674926758,-34.023101806640625,-34.05624008178711,-34.0843505859375,-34.115779876708984,-34.14925003051758,-34.17947006225586,-34.20469284057617,-34.22854995727539,-34.255043029785156,-34.2841796875,-34.313297271728516,-34.34093475341797,-34.368431091308594,-34.39750289916992,-34.42795944213867,-34.45843505859375,-34.48822784423828,-34.51802062988281,-34.548675537109375,-34.5800666809082,-34.611610412597656,-34.643310546875,-34.67567443847656,-34.708797454833984,-34.742164611816406,-34.77543258666992,-34.80886459350586,-34.84274673461914,-34.876766204833984,-34.910343170166016,-34.94340133666992,-34.97639846801758,-35.009578704833984,-35.04262161254883,-35.0751838684082,-35.107418060302734,-35.13970947265625,-35.17212677001953,-35.20442581176758,-35.23647689819336,-35.2684326171875,-35.30038833618164,-35.33220672607422,-35.36371612548828,-35.39487838745117,-35.425682067871094,-35.45601272583008,-35.48569869995117,-35.5146369934082,-35.542728424072266,-35.56984329223633,-35.59587860107422,-35.62076950073242,-35.64445495605469,-35.66690444946289,-35.68817138671875,-35.70835876464844,-35.727561950683594,-35.745880126953125,-35.763492584228516,-35.78060531616211,-35.79735565185547,-35.8138313293457,-35.83013153076172,-35.846336364746094,-35.86246109008789,-35.87847900390625,-35.894351959228516,-35.910030364990234,-35.925445556640625,-35.94053649902344,-35.95524978637695,-35.969539642333984,-35.983375549316406,-35.99675369262695,-36.00967025756836,-36.02214813232422,-36.034210205078125,-36.0458984375,-36.0192756652832,-36.07466125488281,-36.08366775512695,-36.084163665771484,-36.10591125488281,-36.13384246826172,-36.15308380126953,-36.162418365478516,-36.17178726196289,-36.18825912475586,-36.2092170715332,-36.22827911376953,-36.24209976196289,-36.25292205810547,-36.26542282104492,-36.281436920166016,-36.298828125,-36.314430236816406,-36.32717514038086,-36.33877944946289,-36.3515510559082,-36.36590576171875,-36.380313873291016,-36.3931884765625,-36.40452194213867,-36.415672302246094,-36.42770004272461,-36.44026184082031,-36.45222091674805,-36.46298599243164,-36.47307205200195,-36.48333740234375,-36.49396514892578,-36.50437927246094,-36.5140495300293,-36.523109436035156,-36.532073974609375,-36.54117202758789,-36.55009460449219,-36.558494567871094,-36.56642150878906,-36.57420349121094,-36.581993103027344,-36.5896110534668,-36.596866607666016,-36.60381317138672,-36.61065673828125,-36.6174430847168,-36.6240348815918,-36.63035583496094,-36.63649368286133,-36.64255142211914,-36.64849853515625,-36.65422821044922,-36.65974044799805,-36.665122985839844,-36.67041015625,-36.675537109375,-36.680458068847656,-36.685211181640625,-36.68986892700195,-36.694400787353516,-36.69875717163086,-36.702938079833984,-36.707000732421875,-36.710960388183594,-36.714778900146484,-36.71843338012695,-36.721954345703125,-36.72537612915039,-36.728675842285156,-36.731834411621094,-36.73487091064453,-36.73780822753906,-36.74064254760742,-36.74336242675781,-36.7459716796875,-36.74848937988281,-36.750919342041016,-36.75325012207031,-36.75548553466797,-36.75764465332031,-36.75971984863281,-36.76171112060547,-36.76362228393555,-36.765464782714844,-36.76723861694336,-36.76893997192383,-36.770572662353516,-36.77214431762695,-36.773658752441406,-36.775108337402344,-36.77650451660156,-36.77784729003906,-36.779136657714844,-36.780372619628906,-36.78156280517578,-36.78270721435547,-36.78380584716797,-36.78486251831055,-36.78587341308594,-36.78684997558594,-36.78778839111328,-36.78868865966797,-36.789554595947266,-36.79038619995117,-36.79118347167969,-36.79195022583008,-36.792686462402344,-36.793392181396484,-36.79407501220703,-36.79472732543945,-36.795352935791016,-36.795955657958984,-36.796531677246094,-36.79708480834961,-36.7976188659668,-36.798126220703125,-36.79861831665039,-36.79908752441406,-36.799537658691406,-36.79996871948242,-36.800384521484375,-36.80078125,-36.80116271972656,-36.8015251159668,-36.801876068115234,-36.80221176147461,-36.80253219604492,-36.80284118652344,-36.80313491821289,-36.80341720581055,-36.803688049316406,-36.8039436340332,-36.80419158935547,-36.80442810058594,-36.804656982421875,-36.804874420166016,-36.80508041381836,-36.80527877807617,-36.80546951293945,-36.80564880371094,-36.80582046508789,-36.80598831176758,-36.80614471435547,-36.806297302246094,-36.80644226074219,-36.80657958984375,-36.80670928955078,-36.80683517456055,-36.80695724487305,-36.807071685791016,-36.80717849731445,-36.80728530883789,-36.8073844909668,-36.80747604370117,-36.80756759643555,-36.807655334472656,-36.807735443115234,-36.80781555175781,-36.80788803100586,-36.807960510253906,-36.80802917480469,-36.8080940246582,-36.80815505981445,-36.80821228027344,-36.80826950073242,-36.80832290649414,-36.808372497558594,-36.80842208862305,-36.808467864990234,-36.808509826660156,-36.80855178833008,-36.808589935302734,-36.80862808227539,-36.80866622924805,-36.80869674682617,-36.80873107910156,-36.80876159667969,-36.80879211425781,-36.80881881713867,-36.80884552001953,-36.808868408203125,-36.808895111083984,-36.80891418457031,-36.808937072753906,-36.808956146240234,-36.80897521972656,-36.80899429321289,-36.80901336669922,-36.80902862548828,-36.809043884277344,-36.809059143066406,-36.80907440185547,-36.80908966064453,-36.80910110473633,-36.809112548828125,-36.80912399291992,-36.80913543701172,-36.809146881103516,-36.80915451049805,-36.809165954589844,-36.809173583984375,-36.809181213378906,-36.80918884277344,-36.80919647216797,-36.8092041015625,-36.80921173095703,-36.80921936035156,-36.80922317504883,-36.80923080444336,-36.809234619140625,-36.809242248535156,-36.80924606323242,-36.80924987792969,-36.80925750732422,-36.809261322021484
-25.06698226928711,-25.2563419342041,-25.43985366821289,-25.614606857299805,-25.778892517089844,-25.93256950378418,-26.07684326171875,-26.213518142700195,-26.344751358032227,-26.4731388092041,-26.601388931274414,-26.731712341308594,-26.865453720092773,-27.00320816040039,-27.145126342773438,-27.29119300842285,-27.441425323486328,-27.59592628479004,-27.754817962646484,-27.918020248413086,-28.08507537841797,-28.25537109375,-28.429086685180664,-28.608356475830078,-28.79659652709961,-28.995891571044922,-29.20536231994629,-29.421241760253906,-29.638011932373047,-29.851543426513672,-30.063861846923828,-30.2806453704834,-30.501506805419922,-30.71888542175293,-30.92403793334961,-31.11493682861328,-31.29819679260254,-31.477296829223633,-31.64751625061035,-31.8039608001709,-31.94991111755371,-32.09361267089844,-32.236270904541016,-32.37238693237305,-32.49980926513672,-32.62357711791992,-32.74666213989258,-32.865177154541016,-32.97599411010742,-33.08235549926758,-33.18732833862305,-33.28812789916992,-33.38221740722656,-33.47222137451172,-33.56000518798828,-33.64274597167969,-33.718994140625,-33.791290283203125,-33.86015319824219,-33.92334747314453,-33.98141860961914,-34.03679275512695,-34.08906555175781,-34.144691467285156,-34.249061584472656,-34.31825256347656,-34.38423538208008,-34.46269226074219,-34.538978576660156,-34.606353759765625,-34.670650482177734,-34.73845291137695,-34.8079948425293,-34.87358856201172,-34.933353424072266,-34.99116516113281,-35.05084228515625,-35.11123275756836,-35.168670654296875,-35.22184371948242,-35.27307891845703,-35.32480239868164,-35.37657928466797,-35.42654037475586,-35.47439193725586,-35.52166748046875,-35.56917953491211,-35.615909576416016,-35.66083526611328,-35.70454406738281,-35.74832534790039,-35.79216766357422,-35.834896087646484,-35.87600326538086,-35.91621780395508,-35.95610046386719,-35.99515914916992,-36.032814025878906,-36.06934356689453,-36.10521697998047,-36.14015579223633,-36.17365264892578,-36.20589828491211,-36.23744201660156,-36.26826477050781,-36.29798889160156,-36.326629638671875,-36.35452651977539,-36.38166809082031,-36.4078483581543,-36.43319320678711,-36.45796585083008,-36.482093811035156,-36.50537872314453,-36.52791213989258,-36.54987716674805,-36.57119369506836,-36.59177017211914,-36.61170959472656,-36.631065368652344,-36.64973449707031,-36.61850357055664,-36.69784164428711,-36.71377944946289,-36.716678619384766,-36.747711181640625,-36.78766632080078,-36.81587600708008,-36.82933807373047,-36.84099197387695,-36.86128616333008,-36.88775634765625,-36.912105560302734,-36.92924499511719,-36.941162109375,-36.953853607177734,-36.97060775756836,-36.9894905090332,-37.00642013549805,-37.01934051513672,-37.029823303222656,-37.041053771972656,-37.054439544677734,-37.068634033203125,-37.081356048583984,-37.0917854309082,-37.1011848449707,-37.1113395690918,-37.122676849365234,-37.134071350097656,-37.144283294677734,-37.15327072143555,-37.16206741333008,-37.171531677246094,-37.18145751953125,-37.19098663330078,-37.19963836669922,-37.207794189453125,-37.21614074707031,-37.224849700927734,-37.233463287353516,-37.24152755737305,-37.249107360839844,-37.256649017333984,-37.264373779296875,-37.27206039428711,-37.27937698364258,-37.286312103271484,-37.29313278198242,-37.30001449584961,-37.30683517456055,-37.313377380371094,-37.31962203979492,-37.32575225830078,-37.331878662109375,-37.337913513183594,-37.34371566772461,-37.349300384521484,-37.35478210449219,-37.36022186279297,-37.365543365478516,-37.37066650390625,-37.37562942504883,-37.38050842285156,-37.38531494140625,-37.38998794555664,-37.39448928833008,-37.39887237548828,-37.40317916870117,-37.407386779785156,-37.41145706176758,-37.41539764404297,-37.41924285888672,-37.42300796508789,-37.426666259765625,-37.430198669433594,-37.43363952636719,-37.4370002746582,-37.44027328491211,-37.443443298339844,-37.4465217590332,-37.449527740478516,-37.45246124267578,-37.45530700683594,-37.458072662353516,-37.46076965332031,-37.46340560913086,-37.46596908569336,-37.46846008300781,-37.47089385986328,-37.47327423095703,-37.475589752197266,-37.47785186767578,-37.48005676269531,-37.482215881347656,-37.48432159423828,-37.48638153076172,-37.48839569091797,-37.49036407470703,-37.49229431152344,-37.49418258666992,-37.496028900146484,-37.497840881347656,-37.49961853027344,-37.50135803222656,-37.50306701660156,-37.50474166870117,-37.50638961791992,-37.50800323486328,-37.509586334228516,-37.51114273071289,-37.512672424316406,-37.5141716003418,-37.51564407348633,-37.51708984375,-37.51851272583008,-37.51990509033203,-37.52127456665039,-37.52261734008789,-37.52393341064453,-37.52522277832031,-37.526485443115234,-37.52772521972656,-37.52893829345703,-37.53012466430664,-37.531280517578125,-37.532413482666016,-37.53351974487305,-37.53459548950195,-37.53564453125,-37.53666687011719,-37.537662506103516,-37.53862762451172,-37.53956604003906,-37.54047775268555,-37.541358947753906,-37.54220962524414,-37.543033599853516,-37.54383087158203,-37.54460144042969,-37.54534149169922,-37.546051025390625,-37.54673767089844,-37.547393798828125,-37.54802322387695,-37.54862976074219,-37.5492057800293,-37.54975509643555,-37.5502815246582,-37.550785064697266,-37.55126190185547,-37.55171203613281,-37.55214309692383,-37.55255126953125,-37.55293655395508,-37.55330276489258,-37.553646087646484,-37.55397033691406,-37.55427551269531,-37.554561614990234,-37.554832458496094,-37.555084228515625,-37.555320739746094,-37.555545806884766,-37.55575180053711,-37.555946350097656,-37.55612564086914,-37.55629348754883,-37.55644989013672,-37.55659484863281,-37.55672836303711,-37.556854248046875,-37.556968688964844,-37.55707550048828,-37.55717468261719,-37.55726623535156,-37.557350158691406,-37.557430267333984,-37.557498931884766,-37.55756759643555,-37.5576286315918,-37.557682037353516,-37.557735443115234,-37.55778121948242,-37.557823181152344,-37.557865142822266,-37.557899475097656,-37.55793380737305,-37.55796432495117,-37.55799102783203,-37.558013916015625,-37.558040618896484,-37.55805969238281,-37.55807876586914,-37.55809783935547,-37.55811309814453,-37.558128356933594,-37.55813980102539,-37.55815505981445,-37.55816650390625,-37.55817413330078,-37.55818557739258,-37.55819320678711,-37.55820083618164,-37.55820846557617,-37.5582160949707,-37.55821990966797,-37.5582275390625,-37.558231353759766,-37.55823516845703,-37.55824279785156,-37.55824661254883,-37.558250427246094
-26.987041473388672,-27.115999221801758,-27.243099212646484,-27.370590209960938,-27.498472213745117,-27.62709617614746,-27.75936508178711,-27.896099090576172,-28.036605834960938,-28.182071685791016,-28.33219337463379,-28.48543930053711,-28.64253044128418,-28.80243682861328,-28.964704513549805,-29.130876541137695,-29.300636291503906,-29.476028442382812,-29.657209396362305,-29.844247817993164,-30.036338806152344,-30.231210708618164,-30.42717170715332,-30.621261596679688,-30.81183624267578,-30.996929168701172,-31.1759090423584,-31.3487548828125,-31.515485763549805,-31.677278518676758,-31.834136962890625,-31.986980438232422,-32.13631820678711,-32.282249450683594,-32.4254264831543,-32.56583786010742,-32.70355224609375,-32.83937072753906,-32.97385787963867,-33.10714340209961,-33.23904037475586,-33.368614196777344,-33.494232177734375,-33.61429977416992,-33.72793197631836,-33.83498001098633,-33.93572235107422,-34.03053665161133,-34.11965560913086,-34.20326232910156,-34.28157043457031,-34.35486602783203,-34.42353820800781,-34.48805618286133,-34.54902267456055,-34.60691452026367,-34.661903381347656,-34.71393585205078,-34.76293182373047,-34.79535675048828,-34.9015007019043,-34.95645523071289,-35.0028190612793,-35.06965637207031,-35.13936233520508,-35.19606399536133,-35.24057388305664,-35.28532028198242,-35.33612060546875,-35.38788604736328,-35.43379211425781,-35.47260284423828,-35.50926208496094,-35.54856491088867,-35.58998107910156,-35.62962341308594,-35.66510772705078,-35.69795608520508,-35.7314567565918,-35.76677322387695,-35.80216598510742,-35.83555603027344,-35.86704635620117,-35.89860916137695,-35.931522369384766,-35.96498489379883,-35.99740219116211,-36.028446197509766,-36.05928039550781,-36.090885162353516,-36.12278747558594,-36.15385055541992,-36.183807373046875,-36.213443756103516,-36.243324279785156,-36.27301788330078,-36.30180740356445,-36.329689025878906,-36.35721206665039,-36.38457107543945,-36.41136169433594,-36.43724060058594,-36.46238708496094,-36.487098693847656,-36.51132583618164,-36.534793853759766,-36.55743408203125,-36.579410552978516,-36.6008186340332,-36.62155532836914,-36.64151382446289,-36.66072463989258,-36.679290771484375,-36.69721984863281,-36.714447021484375,-36.7309455871582,-36.746795654296875,-36.76206970214844,-36.77676010131836,-36.79083251953125,-36.804344177246094,-36.76805877685547,-36.840660095214844,-36.85129928588867,-36.849708557128906,-36.87596130371094,-36.91086196899414,-36.93404769897461,-36.942832946777344,-36.95009231567383,-36.965965270996094,-36.98790740966797,-37.00777053833008,-37.02070999145508,-37.02884292602539,-37.038047790527344,-37.051414489746094,-37.06697082519531,-37.08080291748047,-37.09101867675781,-37.099205017089844,-37.10839080810547,-37.11986541748047,-37.13230895996094,-37.14358901977539,-37.15293502807617,-37.1614875793457,-37.170867919921875,-37.18147659301758,-37.192283630371094,-37.202125549316406,-37.21086883544922,-37.219390869140625,-37.228492736816406,-37.238059997558594,-37.24732971191406,-37.255802154541016,-37.26372528076172,-37.2717170715332,-37.28002166748047,-37.288307189941406,-37.296112060546875,-37.30341720581055,-37.31058120727539,-37.31789016723633,-37.32522964477539,-37.33229064941406,-37.33897399902344,-37.3454704284668,-37.35200119018555,-37.358543395996094,-37.36489486694336,-37.37095642089844,-37.37684631347656,-37.38271713256836,-37.38855743408203,-37.394229888916016,-37.39967346191406,-37.40497589111328,-37.41022491455078,-37.4154052734375,-37.4204216003418,-37.42525100708008,-37.42995834350586,-37.434593200683594,-37.43912887573242,-37.44350051879883,-37.44771957397461,-37.45183181762695,-37.45585632324219,-37.45975875854492,-37.46351623535156,-37.46714401245117,-37.47067642211914,-37.47410583496094,-37.4774169921875,-37.48059844970703,-37.483673095703125,-37.48666000366211,-37.489540100097656,-37.4923095703125,-37.49497604370117,-37.497554779052734,-37.50004196166992,-37.502437591552734,-37.50473403930664,-37.50695037841797,-37.50908660888672,-37.511138916015625,-37.51311111450195,-37.5150032043457,-37.51682662963867,-37.51858139038086,-37.520263671875,-37.52187728881836,-37.5234260559082,-37.52492141723633,-37.52635192871094,-37.5277214050293,-37.5290412902832,-37.53030776977539,-37.53152084350586,-37.532684326171875,-37.5338020324707,-37.534873962402344,-37.53590393066406,-37.53689193725586,-37.537837982177734,-37.53874588012695,-37.539615631103516,-37.54045104980469,-37.54125213623047,-37.542022705078125,-37.54275894165039,-37.54346466064453,-37.54414367675781,-37.54479217529297,-37.545413970947266,-37.54601287841797,-37.54658126831055,-37.5471305847168,-37.54765319824219,-37.54815673828125,-37.54863739013672,-37.54909896850586,-37.549537658691406,-37.54996109008789,-37.55036544799805,-37.550750732421875,-37.55112075805664,-37.55147171020508,-37.55181121826172,-37.55213165283203,-37.55244064331055,-37.552734375,-37.553016662597656,-37.55328369140625,-37.55353927612305,-37.55378341674805,-37.55401611328125,-37.554237365722656,-37.554447174072266,-37.554649353027344,-37.55484390258789,-37.555023193359375,-37.555198669433594,-37.555362701416016,-37.55552291870117,-37.55567169189453,-37.55581283569336,-37.55595016479492,-37.55607604980469,-37.55619812011719,-37.55631637573242,-37.556427001953125,-37.5565299987793,-37.5566291809082,-37.556724548339844,-37.55681228637695,-37.5568962097168,-37.556976318359375,-37.55705261230469,-37.557125091552734,-37.557193756103516,-37.55725860595703,-37.55731964111328,-37.557376861572266,-37.557430267333984,-37.55747985839844,-37.55752944946289,-37.55757522583008,-37.557621002197266,-37.55765914916992,-37.55769729614258,-37.557735443115234,-37.557769775390625,-37.557804107666016,-37.55783462524414,-37.557861328125,-37.55788803100586,-37.55791473388672,-37.55793762207031,-37.557960510253906,-37.5579833984375,-37.55800247192383,-37.558021545410156,-37.558040618896484,-37.55805587768555,-37.55807113647461,-37.55808639526367,-37.558101654052734,-37.55811309814453,-37.55812454223633,-37.558135986328125,-37.55814743041992,-37.55815887451172,-37.55816650390625,-37.55817413330078,-37.55818176269531,-37.558189392089844,-37.558197021484375,-37.558204650878906,-37.55821228027344,-37.5582160949707,-37.558223724365234,-37.5582275390625,-37.558231353759766,-37.55823516845703,-37.5582389831543
-26.24830436706543,-26.33563232421875,-26.421911239624023,-26.507925033569336,-26.594257354736328,-26.680625915527344,-26.766681671142578,-26.852275848388672,-26.93752670288086,-27.022829055786133,-27.10870361328125,-27.195568084716797,-27.283567428588867,-27.3725643157959,-27.462209701538086,-27.552045822143555,-27.6416015625,-27.73050880432129,-27.818574905395508,-27.90581512451172,-27.992427825927734,-28.078699111938477,-28.16489601135254,-28.251190185546875,-28.337610244750977,-28.424060821533203,-28.51033592224121,-28.59617805480957,-28.68130874633789,-28.765485763549805,-28.848522186279297,-28.93032455444336,-29.010894775390625,-29.09031867980957,-29.16872215270996,-29.246227264404297,-29.322891235351562,-29.398698806762695,-29.473562240600586,-29.547378540039062,-29.620079040527344,-29.691680908203125,-29.762283325195312,-29.832035064697266,-29.90105628967285,-29.969388961791992,-30.03697395324707,-30.10369300842285,-30.169429779052734,-30.234107971191406,-30.297685623168945,-30.360088348388672,-30.421171188354492,-30.48072052001953,-30.538555145263672,-30.59470558166504,-30.649551391601562,-30.703861236572266,-30.75865936279297,-30.81499481201172,-30.873689651489258,-30.93521499633789,-30.999677658081055,-31.06684684753418,-31.136205673217773,-31.20699691772461,-31.278348922729492,-31.349477767944336,-31.41992950439453,-31.489789962768555,-31.559696197509766,-31.630550384521484,-31.703046798706055,-31.777286529541016,-31.852691650390625,-31.928207397460938,-32.00264358520508,-32.07505798339844,-32.145042419433594,-32.212791442871094,-32.278831481933594,-32.343544006347656,-32.4068603515625,-32.46824645996094,-32.526920318603516,-32.582183837890625,-32.633663177490234,-32.6813850402832,-32.725677490234375,-32.766902923583984,-32.80524444580078,-32.84062194824219,-32.8728141784668,-32.901649475097656,-32.927162170410156,-32.949642181396484,-32.96953201293945,-32.9948844909668,-33.02023696899414,-33.04338073730469,-33.064510345458984,-33.08475112915039,-33.10468292236328,-33.12417984008789,-33.143070220947266,-33.16128158569336,-33.178958892822266,-33.19618225097656,-33.21287155151367,-33.229000091552734,-33.24462127685547,-33.25986099243164,-33.27467727661133,-33.28897476196289,-33.30266571044922,-33.31580352783203,-33.328514099121094,-33.34086608886719,-33.352882385253906,-33.36454772949219,-33.37590408325195,-33.38699722290039,-33.397857666015625,-33.40847396850586,-33.41888427734375,-33.429141998291016,-33.4393310546875,-33.44947814941406,-33.459617614746094,-33.469791412353516,-33.48004913330078,-33.49043273925781,-33.50095748901367,-33.511627197265625,-33.52246856689453,-33.533504486083984,-33.54474639892578,-33.55619430541992,-33.56787109375,-33.57979965209961,-33.591983795166016,-33.60441970825195,-33.61710739135742,-33.63005065917969,-33.643253326416016,-33.656700134277344,-33.67038345336914,-33.684295654296875,-33.69841384887695,-33.712711334228516,-33.727149963378906,-33.741703033447266,-33.756324768066406,-33.77096939086914,-33.785579681396484,-33.80009841918945,-33.8144645690918,-33.82861328125,-33.84248733520508,-33.85602569580078,-33.869178771972656,-33.881893157958984,-33.89412307739258,-33.90583419799805,-33.916996002197266,-33.927589416503906,-33.93760299682617,-33.947025299072266,-33.95586395263672,-33.96412658691406,-33.97182083129883,-33.978965759277344,-33.9855842590332,-33.991695404052734,-33.9973258972168,-34.002498626708984,-34.00723648071289,-34.01156997680664,-34.015525817871094,-34.013797760009766,-34.024192810058594,-34.02766036987305,-34.03010940551758,-34.03501510620117,-34.041099548339844,-34.046016693115234,-34.04926300048828,-34.0523796081543,-34.05657196044922,-34.06160354614258,-34.066688537597656,-34.07134246826172,-34.07568359375,-34.080299377441406,-34.085628509521484,-34.0915412902832,-34.09755325317383,-34.103363037109375,-34.10911178588867,-34.11514663696289,-34.121604919433594,-34.128353118896484,-34.135162353515625,-34.141929626464844,-34.148719787597656,-34.15570831298828,-34.16299057006836,-34.170494079589844,-34.17805099487305,-34.185604095458984,-34.19324493408203,-34.20107650756836,-34.209075927734375,-34.217140197753906,-34.225189208984375,-34.233219146728516,-34.241275787353516,-34.249385833740234,-34.25750732421875,-34.265560150146484,-34.273521423339844,-34.28141403198242,-34.289268493652344,-34.297054290771484,-34.30472183227539,-34.3122444152832,-34.31962966918945,-34.326881408691406,-34.3339958190918,-34.340938568115234,-34.347686767578125,-34.35424041748047,-34.360618591308594,-34.366817474365234,-34.37281799316406,-34.37861633300781,-34.384220123291016,-34.38964080810547,-34.3948860168457,-34.39995574951172,-34.40484619140625,-34.409576416015625,-34.414154052734375,-34.4185905456543,-34.422889709472656,-34.427059173583984,-34.43111038208008,-34.43505859375,-34.438907623291016,-34.44266128540039,-34.446327209472656,-34.449920654296875,-34.45343780517578,-34.456886291503906,-34.460262298583984,-34.46357727050781,-34.46682357788086,-34.47001266479492,-34.4731330871582,-34.47618865966797,-34.479183197021484,-34.48210906982422,-34.48497009277344,-34.487762451171875,-34.490482330322266,-34.49313735961914,-34.49571990966797,-34.498233795166016,-34.500675201416016,-34.503047943115234,-34.50535202026367,-34.50758743286133,-34.5097541809082,-34.51185989379883,-34.51389694213867,-34.515872955322266,-34.517791748046875,-34.519649505615234,-34.52145004272461,-34.523197174072266,-34.5248908996582,-34.52653503417969,-34.52812957763672,-34.5296745300293,-34.53116989135742,-34.532623291015625,-34.53403091430664,-34.535396575927734,-34.53671646118164,-34.53799819946289,-34.53923797607422,-34.540435791015625,-34.54159927368164,-34.542720794677734,-34.54380416870117,-34.54485321044922,-34.54586410522461,-34.546844482421875,-34.547786712646484,-34.54869842529297,-34.54957580566406,-34.55042266845703,-34.551239013671875,-34.55202865600586,-34.55278778076172,-34.55352020263672,-34.554222106933594,-34.554901123046875,-34.55555725097656,-34.55618667602539,-34.556793212890625,-34.557376861572266,-34.55793762207031,-34.558475494384766,-34.558998107910156,-34.55949401855469,-34.559974670410156,-34.5604362487793,-34.56087875366211,-34.56130599975586,-34.56171417236328,-34.56210708618164,-34.56248092651367,-34.562843322753906,-34.56319046020508,-34.56352233886719,-34.563838958740234,-34.564144134521484,-34.56443405151367,-34.56471633911133,-34.56498336791992,-34.56523895263672,-34.56548309326172,-34.56571960449219,-34.56594467163086,-34.566158294677734,-34.56636428833008,-34.56656265258789,-34.566749572753906,-34.56692886352539,-34.567100524902344,-34.567264556884766,-34.567420959472656,-34.567569732666016,-34.567710876464844,-34.567848205566406,-34.56797790527344,-34.56809997558594,-34.56821823120117,-34.56833267211914,-34.56843948364258,-34.568538665771484,-34.56863784790039,-34.568729400634766,-34.568817138671875,-34.56890106201172,-34.5689811706543,-34.56905746459961,-34.569129943847656,-34.56919860839844,-34.56926727294922,-34.56932830810547,-34.56938934326172,-34.56944274902344,-34.569496154785156,-34.569549560546875,-34.56959915161133,-34.569644927978516,-34.56968688964844,-34.56972885131836,-34.56977081298828,-34.56980514526367,-34.56984329223633,-34.56987762451172,-34.569908142089844,-34.56993865966797,-34.569969177246094,-34.56999588012695,-34.57002258300781,-34.57004928588867,-34.570072174072266,-34.57009506225586,-34.57011795043945,-34.57013702392578,-34.57015609741211,-34.57017517089844,-34.570194244384766,-34.57020950317383,-34.570228576660156,-34.57024383544922,-34.57025909423828,-34.57027053833008,-34.57028579711914,-34.57029724121094,-34.5703125,-34.5703239440918,-34.570335388183594,-34.57034683227539,-34.57035446166992,-34.57036590576172,-34.570377349853516,-34.57038497924805,-34.570396423339844,-34.570404052734375,-34.570411682128906,-34.57041931152344,-34.57042694091797,-34.5704345703125,-34.57044219970703,-34.57044982910156,-34.570457458496094,-34.570465087890625,-34.570472717285156,-34.57048034667969,-34.57048416137695,-34.570491790771484,-34.570499420166016,-34.57050323486328,-34.57051086425781,-34.570518493652344,-34.57052230834961,-34.57052993774414,-34.570533752441406,-34.57054138183594,-34.57054901123047,-34.570552825927734,-34.570560455322266,-34.57056427001953,-34.57057189941406,-34.57057571411133,-34.57058334350586,-34.570587158203125,-34.570594787597656,-34.57059860229492
-27.040861129760742,-27.211240768432617,-27.36316680908203,-27.501256942749023,-27.632333755493164,-27.76339340209961,-27.896699905395508,-28.030805587768555,-28.163589477539062,-28.293405532836914,-28.419052124023438,-28.54022789001465,-28.658641815185547,-28.778751373291016,-28.906944274902344,-29.049440383911133,-29.210521697998047,-29.391931533813477,-29.592893600463867,-29.810155868530273,-30.03825569152832,-30.270292282104492,-30.499326705932617,-30.720399856567383,-30.93278694152832,-31.140901565551758,-31.351919174194336,-31.57069206237793,-31.79596519470215,-32.02043151855469,-32.23381805419922,-32.42719650268555,-32.59693908691406,-32.746131896972656,-32.88172149658203,-33.00905227661133,-33.1285514831543,-33.236724853515625,-33.329654693603516,-33.406471252441406,-33.47084426879883,-33.52919006347656,-33.586605072021484,-33.64413070678711,-33.69931411743164,-33.748966217041016,-33.791893005371094,-33.859439849853516,-33.961856842041016,-34.028629302978516,-34.07763671875,-34.133968353271484,-34.191707611083984,-34.24195861816406,-34.285614013671875,-34.3303108215332,-34.378475189208984,-34.425872802734375,-34.46861267089844,-34.507774353027344,-34.54742431640625,-34.58903121948242,-34.63035583496094,-34.66880416870117,-34.70438766479492,-34.739097595214844,-34.77394485473633,-34.80787658691406,-34.83955764770508,-34.86913299560547,-34.898033142089844,-34.92713165283203,-34.95594787597656,-34.98365020751953,-35.01027297973633,-35.03659439086914,-35.06298065185547,-35.08898162841797,-35.11410140991211,-35.138553619384766,-35.162925720214844,-35.18738555908203,-35.21158218383789,-35.23529815673828,-35.25875473022461,-35.282230377197266,-35.305641174316406,-35.32875442504883,-35.35157012939453,-35.37429428100586,-35.396995544433594,-35.4195556640625,-35.44190979003906,-35.46414566040039,-35.48630905151367,-35.50831604003906,-35.53009796142578,-35.55168914794922,-35.57313919067383,-35.594444274902344,-35.615596771240234,-35.63661575317383,-35.65748977661133,-35.67817306518555,-35.69864273071289,-35.71890640258789,-35.73894119262695,-35.75872802734375,-35.77829360961914,-35.797672271728516,-35.81684112548828,-35.835777282714844,-35.85449981689453,-35.87302017211914,-35.89129638671875,-35.90931701660156,-35.927101135253906,-35.94465637207031,-35.96194839477539,-35.97896957397461,-35.99573516845703,-36.01224136352539,-36.02846908569336,-36.044403076171875,-36.060054779052734,-36.07540512084961,-36.09044647216797,-36.10517501831055,-36.119590759277344,-36.13369369506836,-36.1474723815918,-36.160926818847656,-36.174049377441406,-36.18684005737305,-36.19929504394531,-36.2114143371582,-36.22319412231445,-36.18870544433594,-36.25373840332031,-36.26179885864258,-36.2581672668457,-36.27992248535156,-36.310123443603516,-36.33046340942383,-36.33794021606445,-36.343833923339844,-36.357818603515625,-36.37813949584961,-36.397422790527344,-36.410789489746094,-36.419647216796875,-36.42931365966797,-36.4429931640625,-36.45918655395508,-36.474205017089844,-36.48594284057617,-36.49555969238281,-36.505924224853516,-36.518497467041016,-36.532203674316406,-36.54491424560547,-36.55570983886719,-36.565608978271484,-36.57627487182617,-36.58821487426758,-36.6004753112793,-36.61185073852539,-36.622196197509766,-36.63241958618164,-36.643367767333984,-36.65492248535156,-36.66630935668945,-36.67704391479492,-36.68742370605469,-36.69808578491211,-36.7092170715332,-36.72043991088867,-36.731327056884766,-36.74190902709961,-36.7525749206543,-36.763545989990234,-36.77466583251953,-36.78565216064453,-36.79645919799805,-36.807315826416016,-36.81839370727539,-36.829612731933594,-36.84080123901367,-36.8519287109375,-36.86312484741211,-36.87449645996094,-36.885990142822266,-36.897499084472656,-36.909000396728516,-36.920570373535156,-36.932247161865234,-36.94398498535156,-36.95570755004883,-36.9674072265625,-36.97911071777344,-36.990821838378906,-37.00248336791992,-37.014041900634766,-37.02549362182617,-37.036834716796875,-37.04804229736328,-37.05906677246094,-37.06987380981445,-37.08045196533203,-37.09078598022461,-37.1008415222168,-37.11058044433594,-37.1199836730957,-37.12904357910156,-37.13773727416992,-37.14604187011719,-37.1539421081543,-37.16143035888672,-37.16851043701172,-37.175167083740234,-37.181392669677734,-37.18720245361328,-37.19260025024414,-37.19759750366211,-37.20219421386719,-37.2064094543457,-37.210269927978516,-37.213783264160156,-37.216976165771484,-37.2198600769043,-37.22246551513672,-37.22481918334961,-37.22693634033203,-37.22883605957031,-37.23054885864258,-37.23209762573242,-37.233497619628906,-37.234764099121094,-37.235923767089844,-37.23699188232422,-37.237979888916016,-37.23889923095703,-37.23976516723633,-37.2405891418457,-37.24137496948242,-37.242130279541016,-37.242862701416016,-37.24357604980469,-37.2442741394043,-37.24496078491211,-37.24563217163086,-37.24629211425781,-37.246944427490234,-37.247581481933594,-37.24821090698242,-37.24882507324219,-37.24943161010742,-37.25001907348633,-37.25059509277344,-37.251155853271484,-37.25170135498047,-37.25223159790039,-37.252742767333984,-37.253238677978516,-37.25371551513672,-37.25417709350586,-37.25461959838867,-37.25504684448242,-37.25545883178711,-37.255855560302734,-37.25623321533203,-37.25659942626953,-37.2569465637207,-37.25728225708008,-37.257606506347656,-37.25791549682617,-37.25821304321289,-37.25849914550781,-37.25877380371094,-37.259037017822266,-37.25929260253906,-37.25953674316406,-37.259769439697266,-37.2599983215332,-37.260215759277344,-37.26042556762695,-37.26062774658203,-37.26082229614258,-37.261009216308594,-37.26118850708008,-37.26136016845703,-37.26152801513672,-37.261688232421875,-37.261844635009766,-37.261993408203125,-37.26213836669922,-37.26227569580078,-37.26240921020508,-37.26253890991211,-37.26266098022461,-37.262779235839844,-37.26289367675781,-37.263004302978516,-37.26311111450195,-37.263214111328125,-37.263309478759766,-37.263404846191406,-37.26349639892578,-37.26358413696289,-37.263668060302734,-37.26374816894531,-37.263824462890625,-37.26390075683594,-37.263973236083984,-37.264041900634766,-37.26410675048828,-37.2641716003418,-37.26423263549805,-37.26428985595703,-37.264347076416016,-37.264400482177734,-37.26445388793945,-37.264503479003906,-37.26455307006836,-37.26459884643555,-37.264644622802734,-37.264686584472656,-37.26472854614258,-37.2647705078125,-37.264808654785156,-37.26484298706055,-37.2648811340332,-37.26491165161133,-37.26494598388672,-37.264976501464844,-37.26500701904297,-37.265037536621094,-37.26506423950195,-37.26509094238281,-37.26511764526367,-37.265140533447266,-37.265167236328125,-37.26519012451172,-37.26520919799805,-37.26523208618164,-37.26525115966797,-37.2652702331543,-37.265289306640625,-37.26530838012695,-37.26532745361328,-37.265342712402344,-37.265357971191406,-37.265377044677734,-37.26538848876953,-37.265403747558594,-37.265419006347656,-37.26543045043945,-37.265445709228516,-37.26545715332031,-37.26546859741211,-37.265480041503906,-37.2654914855957,-37.2655029296875,-37.26551055908203,-37.26552200317383,-37.26552963256836,-37.265541076660156,-37.26554870605469,-37.26555633544922,-37.26556396484375,-37.26557159423828,-37.26557922363281,-37.265586853027344,-37.265594482421875,-37.265602111816406,-37.26560974121094,-37.2656135559082,-37.265621185302734,-37.265625,-37.26563262939453,-37.2656364440918,-37.26564025878906,-37.265647888183594,-37.26565170288086
-26.553508758544922,-26.7106990814209,-26.87275505065918,-27.037324905395508,-27.203062057495117,-27.372417449951172,-27.548669815063477,-27.732803344726562,-27.92458152770996,-28.122943878173828,-28.32635498046875,-28.532310485839844,-28.737340927124023,-28.93802833557129,-29.13348388671875,-29.32718849182129,-29.5229549407959,-29.720977783203125,-29.919567108154297,-30.116239547729492,-30.307462692260742,-30.49022674560547,-30.66383171081543,-30.82964515686035,-30.98795509338379,-31.136146545410156,-31.27078628540039,-31.3912353515625,-31.501073837280273,-31.604496002197266,-31.702274322509766,-31.792633056640625,-31.875064849853516,-31.95237159729004,-32.02779006958008,-32.10160446166992,-32.172454833984375,-32.24051284790039,-32.30800247192383,-32.37605667114258,-32.44303512573242,-32.50713348388672,-32.59245300292969,-32.691246032714844,-32.76374053955078,-32.835758209228516,-32.909461975097656,-32.977989196777344,-33.04268264770508,-33.11128234863281,-33.184417724609375,-33.25688934326172,-33.326263427734375,-33.39519500732422,-33.465946197509766,-33.537017822265625,-33.60665512084961,-33.6764030456543,-33.74896240234375,-33.82400894165039,-33.89931869506836,-33.97452926635742,-34.05108642578125,-34.12871170043945,-34.205528259277344,-34.28125762939453,-34.35731887817383,-34.433677673339844,-34.508888244628906,-34.582881927490234,-34.65644836425781,-34.728797912597656,-34.798851013183594,-34.86723327636719,-34.934478759765625,-34.99985122680664,-35.06338119506836,-35.12578201293945,-35.18656539916992,-35.245216369628906,-35.302330017089844,-35.357940673828125,-35.411739349365234,-35.46434020996094,-35.51597213745117,-35.56624221801758,-35.61539077758789,-35.66343307495117,-35.709964752197266,-35.75520324707031,-35.799224853515625,-35.84181213378906,-35.88322067260742,-35.923484802246094,-35.962486267089844,-36.00046920776367,-36.03738021850586,-36.07316970825195,-36.10799026489258,-36.1417121887207,-36.174339294433594,-36.20592498779297,-36.23633575439453,-36.26564407348633,-36.29385757446289,-36.32094955444336,-36.34703826904297,-36.372100830078125,-36.396175384521484,-36.419315338134766,-36.39137649536133,-36.47177505493164,-36.48955535888672,-36.4945068359375,-36.52720642089844,-36.56874084472656,-36.59883117675781,-36.6143913269043,-36.62788391113281,-36.64970016479492,-36.67784881591797,-36.70444869995117,-36.72443771362305,-36.73940658569336,-36.75492858886719,-36.774314880371094,-36.79601287841797,-36.81621170043945,-36.83271789550781,-36.846702575683594,-36.86106491088867,-36.877342224121094,-36.894500732421875,-36.910423278808594,-36.9240837097168,-36.93638610839844,-36.9489631652832,-36.96245574951172,-36.97604751586914,-36.988548278808594,-36.999637603759766,-37.01005935668945,-37.02069854736328,-37.03165054321289,-37.04227066040039,-37.05197525024414,-37.060855865478516,-37.06947708129883,-37.078208923339844,-37.086875915527344,-37.09504699707031,-37.10256576538086,-37.109683990478516,-37.116729736328125,-37.123722076416016,-37.13042068481445,-37.13664627075195,-37.14248275756836,-37.148155212402344,-37.15373611450195,-37.15909194946289,-37.16408920288086,-37.16876220703125,-37.173248291015625,-37.177616119384766,-37.18178939819336,-37.18568801879883,-37.18932342529297,-37.19279098510742,-37.196144104003906,-37.199337005615234,-37.20231246948242,-37.20509338378906,-37.207740783691406,-37.210289001464844,-37.21269607543945,-37.21493911743164,-37.217041015625,-37.21903991699219,-37.220951080322266,-37.22274398803711,-37.22441101074219,-37.22597885131836,-37.22746658325195,-37.2288818359375,-37.23020553588867,-37.2314453125,-37.23262023925781,-37.233741760253906,-37.23480224609375,-37.235801696777344,-37.23674774169922,-37.23765182495117,-37.23851776123047,-37.239341735839844,-37.24011993408203,-37.240867614746094,-37.2415885925293,-37.242279052734375,-37.24293899536133,-37.24357604980469,-37.24419021606445,-37.244789123535156,-37.245361328125,-37.24591827392578,-37.2464599609375,-37.24699020385742,-37.24750518798828,-37.24800491333008,-37.248497009277344,-37.24897384643555,-37.249446868896484,-37.24990463256836,-37.25035858154297,-37.25080108642578,-37.25123596191406,-37.25166320800781,-37.2520866394043,-37.252498626708984,-37.252906799316406,-37.2533073425293,-37.25370407104492,-37.25408935546875,-37.25447082519531,-37.25484848022461,-37.25521469116211,-37.255577087402344,-37.25593566894531,-37.256282806396484,-37.25662612915039,-37.256961822509766,-37.25728988647461,-37.25761032104492,-37.2579231262207,-37.25822830200195,-37.25852966308594,-37.258819580078125,-37.25910568237305,-37.25938034057617,-37.25965118408203,-37.259910583496094,-37.260162353515625,-37.26041030883789,-37.26064682006836,-37.26087951660156,-37.26110076904297,-37.261314392089844,-37.26152038574219,-37.261722564697266,-37.26191329956055,-37.26210021972656,-37.26227569580078,-37.262447357177734,-37.262611389160156,-37.26276779174805,-37.26292037963867,-37.263065338134766,-37.26320266723633,-37.26333236694336,-37.263458251953125,-37.263580322265625,-37.263694763183594,-37.26380157470703,-37.2639045715332,-37.26400375366211,-37.26409912109375,-37.26418685913086,-37.26427459716797,-37.26435470581055,-37.26443099975586,-37.264503479003906,-37.26457214355469,-37.2646369934082,-37.26469802856445,-37.2647590637207,-37.26481246948242,-37.26486587524414,-37.264915466308594,-37.26496124267578,-37.26500701904297,-37.26504898071289,-37.26509094238281,-37.26512908935547,-37.26516342163086,-37.26519775390625,-37.265228271484375,-37.2652587890625,-37.265289306640625,-37.265316009521484,-37.265342712402344,-37.26536560058594,-37.26538848876953,-37.265411376953125,-37.26543045043945,-37.26544952392578,-37.26546859741211,-37.26548767089844,-37.2655029296875,-37.26551818847656,-37.265533447265625,-37.26554489135742,-37.265560150146484,-37.26557159423828,-37.26558303833008,-37.265594482421875,-37.26560592651367,-37.2656135559082,-37.265625,-37.26563262939453,-37.26564025878906,-37.265647888183594,-37.265655517578125,-37.265663146972656,-37.26567077636719,-37.26567459106445,-37.265682220458984,-37.26568603515625,-37.265689849853516,-37.26569747924805,-37.26570129394531,-37.26570510864258
-27.684946060180664,-27.86588478088379,-28.044105529785156,-28.21991539001465,-28.395301818847656,-28.57233238220215,-28.75128746032715,-28.931568145751953,-29.112369537353516,-29.292856216430664,-29.472126007080078,-29.649179458618164,-29.822925567626953,-29.992158889770508,-30.15557861328125,-30.31180763244629,-30.459537506103516,-30.597576141357422,-30.72494125366211,-30.841222763061523,-30.94672203063965,-31.042327880859375,-31.129549026489258,-31.2103271484375,-31.28664207458496,-31.36042022705078,-31.43326187133789,-31.50623893737793,-31.57996368408203,-31.654579162597656,-31.729829788208008,-31.805248260498047,-31.88024139404297,-31.954160690307617,-32.02640914916992,-32.09646987915039,-32.16389846801758,-32.22836685180664,-32.2896842956543,-32.347801208496094,-32.40279006958008,-32.45484924316406,-32.504249572753906,-32.551292419433594,-32.59625244140625,-32.63934326171875,-32.706703186035156,-32.76614761352539,-32.82247543334961,-32.87763595581055,-32.930633544921875,-32.980628967285156,-33.02755355834961,-33.07193374633789,-33.11427688598633,-33.15467071533203,-33.19293975830078,-33.22901916503906,-33.26319122314453,-33.29598617553711,-33.32791519165039,-33.359214782714844,-33.38990783691406,-33.41994857788086,-33.44936752319336,-33.47829818725586,-33.50687789916992,-33.53517150878906,-33.56313705444336,-33.59071731567383,-33.61787414550781,-33.64464569091797,-33.67108917236328,-33.697227478027344,-33.7230339050293,-33.748451232910156,-33.7734375,-33.797996520996094,-33.8221435546875,-33.845863342285156,-33.869117736816406,-33.8918342590332,-33.91394805908203,-33.93541717529297,-33.95621109008789,-33.97630310058594,-33.99564743041992,-34.01419448852539,-34.03190612792969,-34.048744201660156,-34.06468200683594,-34.079689025878906,-34.09375,-34.106842041015625,-34.11897659301758,-34.13017654418945,-34.14048385620117,-34.149940490722656,-34.163822174072266,-34.1833381652832,-34.19865417480469,-34.211936950683594,-34.22643280029297,-34.24077606201172,-34.253726959228516,-34.26549530029297,-34.27703857421875,-34.28883743286133,-34.30080032348633,-34.31265640258789,-34.32423400878906,-34.335628509521484,-34.34709548950195,-34.35873794555664,-34.370391845703125,-34.38186264038086,-34.393131256103516,-34.40431594848633,-34.41551208496094,-34.42670822143555,-34.43788146972656,-34.44902420043945,-34.460166931152344,-34.471343994140625,-34.482608795166016,-34.493961334228516,-34.505348205566406,-34.5167350769043,-34.52812576293945,-34.53955078125,-34.5510139465332,-34.562496185302734,-34.57396697998047,-34.58541488647461,-34.59684753417969,-34.608280181884766,-34.619720458984375,-34.63114547729492,-34.64252853393555,-34.65386962890625,-34.6651725769043,-34.67643737792969,-34.6876335144043,-34.69873046875,-34.70970153808594,-34.720523834228516,-34.731170654296875,-34.74159622192383,-34.75176239013672,-34.76164245605469,-34.77122116088867,-34.78049087524414,-34.78946304321289,-34.79815673828125,-34.806610107421875,-34.81486892700195,-34.822975158691406,-34.83095932006836,-34.83882522583008,-34.84657669067383,-34.85419464111328,-34.86166763305664,-34.86897277832031,-34.8760986328125,-34.88304138183594,-34.889801025390625,-34.896392822265625,-34.90282440185547,-34.90911865234375,-34.915283203125,-34.921329498291016,-34.92726516723633,-34.93309020996094,-34.93879699707031,-34.94438171386719,-34.94983673095703,-34.95515823364258,-34.9603385925293,-34.96538162231445,-34.97028350830078,-34.97505569458008,-34.979698181152344,-34.98421859741211,-34.98862838745117,-34.99292755126953,-34.99711990356445,-35.0012092590332,-35.005191802978516,-35.009071350097656,-35.012847900390625,-35.01652145385742,-35.020103454589844,-35.02358627319336,-35.02698516845703,-35.03029251098633,-35.03351974487305,-35.03667068481445,-35.039737701416016,-35.042728424072266,-35.04564666748047,-35.048484802246094,-35.051246643066406,-35.05393600463867,-35.05655288696289,-35.05909729003906,-35.06157302856445,-35.0639762878418,-35.06631851196289,-35.0685920715332,-35.07080078125,-35.07294845581055,-35.075035095214844,-35.07706069946289,-35.07902908325195,-35.08094024658203,-35.082794189453125,-35.0845947265625,-35.08633804321289,-35.08803176879883,-35.08967590332031,-35.091270446777344,-35.09281539916992,-35.09431457519531,-35.095767974853516,-35.09717559814453,-35.098541259765625,-35.0998649597168,-35.10114288330078,-35.10238265991211,-35.10358428955078,-35.10474395751953,-35.10586929321289,-35.10696029663086,-35.10801315307617,-35.109031677246094,-35.11001968383789,-35.1109733581543,-35.11189651489258,-35.112789154052734,-35.113651275634766,-35.11448669433594,-35.115291595458984,-35.11607360839844,-35.11682891845703,-35.117557525634766,-35.118263244628906,-35.11894226074219,-35.11960220336914,-35.1202392578125,-35.120853424072266,-35.12144470214844,-35.12202072143555,-35.12257385253906,-35.123111724853516,-35.12363052368164,-35.12413024902344,-35.124610900878906,-35.12508010864258,-35.12553024291992,-35.12596893310547,-35.12638854980469,-35.12679672241211,-35.12718963623047,-35.12757110595703,-35.1279411315918,-35.1282958984375,-35.128639221191406,-35.12897491455078,-35.129295349121094,-35.129608154296875,-35.12990951538086,-35.13020324707031,-35.13048553466797,-35.130760192871094,-35.13102340698242,-35.13127899169922,-35.13153076171875,-35.131771087646484,-35.13200378417969,-35.132232666015625,-35.13245391845703,-35.132667541503906,-35.13287353515625,-35.13307571411133,-35.133270263671875,-35.133460998535156,-35.13364791870117,-35.133827209472656,-35.134002685546875,-35.13417434692383,-35.13433837890625,-35.13450241088867,-35.13465881347656,-35.13481521606445,-35.13496398925781,-35.135108947753906,-35.13525390625,-35.13539505004883,-35.13553237915039,-35.13566589355469,-35.13579559326172,-35.13592529296875,-35.136051177978516,-35.136173248291016,-35.136295318603516,-35.13641357421875,-35.136531829833984,-35.13664627075195,-35.136756896972656,-35.13686752319336,-35.1369743347168,-35.137081146240234,-35.13718795776367,-35.137290954589844,-35.137393951416016,-35.13749313354492,-35.13759231567383,-35.137691497802734,-35.137786865234375,-35.137882232666016,-35.137977600097656,-35.13806915283203,-35.138160705566406,-35.13825225830078,-35.13833999633789,-35.138431549072266,-35.138519287109375,-35.13860321044922,-35.13869094848633,-35.13877487182617,-35.138858795166016,-35.13894271850586,-35.1390266418457,-35.13910675048828,-35.13918685913086,-35.13926696777344,-35.139347076416016,-35.139427185058594,-35.139503479003906,-35.139583587646484,-35.1396598815918,-35.13973617553711,-35.13981246948242,-35.139888763427734,-35.13996124267578,-35.140037536621094,-35.14011001586914,-35.14018249511719,-35.140254974365234,-35.14032745361328,-35.14039611816406,-35.14046859741211,-35.14053726196289,-35.14060974121094,-35.14067840576172,-35.1407470703125,-35.14081573486328,-35.1408805847168,-35.14094924926758,-35.141014099121094,-35.141082763671875,-35.14114761352539,-35.141212463378906,-35.14127731323242,-35.14134216308594,-35.14140701293945,-35.1414680480957,-35.14153289794922,-35.14159393310547,-35.14165496826172,-35.14171600341797,-35.14177703857422,-35.14183807373047,-35.14189910888672,-35.1419563293457,-35.14201736450195,-35.14207458496094,-35.14213180541992,-35.142189025878906,-35.14224624633789,-35.142303466796875,-35.142356872558594,-35.14241409301758,-35.1424674987793,-35.14252471923828,-35.142578125,-35.14263153076172,-35.14268493652344,-35.142738342285156,-35.14278793334961,-35.14284133911133,-35.14289093017578,-35.142940521240234,-35.14299011230469,-35.14303970336914,-35.143089294433594,-35.14313888549805,-35.1431884765625,-35.14323425292969,-35.143280029296875,-35.14332962036133,-35.143375396728516,-35.1434211730957,-35.14346694946289,-35.14350891113281,-35.1435546875,-35.14359664916992,-35.14364242553711,-35.14368438720703,-35.14372634887695,-35.143768310546875,-35.1438102722168,-35.14385223388672,-35.143890380859375,-35.1439323425293,-35.14397048950195,-35.14400863647461,-35.144046783447266,-35.14408493041992,-35.14412307739258,-35.144161224365234,-35.14419937133789,-35.14423370361328,-35.14427185058594,-35.14430618286133,-35.14434051513672,-35.14437484741211,-35.1444091796875,-35.14444351196289,-35.14447784423828,-35.144508361816406,-35.1445426940918,-35.14457321166992,-35.14460372924805,-35.14463424682617,-35.1446647644043,-35.14469528198242,-35.14472579956055,-35.14475631713867,-35.14478302001953,-35.144813537597656,-35.144840240478516,-35.14487075805664,-35.1448974609375,-35.14492416381836,-35.14495086669922,-35.14497756958008,-35.14500427246094,-35.14502716064453,-35.14505386352539,-35.145076751708984,-35.145103454589844,-35.14512634277344,-35.14514923095703,-35.145172119140625,-35.14519500732422,-35.14521789550781,-35.145240783691406,-35.145263671875,-35.145286560058594,-35.14530563354492,-35.145328521728516,-35.145347595214844,-35.14536666870117,-35.145389556884766,-35.145408630371094,-35.14542770385742,-35.14544677734375,-35.14546585083008,-35.145484924316406,-35.14550018310547,-35.1455192565918,-35.145538330078125,-35.14555358886719,-35.145572662353516,-35.14558792114258,-35.14560317993164,-35.14562225341797,-35.14563751220703,-35.145652770996094,-35.145668029785156,-35.14568328857422,-35.14569854736328,-35.145713806152344,-35.14572525024414,-35.1457405090332,-35.145755767822266,-35.14576721191406,-35.145782470703125,-35.14579391479492,-35.145809173583984,-35.14582061767578,-35.14583206176758,-35.145843505859375,-35.14585876464844,-35.145870208740234,-35.14588165283203,-35.14589309692383,-35.145904541015625,-35.145912170410156,-35.14592361450195,-35.14593505859375,-35.14594650268555,-35.14595413208008,-35.145965576171875,-35.14597702026367,-35.1459846496582,-35.14599609375,-35.14600372314453,-35.14601516723633,-35.14602279663086,-35.14603042602539,-35.14603805541992,-35.14604949951172,-35.14605712890625,-35.14606475830078,-35.14607238769531,-35.146080017089844,-35.146087646484375,-35.146095275878906,-35.14610290527344,-35.14611053466797,-35.1461181640625,-35.14612579345703,-35.14613342285156,-35.14613723754883,-35.14614486694336,-35.14615249633789,-35.146156311035156,-35.14616394042969,-35.14617156982422,-35.146175384521484,-35.146183013916016,-35.14618682861328,-35.14619445800781,-35.14619827270508,-35.14620590209961,-35.146209716796875,-35.14621353149414
-25.78852653503418,-25.877140045166016,-25.963150024414062,-26.045780181884766,-26.125988006591797,-26.205242156982422,-26.28502082824707,-26.366153717041016,-26.448726654052734,-26.532636642456055,-26.617984771728516,-26.705032348632812,-26.79405975341797,-26.88538360595703,-26.97933578491211,-27.076200485229492,-27.176172256469727,-27.279314041137695,-27.385574340820312,-27.49481201171875,-27.606834411621094,-27.721426010131836,-27.838367462158203,-27.957456588745117,-28.078536987304688,-28.201496124267578,-28.32622718811035,-28.45256805419922,-28.580251693725586,-28.708904266357422,-28.838151931762695,-28.967866897583008,-29.098363876342773,-29.23042869567871,-29.36507797241211,-29.503246307373047,-29.64559555053711,-29.792465209960938,-29.943796157836914,-30.09914207458496,-30.25792694091797,-30.419694900512695,-30.584383010864258,-30.752477645874023,-30.924638748168945,-31.101177215576172,-31.281845092773438,-31.46599006652832,-31.653318405151367,-31.843639373779297,-32.03519821166992,-32.22494125366211,-32.40997314453125,-32.58736038208008,-32.7536506652832,-32.90747833251953,-33.049015045166016,-33.17681884765625,-33.29032516479492,-33.39210510253906,-33.48386764526367,-33.56673049926758,-33.64286804199219,-33.71268081665039,-33.77693176269531,-33.83615493774414,-33.8897819519043,-33.93865203857422,-33.98236846923828,-34.0212516784668,-34.05632019042969,-34.08784484863281,-34.12391662597656,-34.21849060058594,-34.26918411254883,-34.31166076660156,-34.36825942993164,-34.42559051513672,-34.47184371948242,-34.50860595703125,-34.546051025390625,-34.58845901489258,-34.6318244934082,-34.670745849609375,-34.70396423339844,-34.734920501708984,-34.76702880859375,-34.79994201660156,-34.83095932006836,-34.85844421386719,-34.8835563659668,-34.90866470336914,-34.93447494506836,-34.95952606201172,-34.982181549072266,-35.002532958984375,-35.02205276489258,-35.0416145324707,-35.060546875,-35.077762603759766,-35.09328079223633,-35.1081428527832,-35.123043060302734,-35.13761901855469,-35.15126419067383,-35.16410446166992,-35.17677307128906,-35.16206741333008,-35.21540451049805,-35.2294807434082,-35.236244201660156,-35.26213455200195,-35.29206466674805,-35.31264877319336,-35.325782775878906,-35.34245300292969,-35.366363525390625,-35.39230728149414,-35.41474151611328,-35.433712005615234,-35.45381164550781,-35.47786331176758,-35.50412368774414,-35.529296875,-35.55243682861328,-35.57562255859375,-35.6009521484375,-35.62800216674805,-35.654788970947266,-35.68034744262695,-35.70570755004883,-35.73225021362305,-35.75984573364258,-35.78721237182617,-35.81365966796875,-35.83982849121094,-35.866573333740234,-35.89369583129883,-35.9202766418457,-35.945945739746094,-35.97119903564453,-35.99650192260742,-36.021541595458984,-36.04571533203125,-36.068931579589844,-36.09158706665039,-36.11383056640625,-36.13534927368164,-36.15586853027344,-36.17550277709961,-36.19450378417969,-36.21284103393555,-36.23033905029297,-36.24698257446289,-36.2629280090332,-36.27827453613281,-36.292999267578125,-36.307106018066406,-36.3206901550293,-36.333858489990234,-36.34667205810547,-36.359188079833984,-36.37147903442383,-36.38361740112305,-36.395668029785156,-36.40769958496094,-36.41977310180664,-36.43191146850586,-36.44415283203125,-36.45654296875,-36.4691047668457,-36.48182678222656,-36.49471664428711,-36.50779342651367,-36.521060943603516,-36.53451156616211,-36.54814529418945,-36.56201171875,-36.57611846923828,-36.59046936035156,-36.60508728027344,-36.62000274658203,-36.63522720336914,-36.6507568359375,-36.666629791259766,-36.682884216308594,-36.69953536987305,-36.71659851074219,-36.734100341796875,-36.752044677734375,-36.77041244506836,-36.7891731262207,-36.80828857421875,-36.82769775390625,-36.847320556640625,-36.8670768737793,-36.886863708496094,-36.90657424926758,-36.926090240478516,-36.94529342651367,-36.96406936645508,-36.98229217529297,-36.99985122680664,-37.01665496826172,-37.0326042175293,-37.04763412475586,-37.06168746948242,-37.074737548828125,-37.08677673339844,-37.09782409667969,-37.10792922973633,-37.11714553833008,-37.12555694580078,-37.13324737548828,-37.14030456542969,-37.14681625366211,-37.15286636352539,-37.15851974487305,-37.16383361816406,-37.16884994506836,-37.17359924316406,-37.17810821533203,-37.1823844909668,-37.186439514160156,-37.190277099609375,-37.19389343261719,-37.197296142578125,-37.20048522949219,-37.203468322753906,-37.20624542236328,-37.20882797241211,-37.21122360229492,-37.21345138549805,-37.215518951416016,-37.21744155883789,-37.2192268371582,-37.220890045166016,-37.22244644165039,-37.22390365600586,-37.22527313232422,-37.226566314697266,-37.2277946472168,-37.228965759277344,-37.23008728027344,-37.231163024902344,-37.232200622558594,-37.23320388793945,-37.23417282104492,-37.23511505126953,-37.236026763916016,-37.23691177368164,-37.23777389526367,-37.238609313964844,-37.23942184448242,-37.240211486816406,-37.2409782409668,-37.241722106933594,-37.24244689941406,-37.24314880371094,-37.24383544921875,-37.244503021240234,-37.245155334472656,-37.24578857421875,-37.24640655517578,-37.24700927734375,-37.247596740722656,-37.2481689453125,-37.248722076416016,-37.249263763427734,-37.24979019165039,-37.250301361083984,-37.250797271728516,-37.25128173828125,-37.251747131347656,-37.25220489501953,-37.25264358520508,-37.25307083129883,-37.25348663330078,-37.25389099121094,-37.25428009033203,-37.254661560058594,-37.255027770996094,-37.2553825378418,-37.25572967529297,-37.256065368652344,-37.25638961791992,-37.2567024230957,-37.25700378417969,-37.25729751586914,-37.25758361816406,-37.25785827636719,-37.25812530517578,-37.25838088989258,-37.25863265991211,-37.258872985839844,-37.25910568237305,-37.25933074951172,-37.25954818725586,-37.25975799560547,-37.25996017456055,-37.26015853881836,-37.260345458984375,-37.260528564453125,-37.26070785522461,-37.26087951660156,-37.261043548583984,-37.26120376586914,-37.26136016845703,-37.26150894165039,-37.261653900146484,-37.26179122924805,-37.261924743652344,-37.262054443359375,-37.26218032836914,-37.26230239868164,-37.26241683959961,-37.26253128051758,-37.262638092041016,-37.26274490356445,-37.26284408569336,-37.262943267822266,-37.26303482055664,-37.263126373291016,-37.263214111328125,-37.26329803466797,-37.26337814331055,-37.263458251953125,-37.26353454589844,-37.263607025146484,-37.263675689697266,-37.26374435424805,-37.26380920410156,-37.26387405395508,-37.26393127441406,-37.26399230957031,-37.26404571533203,-37.26409912109375,-37.26415252685547,-37.26420211791992,-37.264251708984375,-37.26429748535156,-37.26434326171875,-37.26438522338867,-37.264427185058594,-37.26446533203125,-37.264503479003906,-37.26454162597656,-37.26457595825195,-37.264610290527344,-37.264644622802734,-37.26467514038086,-37.264705657958984,-37.26473617553711,-37.264766693115234,-37.264793395996094,-37.26482009887695,-37.26484298706055,-37.264869689941406,-37.264892578125,-37.264915466308594,-37.26493453979492,-37.264957427978516,-37.264976501464844,-37.26499557495117,-37.2650146484375,-37.26503372192383,-37.265052795410156,-37.26506805419922,-37.26508331298828,-37.265098571777344,-37.265113830566406,-37.26512908935547,-37.26514434814453,-37.26515579223633,-37.265167236328125,-37.26518249511719,-37.265193939208984,-37.26520538330078,-37.26521682739258,-37.265228271484375,-37.26523971557617,-37.2652473449707,-37.2652587890625,-37.26526641845703,-37.26527786254883,-37.26528549194336,-37.26529312133789,-37.26530075073242,-37.26530838012695,-37.265316009521484,-37.265323638916016,-37.26533126831055,-37.26533889770508,-37.26534652709961,-37.26535415649414,-37.265357971191406,-37.26536560058594,-37.26537322998047,-37.265377044677734,-37.265384674072266,-37.26538848876953,-37.26539611816406,-37.26539993286133,-37.265403747558594
-26.350343704223633,-26.4819278717041,-26.61558723449707,-26.746856689453125,-26.87311363220215,-26.995315551757812,-27.11667823791504,-27.239959716796875,-27.365724563598633,-27.492982864379883,-27.620485305786133,-27.74764633178711,-27.875085830688477,-28.004783630371094,-28.139562606811523,-28.281919479370117,-28.432687759399414,-28.590360641479492,-28.751461029052734,-28.911977767944336,-29.069580078125,-29.225658416748047,-29.385395050048828,-29.55497932434082,-29.738046646118164,-29.934083938598633,-30.139089584350586,-30.34744644165039,-30.554397583007812,-30.758426666259766,-30.961959838867188,-31.16855239868164,-31.377788543701172,-31.584190368652344,-31.781538009643555,-31.967666625976562,-32.14484405517578,-32.31639099121094,-32.48301315307617,-32.64237976074219,-32.792335510253906,-32.93403625488281,-33.07095718383789,-33.204734802246094,-33.3333854675293,-33.453834533691406,-33.56528854370117,-33.66961669921875,-33.7687873840332,-33.86296463012695,-33.95155715942383,-34.035003662109375,-34.114437103271484,-34.189964294433594,-34.26026916503906,-34.32429504394531,-34.38254928588867,-34.43634033203125,-34.48623275756836,-34.532100677490234,-34.539093017578125,-34.623146057128906,-34.66172790527344,-34.699222564697266,-34.752220153808594,-34.80302810668945,-34.84420394897461,-34.88213348388672,-34.92520523071289,-34.97219467163086,-35.01618194580078,-35.05427551269531,-35.0905876159668,-35.13008117675781,-35.17228317260742,-35.212974548339844,-35.24971389770508,-35.28425598144531,-35.319610595703125,-35.356075286865234,-35.391536712646484,-35.42464828491211,-35.456390380859375,-35.48834991455078,-35.52043151855469,-35.55124282836914,-35.58013153076172,-35.607940673828125,-35.63568115234375,-35.66312026977539,-35.6893310546875,-35.71406555175781,-35.738014221191406,-35.76173782348633,-35.78495788574219,-35.807167053222656,-35.82843780517578,-35.84926986694336,-35.86988830566406,-35.890098571777344,-35.9097900390625,-35.92919921875,-35.948551177978516,-35.96775817871094,-35.986663818359375,-36.005332946777344,-36.02391815185547,-36.04242706298828,-36.06074523925781,-36.07882308959961,-36.09669876098633,-36.114376068115234,-36.131813049316406,-36.14897537231445,-36.165836334228516,-36.1823616027832,-36.19853973388672,-36.21438217163086,-36.2298698425293,-36.244972229003906,-36.259674072265625,-36.27398681640625,-36.28789520263672,-36.30137634277344,-36.31444549560547,-36.327117919921875,-36.339378356933594,-36.3511848449707,-36.36255645751953,-36.373512268066406,-36.33505630493164,-36.40662384033203,-36.41537857055664,-36.41175079345703,-36.43649673461914,-36.47047424316406,-36.493160247802734,-36.5013427734375,-36.507530212402344,-36.52227783203125,-36.54368209838867,-36.56380844116211,-36.5773811340332,-36.58584976196289,-36.59492492675781,-36.60818099975586,-36.624202728271484,-36.63909149169922,-36.65047836303711,-36.65941619873047,-36.66891860961914,-36.68071746826172,-36.693870544433594,-36.706172943115234,-36.716453552246094,-36.725528717041016,-36.735107421875,-36.74595642089844,-36.75727081298828,-36.76776123046875,-36.77699661254883,-36.78571701049805,-36.794883728027344,-36.80463409423828,-36.81428146362305,-36.82317352294922,-36.83138656616211,-36.839542388916016,-36.84804153442383,-36.85667419433594,-36.864959716796875,-36.87272644042969,-36.88026809692383,-36.88793182373047,-36.89570617675781,-36.90330123901367,-36.910518646240234,-36.917484283447266,-36.9244270324707,-36.931396484375,-36.938232421875,-36.94478988647461,-36.95112991333008,-36.95740509033203,-36.963661193847656,-36.96980285644531,-36.975738525390625,-36.98151779174805,-36.98722839355469,-36.99289321899414,-36.99844741821289,-37.003841400146484,-37.009117126464844,-37.01432418823242,-37.019466400146484,-37.02450180053711,-37.02941131591797,-37.03422164916992,-37.038970947265625,-37.04364776611328,-37.04822540283203,-37.05270004272461,-37.057098388671875,-37.06143569946289,-37.065696716308594,-37.06986999511719,-37.07395935058594,-37.07798767089844,-37.08195495605469,-37.085845947265625,-37.089664459228516,-37.09341812133789,-37.097110748291016,-37.100746154785156,-37.10430908203125,-37.10781478881836,-37.11125946044922,-37.114654541015625,-37.117984771728516,-37.12125778198242,-37.12447738647461,-37.127647399902344,-37.130760192871094,-37.133819580078125,-37.1368293762207,-37.13978576660156,-37.142696380615234,-37.14555358886719,-37.14836120605469,-37.151123046875,-37.153839111328125,-37.1565055847168,-37.159122467041016,-37.16169738769531,-37.164222717285156,-37.16670608520508,-37.16914367675781,-37.17153549194336,-37.173885345458984,-37.17618942260742,-37.17845153808594,-37.180667877197266,-37.18284225463867,-37.18497848510742,-37.187068939208984,-37.189117431640625,-37.19112777709961,-37.19309616088867,-37.19502258300781,-37.1969108581543,-37.198760986328125,-37.20056915283203,-37.20233917236328,-37.204071044921875,-37.20576477050781,-37.207420349121094,-37.20903778076172,-37.21062088012695,-37.21216583251953,-37.21367645263672,-37.215152740478516,-37.216590881347656,-37.21799850463867,-37.21936798095703,-37.220706939697266,-37.222015380859375,-37.223289489746094,-37.22452926635742,-37.22574234008789,-37.22692108154297,-37.22807312011719,-37.22919464111328,-37.230289459228516,-37.231353759765625,-37.23238754272461,-37.2333984375,-37.234378814697266,-37.23533630371094,-37.23626708984375,-37.23717498779297,-37.23805618286133,-37.238914489746094,-37.239749908447266,-37.24055862426758,-37.24134826660156,-37.24211883544922,-37.242862701416016,-37.243587493896484,-37.244293212890625,-37.24497985839844,-37.24564743041992,-37.24629211425781,-37.24692153930664,-37.24753189086914,-37.24812698364258,-37.24870300292969,-37.24925994873047,-37.24980545043945,-37.25033187866211,-37.2508430480957,-37.251338958740234,-37.25182342529297,-37.252288818359375,-37.252742767333984,-37.25318145751953,-37.25360870361328,-37.254024505615234,-37.254425048828125,-37.25481414794922,-37.255191802978516,-37.25555419921875,-37.25590896606445,-37.25625228881836,-37.25658416748047,-37.25690841674805,-37.25721740722656,-37.25752258300781,-37.2578125,-37.258094787597656,-37.25836944580078,-37.25863265991211,-37.25889205932617,-37.25914001464844,-37.25938034057617,-37.25960922241211,-37.25983428955078,-37.26005172729492,-37.26026153564453,-37.26046371459961,-37.26066207885742,-37.26084899902344,-37.26103210449219,-37.261207580566406,-37.26137924194336,-37.26154327392578,-37.26170349121094,-37.26185607910156,-37.26200485229492,-37.262149810791016,-37.26228713989258,-37.262420654296875,-37.262550354003906,-37.262672424316406,-37.26279067993164,-37.262908935546875,-37.26301956176758,-37.263126373291016,-37.26322937011719,-37.263328552246094,-37.263423919677734,-37.263519287109375,-37.263607025146484,-37.263694763183594,-37.26377487182617,-37.26385498046875,-37.26393127441406,-37.264007568359375,-37.264076232910156,-37.26414489746094,-37.26421356201172,-37.26427459716797,-37.26433563232422,-37.26439666748047,-37.26445007324219,-37.26450729370117,-37.264556884765625,-37.26460647583008,-37.26465606689453,-37.26470184326172,-37.264747619628906,-37.26478958129883,-37.26483154296875,-37.264869689941406,-37.26490783691406,-37.26494598388672,-37.26498031616211,-37.2650146484375,-37.265045166015625,-37.26507568359375,-37.265106201171875,-37.26513671875,-37.26516342163086,-37.26519012451172,-37.26521301269531,-37.26523971557617,-37.265262603759766,-37.26528549194336,-37.26530456542969,-37.26532745361328,-37.26534652709961,-37.26536560058594,-37.265380859375,-37.26539993286133,-37.26541519165039,-37.26543045043945,-37.265445709228516,-37.26546096801758,-37.26547622680664,-37.26548767089844,-37.2655029296875,-37.2655143737793,-37.265525817871094,-37.26553726196289,-37.26554870605469,-37.26555633544922,-37.265567779541016,-37.26557540893555,-37.265586853027344,-37.265594482421875,-37.265602111816406,-37.26560974121094,-37.26561737060547,-37.265625,-37.26563262939453,-37.26564025878906,-37.26564407348633,-37.26565170288086,-37.265655517578125,-37.265663146972656,-37.26566696166992,-37.26567077636719,-37.26567840576172,-37.265682220458984
-27.027103424072266,-27.21468734741211,-27.402427673339844,-27.588706970214844,-27.770776748657227,-27.946094512939453,-28.112688064575195,-28.269372940063477,-28.415943145751953,-28.553312301635742,-28.683364868164062,-28.80830955505371,-28.92999839782715,-29.049663543701172,-29.16794204711914,-29.284988403320312,-29.40066146850586,-29.514684677124023,-29.626768112182617,-29.736684799194336,-29.84429359436035,-29.94951820373535,-30.05230712890625,-30.152603149414062,-30.250354766845703,-30.345552444458008,-30.438270568847656,-30.5286922454834,-30.617101669311523,-30.703819274902344,-30.789133071899414,-30.87321662902832,-30.956090927124023,-31.037643432617188,-31.11767578125,-31.195987701416016,-31.272438049316406,-31.347013473510742,-31.41982078552246,-31.491071701049805,-31.56101417541504,-31.629863739013672,-31.697772979736328,-31.76483154296875,-31.83108901977539,-31.896602630615234,-31.96146011352539,-32.025787353515625,-32.089725494384766,-32.153411865234375,-32.216949462890625,-32.28043746948242,-32.34395217895508,-32.40757751464844,-32.47138595581055,-32.53543472290039,-32.599727630615234,-32.66421127319336,-32.728790283203125,-32.7933349609375,-32.857688903808594,-32.92167663574219,-32.98509979248047,-33.04771041870117,-33.10921859741211,-33.16932678222656,-33.22772216796875,-33.284122467041016,-33.33830261230469,-33.39008331298828,-33.43935012817383,-33.48604202270508,-33.53015899658203,-33.571754455566406,-33.61091613769531,-33.647769927978516,-33.68246841430664,-33.71516418457031,-33.74602508544922,-33.79347610473633,-33.84135437011719,-33.88155746459961,-33.91923141479492,-33.95571517944336,-33.9898567199707,-34.02091598510742,-34.049095153808594,-34.074886322021484,-34.09857177734375,-34.120235443115234,-34.1400032043457,-34.15816116333008,-34.175052642822266,-34.190914154052734,-34.20587921142578,-34.2200927734375,-34.233787536621094,-34.247222900390625,-34.26059341430664,-34.27400207519531,-34.287471771240234,-34.301021575927734,-34.31465530395508,-34.328369140625,-34.34217834472656,-34.356101989746094,-34.37013244628906,-34.38418197631836,-34.39814758300781,-34.41195297241211,-34.425575256347656,-34.439029693603516,-34.45230484008789,-34.46536636352539,-34.47817611694336,-34.49073028564453,-34.50303649902344,-34.51508331298828,-34.526859283447266,-34.53836441040039,-34.54961395263672,-34.56062316894531,-34.571388244628906,-34.58188247680664,-34.59210205078125,-34.60205078125,-34.61173629760742,-34.621150970458984,-34.630287170410156,-34.63912582397461,-34.647674560546875,-34.65592956542969,-34.66389465332031,-34.67156982421875,-34.678955078125,-34.686058044433594,-34.69287872314453,-34.699424743652344,-34.705570220947266,-34.72072219848633,-34.730411529541016,-34.73855209350586,-34.7487907409668,-34.759521484375,-34.768943786621094,-34.7768440246582,-34.78435516357422,-34.79231643676758,-34.800498962402344,-34.808250427246094,-34.81521987915039,-34.82162094116211,-34.82789611816406,-34.83427810668945,-34.840633392333984,-34.8466911315918,-34.8523063659668,-34.857582092285156,-34.86272430419922,-34.867828369140625,-34.87282180786133,-34.8775520324707,-34.88195037841797,-34.8860969543457,-34.890106201171875,-34.89401626586914,-34.897762298583984,-34.90127944946289,-34.904579162597656,-34.90773010253906,-34.91078186035156,-34.91373062133789,-34.91653823852539,-34.9192008972168,-34.921749114990234,-34.92422103881836,-34.92662048339844,-34.928932189941406,-34.93113327026367,-34.93324279785156,-34.93528747558594,-34.93727111816406,-34.93918228149414,-34.94100570678711,-34.9427490234375,-34.944427490234375,-34.94605255126953,-34.9476203918457,-34.94911575317383,-34.95054626464844,-34.9519157409668,-34.953243255615234,-34.95451736450195,-34.95573806762695,-34.9568977355957,-34.958011627197266,-34.959083557128906,-34.960105895996094,-34.961082458496094,-34.96200942993164,-34.96289825439453,-34.9637451171875,-34.96455001831055,-34.96531677246094,-34.96604919433594,-34.96674346923828,-34.9674072265625,-34.96803665161133,-34.96863555908203,-34.969207763671875,-34.96975326538086,-34.970272064208984,-34.97076416015625,-34.971229553222656,-34.971675872802734,-34.972103118896484,-34.972503662109375,-34.97288513183594,-34.97325134277344,-34.973594665527344,-34.97392272949219,-34.9742317199707,-34.97452926635742,-34.97480773925781,-34.97507095336914,-34.97532272338867,-34.97555923461914,-34.97578430175781,-34.97599411010742,-34.9761962890625,-34.976383209228516,-34.9765625,-34.97673034667969,-34.976890563964844,-34.97703552246094,-34.977176666259766,-34.9773063659668,-34.97743225097656,-34.97754669189453,-34.97765350341797,-34.97775650024414,-34.97785186767578,-34.97793960571289,-34.978023529052734,-34.97810363769531,-34.97817611694336,-34.978240966796875,-34.97830581665039,-34.978363037109375,-34.97842025756836,-34.97846984863281,-34.978515625,-34.97856140136719,-34.97860336303711,-34.978641510009766,-34.978675842285156,-34.97870635986328,-34.978736877441406,-34.978763580322266,-34.978790283203125,-34.97881317138672,-34.97883605957031,-34.97885513305664,-34.97887420654297,-34.9788932800293,-34.97890853881836,-34.97892379760742,-34.97893524169922,-34.978946685791016,-34.97895812988281,-34.97896957397461,-34.97897720336914,-34.97898483276367,-34.9789924621582,-34.979000091552734,-34.979007720947266,-34.97901153564453,-34.97901916503906,-34.97902297973633,-34.979026794433594,-34.97903060913086,-34.979034423828125
-27.588109970092773,-27.73748779296875,-27.87944221496582,-28.015079498291016,-28.145498275756836,-28.27178955078125,-28.394742965698242,-28.51451301574707,-28.63045883178711,-28.741580963134766,-28.846969604492188,-28.946176528930664,-29.039508819580078,-29.128013610839844,-29.21285057067871,-29.294811248779297,-29.374353408813477,-29.451826095581055,-29.527599334716797,-29.602081298828125,-29.675662994384766,-29.748607635498047,-29.82099723815918,-29.89272117614746,-29.96355438232422,-30.033300399780273,-30.101940155029297,-30.16973876953125,-30.2371883392334,-30.304861068725586,-30.37324333190918,-30.44264030456543,-30.513141632080078,-30.584623336791992,-30.656782150268555,-30.72916603088379,-30.80124282836914,-30.872482299804688,-30.942445755004883,-31.010881423950195,-31.077777862548828,-31.14335060119629,-31.207965850830078,-31.271982192993164,-31.335622787475586,-31.398881912231445,-31.46150016784668,-31.523038864135742,-31.582990646362305,-31.64090919494629,-31.696517944335938,-31.749753952026367,-31.800756454467773,-31.84977149963379,-31.897031784057617,-31.942676544189453,-31.9867000579834,-32.028987884521484,-32.06938552856445,-32.10778045654297,-32.144168853759766,-32.17864227294922,-32.21137237548828,-32.2425422668457,-32.27229309082031,-32.30067825317383,-32.327693939208984,-32.36800003051758,-32.41026306152344,-32.451438903808594,-32.49134826660156,-32.53064727783203,-32.569454193115234,-32.60771942138672,-32.645469665527344,-32.682613372802734,-32.71907424926758,-32.75484085083008,-32.7899169921875,-32.82436752319336,-32.858299255371094,-32.89175796508789,-32.924713134765625,-32.95708465576172,-32.98882293701172,-33.019962310791016,-33.05058288574219,-33.080745697021484,-33.110511779785156,-33.13996505737305,-33.169185638427734,-33.19822692871094,-33.22711944580078,-33.2558708190918,-33.28448486328125,-33.31293487548828,-33.34119415283203,-33.369266510009766,-33.39714050292969,-33.4248046875,-33.45222854614258,-33.47941589355469,-33.50634765625,-33.532997131347656,-33.5593147277832,-33.58523178100586,-33.61068344116211,-33.635597229003906,-33.6599235534668,-33.683631896972656,-33.70671844482422,-33.72920227050781,-33.75115203857422,-33.77264404296875,-33.79377365112305,-33.81462097167969,-33.83525848388672,-33.85573196411133,-33.876068115234375,-33.89627456665039,-33.916351318359375,-33.93628692626953,-33.956077575683594,-33.9757080078125,-33.99516296386719,-34.014427185058594,-34.033477783203125,-34.05229949951172,-34.070858001708984,-34.0891227722168,-34.10706329345703,-34.12464904785156,-34.141849517822266,-34.15863800048828,-34.174991607666016,-34.190887451171875,-34.20631408691406,-34.22126007080078,-34.23571014404297,-34.249664306640625,-34.26311492919922,-34.27606964111328,-34.28853225708008,-34.300514221191406,-34.31203842163086,-34.323123931884766,-34.33380126953125,-34.3441047668457,-34.36127471923828,-34.383182525634766,-34.40167236328125,-34.419281005859375,-34.43777847290039,-34.456275939941406,-34.47396469116211,-34.490718841552734,-34.50707244873047,-34.52332305908203,-34.539512634277344,-34.555381774902344,-34.570777893066406,-34.58578109741211,-34.600521087646484,-34.615169525146484,-34.62969207763672,-34.64393615722656,-34.6578254699707,-34.67136764526367,-34.68466567993164,-34.697811126708984,-34.71073913574219,-34.723358154296875,-34.735626220703125,-34.747562408447266,-34.759246826171875,-34.77070236206055,-34.781890869140625,-34.79278564453125,-34.80339050292969,-34.8137321472168,-34.8238410949707,-34.833709716796875,-34.84333038330078,-34.852699279785156,-34.861820220947266,-34.8707160949707,-34.87938690185547,-34.88783645629883,-34.896053314208984,-34.90403747558594,-34.91180419921875,-34.91936111450195,-34.92671585083008,-34.933860778808594,-34.9407958984375,-34.947532653808594,-34.95408248901367,-34.960445404052734,-34.96662139892578,-34.97261428833008,-34.97842788696289,-34.98406982421875,-34.98954391479492,-34.99485397338867,-34.999996185302734,-35.004981994628906,-35.00981140136719,-35.014495849609375,-35.01902770996094,-35.023414611816406,-35.02766418457031,-35.031776428222656,-35.03575897216797,-35.03961181640625,-35.0433349609375,-35.046939849853516,-35.05042266845703,-35.053794860839844,-35.05705261230469,-35.06019973754883,-35.0632438659668,-35.066184997558594,-35.069026947021484,-35.071773529052734,-35.07442855834961,-35.076995849609375,-35.079471588134766,-35.08186721801758,-35.08417892456055,-35.0864143371582,-35.08857345581055,-35.09065628051758,-35.09267044067383,-35.0946159362793,-35.096492767333984,-35.09830856323242,-35.100059509277344,-35.10175323486328,-35.10338592529297,-35.10496139526367,-35.10648727416992,-35.10795593261719,-35.109375,-35.110748291015625,-35.1120719909668,-35.11334991455078,-35.11458206176758,-35.11577224731445,-35.116920471191406,-35.1180305480957,-35.119102478027344,-35.12013626098633,-35.121131896972656,-35.122093200683594,-35.123023986816406,-35.12391662597656,-35.12478256225586,-35.125614166259766,-35.12641906738281,-35.127193450927734,-35.1279411315918,-35.128665924072266,-35.12936019897461,-35.13003158569336,-35.13067626953125,-35.13129806518555,-35.131900787353516,-35.13248062133789,-35.13303756713867,-35.133575439453125,-35.134090423583984,-35.13459014892578,-35.13507080078125,-35.135536193847656,-35.13597869873047,-35.136409759521484,-35.13682174682617,-35.1372184753418,-35.137603759765625,-35.137969970703125,-35.13832473754883,-35.138668060302734,-35.13899612426758,-35.13930892944336,-35.13961410522461,-35.1399040222168,-35.14018630981445,-35.14045333862305,-35.14071273803711,-35.140960693359375,-35.14120101928711,-35.14142990112305,-35.14165115356445,-35.14186477661133,-35.142066955566406,-35.14226150512695,-35.14244842529297,-35.14262771606445,-35.142799377441406,-35.142967224121094,-35.143123626708984,-35.14327621459961,-35.1434211730957,-35.14356231689453,-35.14369583129883,-35.143821716308594,-35.143943786621094,-35.14406204223633,-35.14417266845703,-35.144283294677734,-35.144386291503906,-35.14448165893555,-35.14457702636719,-35.14466857910156,-35.144752502441406,-35.14483642578125,-35.14491271972656,-35.144989013671875,-35.14506149291992,-35.1451301574707,-35.14519500732422,-35.14525604248047,-35.14531707763672,-35.1453742980957,-35.14542770385742,-35.14548110961914,-35.145530700683594,-35.14557647705078,-35.14562225341797,-35.14566421508789,-35.14570236206055,-35.14574432373047,-35.14577865600586,-35.14581298828125,-35.14584732055664,-35.145877838134766,-35.14590835571289,-35.145938873291016,-35.145965576171875,-35.145992279052734,-35.14601516723633,-35.14603805541992,-35.146060943603516,-35.14608383178711,-35.14610290527344,-35.146121978759766,-35.146141052246094,-35.146156311035156,-35.14617156982422,-35.14618682861328,-35.146202087402344,-35.146217346191406,-35.1462287902832,-35.146240234375,-35.14625549316406,-35.146263122558594,-35.14627456665039,-35.14628601074219,-35.14629364013672,-35.14630126953125,-35.14630889892578,-35.14632034301758,-35.14632797241211,-35.14633560180664,-35.146339416503906,-35.14634704589844,-35.14635467529297,-35.146358489990234,-35.1463623046875,-35.14636993408203,-35.1463737487793,-35.14637756347656
-26.94005584716797,-27.04800796508789,-27.154436111450195,-27.260133743286133,-27.36606216430664,-27.472782135009766,-27.580429077148438,-27.68897819519043,-27.798391342163086,-27.90865135192871,-28.019746780395508,-28.13164520263672,-28.24428367614746,-28.35757064819336,-28.47140121459961,-28.585697174072266,-28.700424194335938,-28.815587997436523,-28.93113136291504,-29.046859741210938,-29.162376403808594,-29.277109146118164,-29.390356063842773,-29.501333236694336,-29.60926055908203,-29.71344757080078,-29.813411712646484,-29.908964157104492,-30.000213623046875,-30.087411880493164,-30.170795440673828,-30.25051498413086,-30.326675415039062,-30.399385452270508,-30.468828201293945,-30.53531265258789,-30.599315643310547,-30.661441802978516,-30.722299575805664,-30.782325744628906,-30.841712951660156,-30.90044593811035,-30.958391189575195,-31.01539421081543,-31.07132911682129,-31.126115798950195,-31.1796932220459,-31.231983184814453,-31.28284454345703,-31.33209228515625,-31.379545211791992,-31.425079345703125,-31.468660354614258,-31.510318756103516,-31.55010223388672,-31.588027954101562,-31.62407684326172,-31.65821647644043,-31.690448760986328,-31.720827102661133,-31.770795822143555,-31.819801330566406,-31.867284774780273,-31.913570404052734,-31.959260940551758,-32.004425048828125,-32.048828125,-32.09235382080078,-32.13511276245117,-32.1772346496582,-32.21870040893555,-32.25936508178711,-32.29906463623047,-32.33772659301758,-32.3753776550293,-32.41205596923828,-32.44778823852539,-32.48259353637695,-32.516571044921875,-32.54985046386719,-32.582542419433594,-32.61472702026367,-32.646453857421875,-32.67779541015625,-32.70884323120117,-32.739688873291016,-32.77040481567383,-32.801021575927734,-32.83155822753906,-32.86201095581055,-32.89237976074219,-32.92266082763672,-32.95283889770508,-32.982906341552734,-33.012847900390625,-33.042667388916016,-33.072349548339844,-33.10186004638672,-33.131168365478516,-33.16023635864258,-33.189029693603516,-33.217498779296875,-33.2455940246582,-33.273250579833984,-33.30039978027344,-33.32698059082031,-33.35293197631836,-33.37819290161133,-33.40272521972656,-33.426490783691406,-33.44947814941406,-33.4716682434082,-33.49305725097656,-33.51365661621094,-33.53346633911133,-33.55250549316406,-33.57079315185547,-33.58834457397461,-33.60518264770508,-33.621334075927734,-33.636817932128906,-33.65166091918945,-33.665889739990234,-33.67953109741211,-33.69261169433594,-33.70516586303711,-33.71723175048828,-33.74345016479492,-33.771705627441406,-33.7982063293457,-33.823753356933594,-33.84927749633789,-33.874786376953125,-33.89927673339844,-33.923179626464844,-33.94657516479492,-33.969512939453125,-33.99208068847656,-34.01406478881836,-34.035369873046875,-34.056243896484375,-34.07683181762695,-34.09708023071289,-34.11696243286133,-34.136497497558594,-34.15568542480469,-34.17456817626953,-34.19324493408203,-34.21171951293945,-34.22991180419922,-34.24781036376953,-34.26544952392578,-34.28282165527344,-34.29991912841797,-34.31674575805664,-34.333282470703125,-34.34950637817383,-34.36541748046875,-34.381038665771484,-34.39635467529297,-34.41135787963867,-34.42605972290039,-34.44045639038086,-34.45454788208008,-34.46835708618164,-34.48188781738281,-34.49512481689453,-34.50806427001953,-34.520713806152344,-34.53306579589844,-34.545127868652344,-34.556888580322266,-34.56834411621094,-34.57948684692383,-34.59032440185547,-34.60085678100586,-34.611083984375,-34.62101364135742,-34.63064956665039,-34.639991760253906,-34.64905548095703,-34.6578483581543,-34.6663703918457,-34.67462921142578,-34.6826286315918,-34.69037628173828,-34.697872161865234,-34.705116271972656,-34.71211624145508,-34.7188720703125,-34.72539520263672,-34.73168182373047,-34.73774337768555,-34.74358367919922,-34.749210357666016,-34.75462341308594,-34.75983810424805,-34.76485824584961,-34.76968765258789,-34.774330139160156,-34.77879333496094,-34.7830810546875,-34.787200927734375,-34.79115676879883,-34.794952392578125,-34.7985954284668,-34.802085876464844,-34.80543518066406,-34.80864334106445,-34.81171798706055,-34.814666748046875,-34.8174934387207,-34.8202018737793,-34.822792053222656,-34.82527542114258,-34.82765197753906,-34.829925537109375,-34.83210372924805,-34.83418655395508,-34.836181640625,-34.83808898925781,-34.83991241455078,-34.84165954589844,-34.84333038330078,-34.844932556152344,-34.84646224975586,-34.847923278808594,-34.849327087402344,-34.85066604614258,-34.851951599121094,-34.853179931640625,-34.85435485839844,-34.85547637939453,-34.8565559387207,-34.85758590698242,-34.85857009887695,-34.85951614379883,-34.86042022705078,-34.86128616333008,-34.862117767333984,-34.862911224365234,-34.86367416381836,-34.864402770996094,-34.86510467529297,-34.86577224731445,-34.86641311645508,-34.86703109741211,-34.867618560791016,-34.868186950683594,-34.86872863769531,-34.86924743652344,-34.869747161865234,-34.87022399902344,-34.87068176269531,-34.87112045288086,-34.871543884277344,-34.8719482421875,-34.87233352661133,-34.87270736694336,-34.87306213378906,-34.87340545654297,-34.87373352050781,-34.874046325683594,-34.87434768676758,-34.874637603759766,-34.874916076660156,-34.87518310546875,-34.87543869018555,-34.87568283081055,-34.87591552734375,-34.87614059448242,-34.87635803222656,-34.876564025878906,-34.87676239013672,-34.876953125,-34.877132415771484,-34.8773078918457,-34.87747573852539,-34.87763595581055,-34.87778854370117,-34.877933502197266,-34.878074645996094,-34.87820816040039,-34.87833786010742,-34.87845993041992,-34.878578186035156,-34.878692626953125,-34.87879943847656,-34.878902435302734,-34.87900161743164,-34.879093170166016,-34.87918472290039,-34.879268646240234,-34.87935256958008,-34.879432678222656,-34.8795051574707,-34.87957763671875,-34.87964630126953,-34.87971115112305,-34.8797721862793,-34.87983322143555,-34.87989044189453,-34.87994384765625,-34.8799934387207,-34.880043029785156,-34.880088806152344,-34.88013458251953,-34.88017654418945,-34.880218505859375,-34.88025665283203,-34.88029098510742,-34.88032913208008,-34.8803596496582,-34.880393981933594,-34.88042068481445,-34.88045120239258,-34.88047790527344,-34.8805046081543,-34.88052749633789,-34.880550384521484,-34.88057327270508,-34.880592346191406,-34.880615234375,-34.88063430786133,-34.88064956665039,-34.88066864013672,-34.88068389892578,-34.880699157714844,-34.880714416503906,-34.8807258605957,-34.880741119384766,-34.88075256347656,-34.88076400756836,-34.88077163696289,-34.88078308105469,-34.880794525146484,-34.880802154541016,-34.88080596923828,-34.88080978393555,-34.88080596923828,-34.88080596923828,-34.88081741333008,-34.88084411621094,-34.880855560302734,-34.88085174560547,-34.88085174560547,-34.88086700439453,-34.88087844848633,-34.88087463378906,-34.88087844848633,-34.880889892578125,-34.88089370727539
-25.57351303100586,-25.743698120117188,-25.910531997680664,-26.07261848449707,-26.22919464111328,-26.38028335571289,-26.525888442993164,-26.66579246520996,-26.799816131591797,-26.927936553955078,-27.050264358520508,-27.167118072509766,-27.279130935668945,-27.3872127532959,-27.492420196533203,-27.595745086669922,-27.697999954223633,-27.799753189086914,-27.901363372802734,-28.0030574798584,-28.104997634887695,-28.207353591918945,-28.310348510742188,-28.41426658630371,-28.519453048706055,-28.626277923583984,-28.735105514526367,-28.84624671936035,-28.95991325378418,-29.076202392578125,-29.195064544677734,-29.3162899017334,-29.439483642578125,-29.564041137695312,-29.68914222717285,-29.813772201538086,-29.936805725097656,-30.057130813598633,-30.17389488220215,-30.28678321838379,-30.396162033081055,-30.502756118774414,-30.607202529907227,-30.709911346435547,-30.811098098754883,-30.910846710205078,-31.009136199951172,-31.105915069580078,-31.201162338256836,-31.29489517211914,-31.387027740478516,-31.477218627929688,-31.564855575561523,-31.649188995361328,-31.72951889038086,-31.805343627929688,-31.87646484375,-31.942970275878906,-32.005165100097656,-32.063446044921875,-32.11821365356445,-32.169803619384766,-32.21849060058594,-32.264461517333984,-32.307830810546875,-32.34864807128906,-32.38690185546875,-32.42253494262695,-32.470333099365234,-32.516807556152344,-32.56066131591797,-32.60200881958008,-32.64259338378906,-32.68180465698242,-32.71888732910156,-32.75416564941406,-32.788414001464844,-32.82171630859375,-32.85370635986328,-32.88429641723633,-32.913795471191406,-32.94245529174805,-32.970184326171875,-32.996795654296875,-33.02232360839844,-33.04701614379883,-33.0710334777832,-33.09431457519531,-33.11676788330078,-33.13847351074219,-33.15960693359375,-33.180267333984375,-33.20042037963867,-33.22005081176758,-33.239227294921875,-33.25804901123047,-33.27654266357422,-33.294681549072266,-33.312477111816406,-33.330013275146484,-33.34736251831055,-33.36452865600586,-33.381507873535156,-33.398319244384766,-33.4150276184082,-33.43167495727539,-33.44825744628906,-33.46476364135742,-33.4812126159668,-33.497623443603516,-33.51399612426758,-33.53031921386719,-33.546592712402344,-33.562828063964844,-33.57903289794922,-33.5952033996582,-33.6113395690918,-33.627445220947266,-33.64353561401367,-33.659610748291016,-33.6756706237793,-33.69171905517578,-33.7077751159668,-33.72383117675781,-33.73989486694336,-33.75596237182617,-33.77204513549805,-33.78813934326172,-33.804237365722656,-33.82033157348633,-33.836421966552734,-33.852500915527344,-33.86855697631836,-33.88457489013672,-33.900550842285156,-33.91646957397461,-33.932315826416016,-33.948081970214844,-33.963748931884766,-33.97930908203125,-33.9947395324707,-34.010032653808594,-34.02516555786133,-34.040122985839844,-34.05488967895508,-34.06944274902344,-34.08376693725586,-34.097843170166016,-34.11164855957031,-34.12516403198242,-34.13837814331055,-34.15127182006836,-34.16383361816406,-34.17604446411133,-34.187904357910156,-34.199405670166016,-34.21054458618164,-34.2213249206543,-34.23175048828125,-34.24183654785156,-34.2515983581543,-34.26105499267578,-34.270225524902344,-34.279144287109375,-34.28783416748047,-34.29633712768555,-34.30467987060547,-34.316505432128906,-34.331993103027344,-34.34622573852539,-34.35981369018555,-34.374454498291016,-34.389671325683594,-34.4046630859375,-34.419395446777344,-34.434486389160156,-34.45024108886719,-34.46640396118164,-34.48265075683594,-34.49890899658203,-34.51532745361328,-34.53205490112305,-34.54908752441406,-34.56633377075195,-34.58367919921875,-34.601016998291016,-34.61833572387695,-34.635658264160156,-34.65298080444336,-34.670188903808594,-34.68714141845703,-34.70374298095703,-34.719970703125,-34.73579406738281,-34.751121520996094,-34.7658576965332,-34.77994155883789,-34.79332733154297,-34.805973052978516,-34.817840576171875,-34.828914642333984,-34.83917999267578,-34.848602294921875,-34.857181549072266,-34.86494445800781,-34.871925354003906,-34.87815475463867,-34.88365173339844,-34.88846969604492,-34.892669677734375,-34.89630889892578,-34.899444580078125,-34.902137756347656,-34.904441833496094,-34.906410217285156,-34.908103942871094,-34.909576416015625,-34.910858154296875,-34.91199493408203,-34.91301345825195,-34.91395568847656,-34.91483688354492,-34.915672302246094,-34.916473388671875,-34.91725540161133,-34.91802215576172,-34.91877746582031,-34.919517517089844,-34.920249938964844,-34.92097091674805,-34.92167663574219,-34.92236328125,-34.92303466796875,-34.92367935180664,-34.92430114746094,-34.924903869628906,-34.92547607421875,-34.926029205322266,-34.92655563354492,-34.927059173583984,-34.92753982543945,-34.92800521850586,-34.9284553527832,-34.928890228271484,-34.92931365966797,-34.92972946166992,-34.93014144897461,-34.93054962158203,-34.93095397949219,-34.93136215209961,-34.9317741394043,-34.93218994140625,-34.9326057434082,-34.93303298950195,-34.9334602355957,-34.93389892578125,-34.9343376159668,-34.934783935546875,-34.935237884521484,-34.935691833496094,-34.936153411865234,-34.936614990234375,-34.93708038330078,-34.93754577636719,-34.93801498413086,-34.938480377197266,-34.93894958496094,-34.93941879272461,-34.93988800048828,-34.94035720825195,-34.94082260131836,-34.941287994384766,-34.94175338745117,-34.94221878051758,-34.942684173583984,-34.943145751953125,-34.943607330322266,-34.944068908691406,-34.94453048706055,-34.94498825073242,-34.94544982910156,-34.94590377807617,-34.94636154174805,-34.946815490722656,-34.947269439697266,-34.947723388671875,-34.94817352294922,-34.94862365722656,-34.94906997680664,-34.94951248168945,-34.949954986572266,-34.95039367675781,-34.950828552246094,-34.951263427734375,-34.951690673828125,-34.952117919921875,-34.95254135131836,-34.95296096801758,-34.953372955322266,-34.95378494262695,-34.954193115234375,-34.954593658447266,-34.95499038696289,-34.955387115478516,-34.95577621459961,-34.95615768432617,-34.956539154052734,-34.956912994384766,-34.95728302001953,-34.957645416259766,-34.9580078125,-34.95835876464844,-34.958709716796875,-34.95905303955078,-34.959388732910156,-34.959720611572266,-34.96004867553711,-34.96036911010742,-34.96068572998047,-34.960994720458984,-34.961299896240234,-34.96159744262695,-34.96188735961914,-34.96217346191406,-34.96245574951172,-34.962730407714844,-34.96299743652344,-34.963260650634766,-34.96351623535156,-34.963768005371094,-34.96401596069336,-34.96425247192383,-34.9644889831543,-34.964717864990234,-34.96493911743164,-34.96515655517578,-34.96536636352539,-34.965572357177734,-34.96577453613281,-34.96596908569336,-34.96615982055664,-34.966346740722656,-34.96652603149414,-34.96670150756836,-34.96686935424805,-34.96703338623047,-34.967193603515625,-34.967350006103516,-34.96750259399414,-34.967647552490234,-34.96778869628906,-34.967926025390625,-34.96805953979492,-34.96818923950195,-34.96831130981445,-34.96843338012695,-34.96854782104492,-34.96866226196289,-34.96876907348633,-34.968875885009766,-34.96897888183594,-34.96907424926758,-34.96916961669922,-34.969261169433594,-34.9693489074707,-34.96943664550781,-34.96951675415039,-34.96959686279297,-34.96967315673828,-34.96974563598633,-34.96981430053711,-34.96988296508789,-34.969947814941406,-34.97001266479492,-34.970069885253906,-34.970130920410156,-34.970184326171875,-34.970237731933594,-34.97029113769531,-34.970340728759766,-34.97038650512695,-34.97043228149414,-34.97047424316406,-34.970516204833984,-34.970558166503906,-34.97059631347656,-34.97063446044922,-34.97066879272461,-34.970703125,-34.970733642578125,-34.97076416015625,-34.970794677734375,-34.9708251953125,-34.97085189819336,-34.97087860107422,-34.97090148925781,-34.970924377441406,-34.970947265625,-34.970970153808594,-34.97098922729492,-34.97100830078125,-34.97102737426758,-34.971046447753906,-34.97106170654297,-34.9710807800293,-34.97109603881836,-34.97111129760742,-34.971126556396484,-34.97113800048828,-34.971153259277344,-34.97116470336914,-34.97117614746094,-34.971187591552734,-34.97119903564453,-34.97120666503906,-34.97121810913086,-34.97122573852539,-34.97123336791992,-34.97124481201172,-34.97125244140625,-34.97126007080078,-34.97126388549805,-34.97127151489258,-34.97127914428711,-34.971282958984375,-34.971290588378906,-34.97129440307617,-34.9713020324707,-34.97130584716797,-34.971309661865234
-27.024795532226562,-27.192289352416992,-27.37592124938965,-27.571102142333984,-27.771543502807617,-27.970426559448242,-28.163089752197266,-28.350439071655273,-28.53988265991211,-28.741140365600586,-28.958667755126953,-29.18927574157715,-29.424604415893555,-29.654396057128906,-29.870254516601562,-30.07001304626465,-30.259307861328125,-30.445858001708984,-30.632036209106445,-30.81387710571289,-30.984622955322266,-31.13895606994629,-31.276582717895508,-31.4033145904541,-31.527292251586914,-31.653072357177734,-31.77952003479004,-31.902307510375977,-32.01791000366211,-32.12644958496094,-32.2313232421875,-32.33562088012695,-32.43901824951172,-32.53841018676758,-32.63117599487305,-32.717952728271484,-32.802242279052734,-32.88711929321289,-32.97266387939453,-33.05677032470703,-33.13798141479492,-33.21712875366211,-33.29585266113281,-33.374053955078125,-33.44953918457031,-33.520179748535156,-33.585838317871094,-33.64778518676758,-33.706600189208984,-33.7614631652832,-33.81166076660156,-33.85794448852539,-33.892425537109375,-33.98912811279297,-34.04490280151367,-34.08676528930664,-34.14547348022461,-34.2073860168457,-34.25828552246094,-34.29845428466797,-34.337242126464844,-34.37895584106445,-34.4202880859375,-34.457271575927734,-34.48945999145508,-34.51918411254883,-34.54853820800781,-34.577510833740234,-34.60496139526367,-34.63014221191406,-34.653297424316406,-34.675315856933594,-34.69687271118164,-34.718017578125,-34.73836898803711,-34.757568359375,-34.775630950927734,-34.79286193847656,-34.809532165527344,-34.82563781738281,-34.840946197509766,-34.85528564453125,-34.86872100830078,-34.881412506103516,-34.893455505371094,-34.88106155395508,-34.930076599121094,-34.94207000732422,-34.94819641113281,-34.9708137512207,-34.996360778808594,-35.012935638427734,-35.02159881591797,-35.0317497253418,-35.047672271728516,-35.06578063964844,-35.08102798461914,-35.092166900634766,-35.1021842956543,-35.114376068115234,-35.1289176940918,-35.1435546875,-35.15636444091797,-35.1674690246582,-35.178497314453125,-35.190677642822266,-35.203697204589844,-35.21632766723633,-35.22776412963867,-35.238380432128906,-35.24913024902344,-35.260459899902344,-35.27192306518555,-35.28282928466797,-35.29302215576172,-35.3029899597168,-35.313140869140625,-35.323360443115234,-35.333282470703125,-35.3427848815918,-35.35210418701172,-35.36145782470703,-35.37076187133789,-35.379798889160156,-35.38854217529297,-35.397178649902344,-35.40584182739258,-35.41444396972656,-35.42281723022461,-35.430931091308594,-35.43891143798828,-35.446876525878906,-35.45478820800781,-35.4625358581543,-35.47010803222656,-35.477577209472656,-35.485008239746094,-35.49235916137695,-35.49958801269531,-35.506717681884766,-35.51378631591797,-35.52078628540039,-35.52766418457031,-35.534400939941406,-35.541038513183594,-35.54759216308594,-35.55402755737305,-35.5603141784668,-35.56644821166992,-35.57246398925781,-35.57836151123047,-35.58412170410156,-35.58974075317383,-35.59523391723633,-35.600616455078125,-35.60588073730469,-35.611019134521484,-35.616050720214844,-35.6209831237793,-35.62580871582031,-35.63051986694336,-35.6351203918457,-35.639617919921875,-35.644012451171875,-35.648292541503906,-35.65245819091797,-35.65651321411133,-35.660465240478516,-35.664306640625,-35.66803741455078,-35.67167282104492,-35.675209045410156,-35.67864990234375,-35.68199920654297,-35.68526077270508,-35.68843460083008,-35.691524505615234,-35.69453048706055,-35.69746017456055,-35.7003059387207,-35.70307540893555,-35.70576477050781,-35.70838165283203,-35.7109260559082,-35.713401794433594,-35.71580505371094,-35.71814727783203,-35.72042465209961,-35.72264099121094,-35.724796295166016,-35.726898193359375,-35.72894287109375,-35.73093032836914,-35.73286819458008,-35.7347526550293,-35.73658752441406,-35.73836898803711,-35.740108489990234,-35.741798400878906,-35.74344253540039,-35.74504089355469,-35.74660110473633,-35.74811935424805,-35.74959182739258,-35.75102996826172,-35.75242614746094,-35.753787994384766,-35.75511169433594,-35.75639724731445,-35.75764846801758,-35.75886535644531,-35.760047912597656,-35.76119613647461,-35.76231384277344,-35.763397216796875,-35.76445388793945,-35.76547622680664,-35.76647186279297,-35.76744079589844,-35.76837921142578,-35.769287109375,-35.770172119140625,-35.77103042602539,-35.7718620300293,-35.772666931152344,-35.7734489440918,-35.77420425415039,-35.774940490722656,-35.77565383911133,-35.77634048461914,-35.777008056640625,-35.77765655517578,-35.778282165527344,-35.77888870239258,-35.779476165771484,-35.7800407409668,-35.78059005737305,-35.78112030029297,-35.78163528442383,-35.78213119506836,-35.78261184692383,-35.78307342529297,-35.78352355957031,-35.78395462036133,-35.78437423706055,-35.7847785949707,-35.7851676940918,-35.78554153442383,-35.78590774536133,-35.7862548828125,-35.78659439086914,-35.786922454833984,-35.787235260009766,-35.78753662109375,-35.7878303527832,-35.78811264038086,-35.78838348388672,-35.78864669799805,-35.78889846801758,-35.78913879394531,-35.789371490478516,-35.78959655761719,-35.78981399536133,-35.79002380371094,-35.79022216796875,-35.7904167175293,-35.79060363769531,-35.79077911376953,-35.790950775146484,-35.79111862182617,-35.79127502441406,-35.79142761230469,-35.79157257080078,-35.79171371459961,-35.79185104370117,-35.7919807434082,-35.7921028137207,-35.79222106933594,-35.792335510253906,-35.79244613647461,-35.79255294799805,-35.79265213012695,-35.79275131225586,-35.792842864990234,-35.79293441772461,-35.79301834106445,-35.79309844970703,-35.79317855834961,-35.79325485229492,-35.7933235168457,-35.79339599609375,-35.793460845947266,-35.793521881103516,-35.793582916259766,-35.79364013671875,-35.793697357177734,-35.79375076293945,-35.793800354003906,-35.79384994506836,-35.79389572143555,-35.79393768310547,-35.79397964477539,-35.79402160644531,-35.79405975341797,-35.794097900390625,-35.794132232666016,-35.794166564941406,-35.79419708251953,-35.794227600097656,-35.79425811767578,-35.79428482055664,-35.7943115234375,-35.79433822631836,-35.79436111450195,-35.79438400268555,-35.79440689086914,-35.79442596435547,-35.7944450378418,-35.794464111328125,-35.79448318481445,-35.79450225830078,-35.794517517089844,-35.794532775878906,-35.79454803466797,-35.79456329345703,-35.79457473754883,-35.794586181640625,-35.79460144042969,-35.794612884521484,-35.79462432861328,-35.79463195800781,-35.79464340209961,-35.79465103149414,-35.79466247558594,-35.79467010498047,-35.794677734375,-35.79468536376953,-35.79469299316406,-35.794700622558594,-35.794708251953125,-35.79471206665039,-35.79471969604492,-35.79472351074219,-35.79473114013672,-35.794734954833984,-35.79473876953125,-35.794742584228516
-27.272436141967773,-27.375852584838867,-27.48046112060547,-27.584644317626953,-27.687002182006836,-27.78583335876465,-27.87957763671875,-27.967689514160156,-28.051240921020508,-28.131929397583008,-28.210641860961914,-28.28746795654297,-28.3621768951416,-28.43449592590332,-28.504276275634766,-28.571548461914062,-28.63652801513672,-28.699594497680664,-28.761241912841797,-28.822021484375,-28.882471084594727,-28.943037033081055,-29.0040283203125,-29.065563201904297,-29.12757682800293,-29.189834594726562,-29.251991271972656,-29.313648223876953,-29.374414443969727,-29.433988571166992,-29.492237091064453,-29.549293518066406,-29.605731964111328,-29.66282844543457,-29.722768783569336,-29.78841781616211,-29.862470626831055,-29.94658660888672,-30.04082679748535,-30.143220901489258,-30.249597549438477,-30.354555130004883,-30.455909729003906,-30.560588836669922,-30.67835235595703,-30.81172752380371,-30.9566650390625,-31.105504989624023,-31.249755859375,-31.38494300842285,-31.515790939331055,-31.65093421936035,-31.790546417236328,-31.92576026916504,-32.04704284667969,-32.1531867980957,-32.25277328491211,-32.35319519042969,-32.452823638916016,-32.545204162597656,-32.62754821777344,-32.705108642578125,-32.78491973876953,-32.867347717285156,-32.94759750366211,-33.02233123779297,-33.09347915649414,-33.165245056152344,-33.23812484741211,-33.30851745605469,-33.37390899658203,-33.436126708984375,-33.498252868652344,-33.560142517089844,-33.61949157714844,-33.676361083984375,-33.73381423950195,-33.7933464050293,-33.852962493896484,-33.91082000732422,-33.96788787841797,-34.025123596191406,-34.08073043823242,-34.132869720458984,-34.182456970214844,-34.230751037597656,-34.27699279785156,-34.320682525634766,-34.363067626953125,-34.40460205078125,-34.444129943847656,-34.48133850097656,-34.516815185546875,-34.550167083740234,-34.580780029296875,-34.60919952392578,-34.635860443115234,-34.65395736694336,-34.73136901855469,-34.76865005493164,-34.80213165283203,-34.85080337524414,-34.899559020996094,-34.93734359741211,-34.967620849609375,-35.00005340576172,-35.03631591796875,-35.07149124145508,-35.10166931152344,-35.12788009643555,-35.15388488769531,-35.18106460571289,-35.207420349121094,-35.23070526123047,-35.25110626220703,-35.270729064941406,-35.29096984863281,-35.311073303222656,-35.3294563293457,-35.3457145690918,-35.361019134521484,-35.37657928466797,-35.392333984375,-35.40740203857422,-35.421417236328125,-35.434959411621094,-35.448726654052734,-35.46268844604492,-35.47633361816406,-35.48957443237305,-35.502906799316406,-35.516754150390625,-35.530921936035156,-35.544986724853516,-35.5589599609375,-35.57326126098633,-35.588157653808594,-35.60344314575195,-35.61885070800781,-35.63446044921875,-35.650516510009766,-35.66707229614258,-35.68395233154297,-35.70109939575195,-35.718658447265625,-35.73672103881836,-35.75518798828125,-35.773948669433594,-35.7930793762207,-35.81269836425781,-35.8327751159668,-35.85319900512695,-35.87398910522461,-35.895225524902344,-35.916908264160156,-35.93895721435547,-35.96138381958008,-35.98424530029297,-36.00752639770508,-36.03116989135742,-36.05517578125,-36.0795783996582,-36.10435485839844,-36.12944412231445,-36.154842376708984,-36.180545806884766,-36.20650100708008,-36.23265075683594,-36.25897979736328,-36.28544616699219,-36.31197738647461,-36.3385124206543,-36.365028381347656,-36.391456604003906,-36.417724609375,-36.44379425048828,-36.46961975097656,-36.49513244628906,-36.52029037475586,-36.54506301879883,-36.569393157958984,-36.59324645996094,-36.61659240722656,-36.639404296875,-36.66163635253906,-36.68327713012695,-36.70429611206055,-36.724666595458984,-36.7443733215332,-36.763397216796875,-36.781715393066406,-36.79931640625,-36.816184997558594,-36.832313537597656,-36.847686767578125,-36.862308502197266,-36.87617492675781,-36.88928985595703,-36.90166473388672,-36.9133186340332,-36.92426300048828,-36.93452453613281,-36.944129943847656,-36.95310974121094,-36.961490631103516,-36.96931457519531,-36.97660827636719,-36.93499755859375,-36.99292755126953,-36.99418258666992,-36.98440933227539,-37.00021743774414,-37.024452209472656,-37.03899383544922,-37.04093551635742,-37.04115676879883,-37.049171447753906,-37.063575744628906,-37.07733917236328,-37.085548400878906,-37.0892333984375,-37.09342575073242,-37.10150146484375,-37.11232376098633,-37.12239456176758,-37.12944412231445,-37.134315490722656,-37.13971710205078,-37.14731216430664,-37.15633010864258,-37.164737701416016,-37.17138671875,-37.17699432373047,-37.18315887451172,-37.190608978271484,-37.19861602783203,-37.20596694946289,-37.212284088134766,-37.21828842163086,-37.22488784790039,-37.232173919677734,-37.23946762084961,-37.24617004394531,-37.25239181518555,-37.25872802734375,-37.26551818847656,-37.27250671386719,-37.27922439575195,-37.285552978515625,-37.29181671142578,-37.29832458496094,-37.305015563964844,-37.31158447265625,-37.317874908447266,-37.32404708862305,-37.330326080322266,-37.336700439453125,-37.342979431152344,-37.349037170410156,-37.35498046875,-37.36094284057617,-37.36692428588867,-37.3727912902832,-37.378475189208984,-37.3840446472168,-37.389583587646484,-37.395076751708984,-37.400428771972656,-37.40561294555664,-37.41068649291992,-37.41569137573242,-37.42060089111328,-37.42535400390625,-37.42995834350586,-37.4344482421875,-37.4388427734375,-37.4431037902832,-37.447208404541016,-37.451171875,-37.45502471923828,-37.45875549316406,-37.46234130859375,-37.46577835083008,-37.46908950805664,-37.47228240966797,-37.475345611572266,-37.478267669677734,-37.48106002807617,-37.48373794555664,-37.48629379272461,-37.48872375488281,-37.491031646728516,-37.493228912353516,-37.49531936645508,-37.49729537963867,-37.49916458129883,-37.50093078613281,-37.502601623535156,-37.50417709350586,-37.50565719604492,-37.507049560546875,-37.508358001708984,-37.50959014892578,-37.5107421875,-37.511817932128906,-37.5128288269043,-37.513771057128906,-37.514652252197266,-37.51547622680664,-37.51624298095703,-37.51696014404297,-37.51762771606445,-37.518245697021484,-37.51882553100586,-37.51936721801758,-37.51987075805664,-37.52033996582031,-37.52077865600586,-37.52118682861328,-37.52157211303711,-37.521934509277344,-37.52227020263672,-37.52259063720703,-37.522891998291016,-37.52317810058594,-37.5234489440918,-37.52370834350586,-37.523956298828125,-37.52419662475586,-37.5244255065918,-37.52465057373047,-37.52486801147461,-37.525081634521484,-37.525291442871094,-37.52549743652344,-37.52570343017578,-37.52590560913086,-37.5261116027832,-37.52631378173828,-37.52651596069336,-37.52671813964844,-37.52692413330078,-37.52713394165039,-37.52734375,-37.52755355834961,-37.527767181396484,-37.52798843383789,-37.5282096862793,-37.5284309387207,-37.52865982055664,-37.528892517089844,-37.52912902832031,-37.52936553955078,-37.52960968017578,-37.52985763549805,-37.53010559082031,-37.53036117553711,-37.53062057495117,-37.530879974365234,-37.53114700317383,-37.53141784667969,-37.53168869018555,-37.53196716308594,-37.53224563598633,-37.53253173828125,-37.53281784057617,-37.533111572265625,-37.53340530395508,-37.5337028503418,-37.534000396728516,-37.534305572509766,-37.53461456298828,-37.5349235534668,-37.53523635864258,-37.53554916381836,-37.53586959838867,-37.536190032958984,-37.5365104675293,-37.53683853149414,-37.537166595458984,-37.53749465942383,-37.53782653808594,-37.53816223144531,-37.53849792480469,-37.53883743286133,-37.53917694091797,-37.53951644897461,-37.539859771728516,-37.54020309448242,-37.54054641723633,-37.5408935546875,-37.541236877441406,-37.54158401489258,-37.541927337646484,-37.542274475097656,-37.54262161254883,-37.542964935302734,-37.54330825805664,-37.54365158081055,-37.54399490356445,-37.544334411621094,-37.544673919677734,-37.54500961303711,-37.545345306396484,-37.545677185058594,-37.54600524902344,-37.54633331298828,-37.54665756225586,-37.546974182128906,-37.54729080200195,-37.547603607177734,-37.54791259765625,-37.5482177734375,-37.548519134521484,-37.5488166809082,-37.54910659790039,-37.54939270019531,-37.54967498779297,-37.54995346069336,-37.55022430419922,-37.55049133300781,-37.55075454711914,-37.55101013183594,-37.55126190185547,-37.55150604248047,-37.5517463684082,-37.551979064941406,-37.552207946777344,-37.552433013916016,-37.552650451660156,-37.55286407470703,-37.553070068359375,-37.55326843261719,-37.553466796875,-37.553653717041016,-37.55384063720703,-37.554019927978516,-37.55419158935547,-37.554359436035156,-37.55452346801758,-37.55467987060547,-37.554832458496094,-37.55498123168945,-37.55512619018555,-37.55526351928711,-37.55539321899414,-37.55552291870117,-37.55564498901367,-37.55576705932617,-37.55588150024414,-37.555992126464844,-37.556095123291016,-37.55619812011719,-37.556297302246094,-37.55638885498047,-37.556480407714844,-37.55656814575195,-37.5566520690918,-37.556732177734375,-37.55680847167969,-37.556880950927734,-37.556949615478516,-37.5570182800293,-37.55707931518555,-37.5571403503418,-37.55720138549805,-37.557254791259766,-37.557308197021484,-37.5573616027832,-37.55740737915039,-37.55745315551758,-37.557498931884766,-37.55754089355469,-37.557579040527344,-37.5576171875,-37.557655334472656,-37.55768966674805,-37.55772399902344,-37.55775451660156,-37.55778121948242,-37.55781173706055,-37.557838439941406,-37.557861328125,-37.55788803100586,-37.55791091918945,-37.55792999267578,-37.557952880859375,-37.5579719543457,-37.55799102783203,-37.558006286621094,-37.55802536010742,-37.558040618896484,-37.55805587768555,-37.558067321777344,-37.558082580566406,-37.5580940246582,-37.55810546875,-37.5581169128418,-37.558128356933594,-37.558135986328125,-37.55814743041992,-37.55815505981445,-37.558162689208984,-37.558170318603516,-37.55817794799805,-37.55818557739258,-37.55819320678711,-37.55820083618164,-37.558204650878906,-37.55821228027344,-37.5582160949707,-37.55821990966797,-37.558223724365234,-37.5582275390625
-27.430400848388672,-27.588926315307617,-27.745718002319336,-27.899457931518555,-28.049055099487305,-28.193687438964844,-28.332799911499023,-28.466028213500977,-28.59311866760254,-28.713926315307617,-28.828510284423828,-28.937217712402344,-29.040695190429688,-29.139747619628906,-29.23516845703125,-29.32761573791504,-29.4175968170166,-29.50547218322754,-29.591459274291992,-29.675621032714844,-29.757829666137695,-29.837759017944336,-29.91489028930664,-29.988563537597656,-30.058073043823242,-30.122800827026367,-30.182369232177734,-30.236812591552734,-30.286653518676758,-30.332876205444336,-30.376739501953125,-30.419523239135742,-30.46229362487793,-30.505802154541016,-30.55044937133789,-30.596338272094727,-30.643329620361328,-30.69110107421875,-30.739221572875977,-30.787235260009766,-30.834745407104492,-30.881492614746094,-30.92740821838379,-30.97263526916504,-31.017471313476562,-31.06228256225586,-31.107378005981445,-31.152904510498047,-31.198795318603516,-31.244779586791992,-31.290441513061523,-31.335308074951172,-31.378944396972656,-31.4210262298584,-31.461393356323242,-31.500064849853516,-31.537212371826172,-31.5731201171875,-31.60810661315918,-31.6424617767334,-31.676389694213867,-31.70998191833496,-31.74321937561035,-31.775997161865234,-31.808168411254883,-31.839567184448242,-31.87005043029785,-31.9155216217041,-31.959707260131836,-32.00336456298828,-32.04475402832031,-32.08509826660156,-32.12540817260742,-32.1652717590332,-32.20467758178711,-32.2438850402832,-32.282875061035156,-32.321632385253906,-32.360107421875,-32.39811706542969,-32.43561935424805,-32.47272872924805,-32.509403228759766,-32.545536041259766,-32.58122253417969,-32.61662673950195,-32.65171432495117,-32.686378479003906,-32.72062683105469,-32.754520416259766,-32.78807067871094,-32.821285247802734,-32.85415267944336,-32.88663101196289,-32.91874313354492,-32.950565338134766,-32.98211669921875,-33.01337814331055,-33.044368743896484,-33.07511520385742,-33.10561752319336,-33.13587951660156,-33.16592025756836,-33.195743560791016,-33.22539138793945,-33.254920959472656,-33.284366607666016,-33.313758850097656,-33.34312438964844,-33.37247848510742,-33.40182876586914,-33.431175231933594,-33.46051788330078,-33.48983383178711,-33.51910400390625,-33.54829025268555,-33.577335357666016,-33.60618209838867,-33.6347770690918,-33.66307830810547,-33.691062927246094,-33.71873092651367,-33.74611282348633,-33.77327346801758,-33.80027770996094,-33.82720184326172,-33.85409164428711,-33.880958557128906,-33.907779693603516,-33.93449401855469,-33.96100616455078,-33.98722457885742,-34.01304244995117,-34.03839111328125,-34.06321716308594,-34.08751678466797,-34.1113166809082,-34.13466262817383,-34.157615661621094,-34.180206298828125,-34.20245361328125,-34.22432327270508,-34.24577713012695,-34.26674270629883,-34.287174224853516,-34.307029724121094,-34.326290130615234,-34.344970703125,-34.363094329833984,-34.38070297241211,-34.39781188964844,-34.41443634033203,-34.43056869506836,-34.44618606567383,-34.461265563964844,-34.475791931152344,-34.48976516723633,-34.50319290161133,-34.516090393066406,-34.52848434448242,-34.5403938293457,-34.55183410644531,-34.56788635253906,-34.589656829833984,-34.60810852050781,-34.6248893737793,-34.6425666809082,-34.660335540771484,-34.676788330078125,-34.69178771972656,-34.706275939941406,-34.720703125,-34.734840393066406,-34.74828338623047,-34.760826110839844,-34.772613525390625,-34.78396224975586,-34.79500961303711,-34.805721282958984,-34.815982818603516,-34.82566833496094,-34.834808349609375,-34.84358215332031,-34.852142333984375,-34.8604736328125,-34.86848068237305,-34.876102447509766,-34.88340759277344,-34.890525817871094,-34.89750289916992,-34.90428924560547,-34.91083908081055,-34.91715621948242,-34.923282623291016,-34.92926025390625,-34.93510055541992,-34.94078826904297,-34.94630813598633,-34.95165252685547,-34.95683288574219,-34.96187973022461,-34.9668083190918,-34.97160339355469,-34.97624206542969,-34.98073959350586,-34.9851188659668,-34.98938751220703,-34.9935417175293,-34.9975700378418,-35.00148391723633,-35.00529098510742,-35.00900650024414,-35.01262664794922,-35.016151428222656,-35.01958465576172,-35.022926330566406,-35.02619171142578,-35.029380798339844,-35.03249740600586,-35.03553771972656,-35.03850555419922,-35.04140853881836,-35.044246673583984,-35.04702377319336,-35.049739837646484,-35.052391052246094,-35.05498504638672,-35.057525634765625,-35.06000900268555,-35.062435150146484,-35.0648078918457,-35.0671272277832,-35.069393157958984,-35.07161331176758,-35.07377624511719,-35.07589340209961,-35.07796096801758,-35.079978942871094,-35.08195114135742,-35.0838737487793,-35.08575439453125,-35.087589263916016,-35.089378356933594,-35.09112548828125,-35.09282684326172,-35.09449005126953,-35.096107482910156,-35.09769058227539,-35.09922790527344,-35.10072708129883,-35.10218811035156,-35.103614807128906,-35.10499954223633,-35.10634994506836,-35.107662200927734,-35.10894012451172,-35.11018753051758,-35.11139678955078,-35.11257553100586,-35.11371994018555,-35.114830017089844,-35.11591339111328,-35.11696243286133,-35.117984771728516,-35.11897277832031,-35.119937896728516,-35.120872497558594,-35.12177658081055,-35.122657775878906,-35.123512268066406,-35.12434005737305,-35.12514114379883,-35.125919342041016,-35.12667465209961,-35.127403259277344,-35.12811279296875,-35.1287956237793,-35.129459381103516,-35.13010025024414,-35.13072204589844,-35.13132095336914,-35.13190460205078,-35.13246536254883,-35.13300704956055,-35.1335334777832,-35.13404083251953,-35.13452911376953,-35.13500213623047,-35.135459899902344,-35.135902404785156,-35.13632583618164,-35.13673782348633,-35.13713455200195,-35.137516021728516,-35.137882232666016,-35.13823699951172,-35.138580322265625,-35.13890838623047,-35.139225006103516,-35.139530181884766,-35.13982391357422,-35.140106201171875,-35.140380859375,-35.14064025878906,-35.140892028808594,-35.14113235473633,-35.14136505126953,-35.1415901184082,-35.14180374145508,-35.14200973510742,-35.142208099365234,-35.142398834228516,-35.142581939697266,-35.142757415771484,-35.14292526245117,-35.14308547973633,-35.14323806762695,-35.14338684082031,-35.14352798461914,-35.1436653137207,-35.143795013427734,-35.1439208984375,-35.144039154052734,-35.1441535949707,-35.14426040649414,-35.14436721801758,-35.144466400146484,-35.144561767578125,-35.1446533203125,-35.14474105834961,-35.14482498168945,-35.14490509033203,-35.144981384277344,-35.14505386352539,-35.14512252807617,-35.14518737792969,-35.1452522277832,-35.14531326293945,-35.14537048339844,-35.145423889160156,-35.145477294921875,-35.14552688598633,-35.145572662353516,-35.1456184387207,-35.14566421508789,-35.14570236206055,-35.14574432373047,-35.14577865600586,-35.145816802978516,-35.14584732055664,-35.14588165283203,-35.145912170410156,-35.145938873291016,-35.145965576171875,-35.145992279052734,-35.146018981933594,-35.14604187011719,-35.14606475830078,-35.14608383178711,-35.14610290527344,-35.146121978759766,-35.146141052246094,-35.14616012573242,-35.146175384521484,-35.14619064331055,-35.14620590209961,-35.146217346191406,-35.14623260498047,-35.146244049072266,-35.14625549316406,-35.14626693725586,-35.14627456665039,-35.14628601074219,-35.146297454833984,-35.146305084228516,-35.14631271362305,-35.14632034301758,-35.14632797241211,-35.14633560180664,-35.14634323120117,-35.14634704589844,-35.14635467529297,-35.1463623046875,-35.146366119384766,-35.14636993408203,-35.1463737487793,-35.14638137817383,-35.146385192871094
-26.784303665161133,-26.961328506469727,-27.140779495239258,-27.318069458007812,-27.486913681030273,-27.64259147644043,-27.787548065185547,-27.93175506591797,-28.082544326782227,-28.240915298461914,-28.404069900512695,-28.567241668701172,-28.725154876708984,-28.873971939086914,-29.01344108581543,-29.147314071655273,-29.28020668029785,-29.41353416442871,-29.544734954833984,-29.669647216796875,-29.78572654724121,-29.894405364990234,-30.000782012939453,-30.1104736328125,-30.226985931396484,-30.351911544799805,-30.486448287963867,-30.632225036621094,-30.791101455688477,-30.964412689208984,-31.15210723876953,-31.352209091186523,-31.56085777282715,-31.772668838500977,-31.981388092041016,-32.18080520629883,-32.3657341003418,-32.532867431640625,-32.68120574951172,-32.8120231628418,-32.928348541259766,-33.03401184082031,-33.13261032104492,-33.2268180847168,-33.31832504272461,-33.408111572265625,-33.49653244018555,-33.583187103271484,-33.667057037353516,-33.74697494506836,-33.82186508178711,-33.89073944091797,-33.95289611816406,-34.00825119018555,-34.05721664428711,-34.1004524230957,-34.138858795166016,-34.173553466796875,-34.204219818115234,-34.3031120300293,-34.347469329833984,-34.382896423339844,-34.4379768371582,-34.4980583190918,-34.548805236816406,-34.58913803100586,-34.628089904785156,-34.671287536621094,-34.715946197509766,-34.75761032104492,-34.79600143432617,-34.83445358276367,-34.875274658203125,-34.91715621948242,-34.95719528198242,-34.994285583496094,-35.03010940551758,-35.06679153442383,-35.10432052612305,-35.140846252441406,-35.17500686645508,-35.20741271972656,-35.23966598510742,-35.272342681884766,-35.30451965332031,-35.33513641357422,-35.36433029174805,-35.393184661865234,-35.42232131958008,-35.45124053955078,-35.47914123535156,-35.50593948364258,-35.532222747802734,-35.55833435058594,-35.58396530151367,-35.608707427978516,-35.632633209228516,-35.65609359741211,-35.679134368896484,-35.70144271850586,-35.722896575927734,-35.7437744140625,-35.76435470581055,-35.7845458984375,-35.804115295410156,-35.82311248779297,-35.84178924560547,-35.86024475097656,-35.878353118896484,-35.896095275878906,-35.913631439208984,-35.931068420410156,-35.948333740234375,-35.96540832519531,-35.98242950439453,-35.99953079223633,-36.01667785644531,-36.03383255004883,-36.05109405517578,-36.068572998046875,-36.08625793457031,-36.1041259765625,-36.12222671508789,-36.1406135559082,-36.15926742553711,-36.17816162109375,-36.19732666015625,-36.21677017211914,-36.23644256591797,-36.25633239746094,-36.27643966674805,-36.2967414855957,-36.31718826293945,-36.33775329589844,-36.35842514038086,-36.379150390625,-36.39987564086914,-36.420570373535156,-36.441192626953125,-36.46167755126953,-36.48198699951172,-36.502079010009766,-36.52189636230469,-36.5413932800293,-36.56052780151367,-36.579261779785156,-36.5975456237793,-36.6153450012207,-36.63263702392578,-36.64939498901367,-36.66559982299805,-36.68124771118164,-36.69633102416992,-36.710853576660156,-36.72482681274414,-36.73826217651367,-36.75117111206055,-36.763580322265625,-36.7755012512207,-36.78694534301758,-36.797935485839844,-36.80847930908203,-36.818580627441406,-36.76578903198242,-36.84499740600586,-36.848838806152344,-36.83683395385742,-36.8581657409668,-36.89063262939453,-36.909751892089844,-36.91117858886719,-36.909454345703125,-36.917442321777344,-36.93331527709961,-36.947776794433594,-36.954410552978516,-36.954559326171875,-36.9548225402832,-36.95978546142578,-36.96823501586914,-36.9756965637207,-36.979087829589844,-36.97929000854492,-36.97978210449219,-36.98289489746094,-36.98784255981445,-36.99208450317383,-36.9940071105957,-36.99430847167969,-36.99497985839844,-36.997161865234375,-37.000186920166016,-37.00254440307617,-37.00352478027344,-37.003822326660156,-37.00463104248047,-37.00632095336914,-37.008216857910156,-37.009464263916016,-37.00998306274414,-37.01042175292969,-37.0113410949707,-37.01263427734375,-37.01375198364258,-37.014381408691406,-37.01476287841797,-37.01533508300781,-37.016197204589844,-37.017051696777344,-37.01762390136719,-37.017974853515625,-37.01838684082031,-37.01898193359375,-37.01961135864258,-37.02008819580078,-37.02041244506836,-37.020751953125,-37.021209716796875,-37.02169418334961,-37.022090911865234,-37.02239227294922,-37.02271270751953,-37.023109436035156,-37.02352523803711,-37.02388000488281,-37.02418899536133,-37.02451705932617,-37.02489471435547,-37.02527618408203,-37.025611877441406,-37.02592468261719,-37.02626037597656,-37.026615142822266,-37.02696228027344,-37.027278900146484,-37.027584075927734,-37.02790832519531,-37.028236389160156,-37.02854919433594,-37.02884292602539,-37.029136657714844,-37.02943801879883,-37.02973556518555,-37.0300178527832,-37.03028869628906,-37.03055953979492,-37.03083038330078,-37.03109359741211,-37.031341552734375,-37.031585693359375,-37.031829833984375,-37.032066345214844,-37.032291412353516,-37.032508850097656,-37.03272247314453,-37.032928466796875,-37.03313064575195,-37.033321380615234,-37.033504486083984,-37.03368377685547,-37.03385925292969,-37.03402328491211,-37.0341796875,-37.034332275390625,-37.03447723388672,-37.03461456298828,-37.03474807739258,-37.034873962402344,-37.034996032714844,-37.03511428833008,-37.035221099853516,-37.03532791137695,-37.03542709350586,-37.0355224609375,-37.03561019897461,-37.03569412231445,-37.03577423095703,-37.035850524902344,-37.03592300415039,-37.035987854003906,-37.03605270385742,-37.03611373901367,-37.03616714477539,-37.03622055053711,-37.03627014160156,-37.03631591796875,-37.03636169433594,-37.036399841308594,-37.03643798828125,-37.03647232055664,-37.03650665283203,-37.036537170410156,-37.03656768798828,-37.03659439086914,-37.036617279052734,-37.03664016723633,-37.03666305541992,-37.03668212890625,-37.03669738769531,-37.03671646118164,-37.0367317199707,-37.036746978759766,-37.03675842285156,-37.03676986694336,-37.036781311035156,-37.03679275512695,-37.036800384521484,-37.036808013916016,-37.03681564331055,-37.03682327270508,-37.03683090209961,-37.036834716796875,-37.036842346191406,-37.03684616088867,-37.03684997558594,-37.0368537902832,-37.03685760498047
-26.148508071899414,-26.273746490478516,-26.38740348815918,-26.48842430114746,-26.577425003051758,-26.65667724609375,-26.729238510131836,-26.79767417907715,-26.863574981689453,-26.927839279174805,-26.990999221801758,-27.053421020507812,-27.115386962890625,-27.177135467529297,-27.238887786865234,-27.30086898803711,-27.363325119018555,-27.426528930664062,-27.49075698852539,-27.556257247924805,-27.623239517211914,-27.691844940185547,-27.762165069580078,-27.834232330322266,-27.908037185668945,-27.98354148864746,-28.060699462890625,-28.139450073242188,-28.21973419189453,-28.301494598388672,-28.38472557067871,-28.469499588012695,-28.556007385253906,-28.64456558227539,-28.73562240600586,-28.829723358154297,-28.92742919921875,-29.02919578552246,-29.13526153564453,-29.245586395263672,-29.359838485717773,-29.477453231811523,-29.597749710083008,-29.72010040283203,-29.84416389465332,-29.970108032226562,-30.09862518310547,-30.230560302734375,-30.366369247436523,-30.505725860595703,-30.647483825683594,-30.789867401123047,-30.9307804107666,-31.06827163696289,-31.20113182067871,-31.329347610473633,-31.453907012939453,-31.575817108154297,-31.695064544677734,-31.81039047241211,-31.919939041137695,-32.022281646728516,-32.11729431152344,-32.20616149902344,-32.29041290283203,-32.37074661254883,-32.446659088134766,-32.51707458496094,-32.58143615722656,-32.640411376953125,-32.69551467895508,-32.7480354309082,-32.79819107055664,-32.845359802246094,-32.88913345336914,-32.93019104003906,-32.96990966796875,-33.00920486450195,-33.04790496826172,-33.08540725708008,-33.12186050415039,-33.170501708984375,-33.226688385009766,-33.27497863769531,-33.31900405883789,-33.36164855957031,-33.401885986328125,-33.43918228149414,-33.474578857421875,-33.50944900512695,-33.54383087158203,-33.577186584472656,-33.609397888183594,-33.64120864868164,-33.67304611206055,-33.70452880859375,-33.735435485839844,-33.76631546020508,-33.797607421875,-33.8289794921875,-33.860164642333984,-33.8916015625,-33.92363739013672,-33.95587921142578,-33.98811340332031,-34.020851135253906,-34.054412841796875,-34.088558197021484,-34.12345504760742,-34.1597785949707,-34.197731018066406,-34.23720932006836,-34.278682708740234,-34.32255554199219,-34.36863708496094,-34.41704559326172,-34.468170166015625,-34.52183532714844,-34.5779914855957,-34.636905670166016,-34.6983642578125,-34.76234436035156,-34.828861236572266,-34.897464752197266,-34.96805953979492,-35.04022216796875,-35.113494873046875,-35.187618255615234,-35.26198959350586,-35.336334228515625,-35.41010284423828,-35.483036041259766,-35.55475997924805,-35.625125885009766,-35.69399642944336,-35.76138687133789,-35.8272819519043,-35.8917350769043,-35.954715728759766,-36.01632308959961,-36.076515197753906,-36.1353759765625,-36.19283676147461,-36.24886703491211,-36.30339050292969,-36.35628128051758,-36.407508850097656,-36.45694351196289,-36.50452423095703,-36.55021667480469,-36.59394836425781,-36.63570022583008,-36.67546081542969,-36.713199615478516,-36.748931884765625,-36.78272247314453,-36.81462097167969,-36.84467697143555,-36.872947692871094,-36.89949417114258,-36.92438507080078,-36.947689056396484,-36.969486236572266,-36.989864349365234,-37.00889205932617,-37.026641845703125,-37.04318618774414,-37.05860900878906,-37.02496337890625,-37.08892822265625,-37.09719467163086,-37.093135833740234,-37.114017486572266,-37.14333724975586,-37.162715911865234,-37.169002532958984,-37.17325973510742,-37.18496322631836,-37.20233917236328,-37.21821975708008,-37.22813415527344,-37.23380661010742,-37.24045181274414,-37.250911712646484,-37.2634391784668,-37.274391174316406,-37.2819938659668,-37.28777313232422,-37.29460144042969,-37.303619384765625,-37.313411712646484,-37.321876525878906,-37.328399658203125,-37.33424377441406,-37.340972900390625,-37.3487548828125,-37.35643005371094,-37.36294937133789,-37.368473052978516,-37.37401580810547,-37.38017654418945,-37.38654327392578,-37.39232635498047,-37.397315979003906,-37.40205383300781,-37.407081604003906,-37.41232681274414,-37.41728210449219,-37.42169189453125,-37.425838470458984,-37.43009567260742,-37.434471130371094,-37.43864822387695,-37.44245529174805,-37.44605255126953,-37.44968032836914,-37.453311920166016,-37.45674133300781,-37.45988845825195,-37.4629020690918,-37.46590805053711,-37.46885299682617,-37.47160720825195,-37.47416687011719,-37.47664260864258,-37.479095458984375,-37.48145294189453,-37.483646392822266,-37.485713958740234,-37.487728118896484,-37.48968505859375,-37.49152755737305,-37.49323654174805,-37.494869232177734,-37.496456146240234,-37.497962951660156,-37.499359130859375,-37.50067138671875,-37.50193786621094,-37.50314712524414,-37.50428009033203,-37.50532913208008,-37.5063362121582,-37.50729751586914,-37.50819778442383,-37.509033203125,-37.509822845458984,-37.51057815551758,-37.51128387451172,-37.51193618774414,-37.512550354003906,-37.51313400268555,-37.51367950439453,-37.51418685913086,-37.51465606689453,-37.51510238647461,-37.51552200317383,-37.515907287597656,-37.516265869140625,-37.5166015625,-37.51691818237305,-37.517208099365234,-37.517478942871094,-37.517730712890625,-37.51796340942383,-37.51818084716797,-37.51837921142578,-37.5185661315918,-37.51873779296875,-37.518898010253906,-37.51904296875,-37.51918029785156,-37.51930618286133,-37.5194206237793,-37.519527435302734,-37.519622802734375,-37.51971435546875,-37.519798278808594,-37.51987075805664,-37.51994323730469,-37.5200080871582,-37.52006530761719,-37.520118713378906,-37.52016830444336,-37.52021408081055,-37.52025604248047,-37.520294189453125,-37.520328521728516,-37.52035903930664,-37.5203857421875,-37.52041244506836,-37.52043914794922,-37.52045822143555,-37.52048110961914,-37.5204963684082,-37.52051544189453,-37.520530700683594,-37.52054214477539,-37.52055740356445,-37.52056884765625,-37.52057647705078,-37.52058792114258,-37.52059555053711,-37.52060317993164,-37.52061080932617,-37.5206184387207,-37.52062225341797,-37.520626068115234,-37.520633697509766,-37.52063751220703,-37.5206413269043,-37.52064514160156
-26.154420852661133,-26.367483139038086,-26.564661026000977,-26.735918045043945,-26.881715774536133,-27.020933151245117,-27.174190521240234,-27.34475326538086,-27.523775100708008,-27.699569702148438,-27.863672256469727,-28.015764236450195,-28.16390037536621,-28.316091537475586,-28.472681045532227,-28.627477645874023,-28.772939682006836,-28.90526580810547,-29.027326583862305,-29.146671295166016,-29.269174575805664,-29.394929885864258,-29.51995849609375,-29.640851974487305,-29.75826072692871,-29.876115798950195,-29.99704360961914,-30.119260787963867,-30.238277435302734,-30.351083755493164,-30.45871925354004,-30.56439208984375,-30.669355392456055,-30.77175521850586,-30.869571685791016,-30.963661193847656,-31.05718421936035,-31.15212059020996,-31.247539520263672,-31.341632843017578,-31.434391021728516,-31.527219772338867,-31.620237350463867,-31.711490631103516,-31.799192428588867,-31.883586883544922,-31.96573829650879,-32.045406341552734,-32.121482849121094,-32.19397735595703,-32.26416015625,-32.332698822021484,-32.39905548095703,-32.462955474853516,-32.5251350402832,-32.586063385009766,-32.64519119262695,-32.70201873779297,-32.75693893432617,-32.8104248046875,-32.86231231689453,-32.91246032714844,-32.96128845214844,-33.00910568237305,-33.05565643310547,-33.06522750854492,-33.16857147216797,-33.21841812133789,-33.25708770751953,-33.3175048828125,-33.38323211669922,-33.439754486083984,-33.48617172241211,-33.532169342041016,-33.5831298828125,-33.63544464111328,-33.68427276611328,-33.72894287109375,-33.772361755371094,-33.817256927490234,-33.86308670043945,-33.90713882446289,-33.94795227050781,-33.986698150634766,-34.025516510009766,-34.06511306762695,-34.104270935058594,-34.141414642333984,-34.17629623413086,-34.21010208129883,-34.2440185546875,-34.278018951416016,-34.311214447021484,-34.34300231933594,-34.3736572265625,-34.403839111328125,-34.43380355834961,-34.46329879760742,-34.492069244384766,-34.520240783691406,-34.54813003540039,-34.57582092285156,-34.6031379699707,-34.62997817993164,-34.65647506713867,-34.682861328125,-34.709205627441406,-34.73540496826172,-34.76138687133789,-34.78718948364258,-34.81289291381836,-34.838539123535156,-34.86414337158203,-34.889739990234375,-34.915340423583984,-34.94091033935547,-34.9664306640625,-34.991966247558594,-35.017581939697266,-35.04328155517578,-35.06903076171875,-35.09482192993164,-35.12070846557617,-35.146705627441406,-35.17277526855469,-35.19890213012695,-35.225120544433594,-35.251441955566406,-35.27783203125,-35.304237365722656,-35.33067321777344,-35.35715103149414,-35.38365936279297,-35.41016387939453,-35.43666076660156,-35.46315383911133,-35.489646911621094,-35.5161247253418,-35.54258728027344,-35.56904220581055,-35.59547805786133,-35.62187194824219,-35.648216247558594,-35.67448806762695,-35.70066452026367,-35.72671127319336,-35.752593994140625,-35.77828598022461,-35.80376052856445,-35.8289909362793,-35.85395431518555,-35.878623962402344,-35.902984619140625,-35.927005767822266,-35.95066833496094,-35.97393035888672,-35.996761322021484,-36.01911926269531,-36.040950775146484,-36.06220626831055,-36.082828521728516,-36.102760314941406,-36.1219482421875,-36.14033508300781,-36.15787124633789,-36.17451477050781,-36.19023132324219,-36.20499038696289,-36.21876907348633,-36.231563568115234,-36.243370056152344,-36.254188537597656,-36.26404571533203,-36.22920227050781,-36.289703369140625,-36.2955207824707,-36.290157318115234,-36.308921813964844,-36.33546447753906,-36.35218811035156,-36.35611343383789,-36.35785675048828,-36.36666488647461,-36.38108444213867,-36.39423370361328,-36.401458740234375,-36.40395736694336,-36.4067268371582,-36.41299819946289,-36.42159652709961,-36.429134368896484,-36.43353271484375,-36.435726165771484,-36.4383659362793,-36.44297409057617,-36.448734283447266,-36.4537467956543,-36.4570198059082,-36.45930862426758,-36.462100982666016,-36.46601486206055,-36.4703369140625,-36.47396469116211,-36.476585388183594,-36.478851318359375,-36.48155212402344,-36.48476791381836,-36.4879150390625,-36.4904670715332,-36.49250793457031,-36.494544982910156,-36.49688720703125,-36.499351501464844,-36.501548767089844,-36.50336456298828,-36.505035400390625,-36.506839752197266,-36.50877380371094,-36.51061248779297,-36.51220703125,-36.513648986816406,-36.51512908935547,-36.516693115234375,-36.51821517944336,-36.51957702636719,-36.52081298828125,-36.52204513549805,-36.5233154296875,-36.5245475769043,-36.525665283203125,-36.52669143676758,-36.52770233154297,-36.528724670410156,-36.52970886230469,-36.53061294555664,-36.53144836425781,-36.53227233886719,-36.5330924987793,-36.533878326416016,-36.53460693359375,-36.5352897644043,-36.53596115112305,-36.53662109375,-36.53725051879883,-36.5378303527832,-36.53838348388672,-36.53892517089844,-36.53944778442383,-36.539939880371094,-36.540401458740234,-36.54084014892578,-36.54126739501953,-36.54167556762695,-36.542057037353516,-36.542415618896484,-36.542762756347656,-36.543094635009766,-36.54340744018555,-36.543701171875,-36.54397964477539,-36.544246673583984,-36.544498443603516,-36.54473876953125,-36.544960021972656,-36.54517364501953,-36.545372009277344,-36.545562744140625,-36.545738220214844,-36.54590606689453,-36.54606628417969,-36.54621505737305,-36.54635238647461,-36.54648208618164,-36.54660415649414,-36.546722412109375,-36.54682922363281,-36.546932220458984,-36.547027587890625,-36.547115325927734,-36.54719924926758,-36.547279357910156,-36.5473518371582,-36.547420501708984,-36.5474853515625,-36.547542572021484,-36.54759979248047,-36.54765319824219,-36.547698974609375,-36.54774475097656,-36.547786712646484,-36.547828674316406,-36.5478630065918,-36.54789733886719,-36.54793167114258,-36.54795837402344,-36.54798889160156,-36.548011779785156,-36.548038482666016,-36.54806137084961,-36.54808044433594,-36.548099517822266,-36.548118591308594,-36.548133850097656,-36.548152923583984,-36.54816436767578,-36.548179626464844,-36.54819107055664,-36.5482063293457,-36.5482177734375,-36.5482292175293,-36.54823684692383,-36.548248291015625,-36.548255920410156,-36.54826354980469,-36.548274993896484,-36.548282623291016,-36.54829025268555,-36.54829788208008,-36.54830551147461,-36.548309326171875,-36.548316955566406,-36.54832458496094,-36.54833221435547,-36.548336029052734,-36.548343658447266,-36.5483512878418,-36.54835510253906,-36.548362731933594,-36.54836654663086,-36.54837417602539,-36.54838180541992,-36.54838562011719,-36.54839324951172,-36.54840087890625,-36.548404693603516,-36.54841232299805,-36.54841995239258,-36.54842758178711,-36.548431396484375,-36.548439025878906,-36.54844665527344,-36.54845428466797,-36.5484619140625,-36.54846954345703,-36.54847717285156,-36.548484802246094,-36.548492431640625,-36.548500061035156,-36.54850769042969,-36.54851531982422,-36.54852294921875,-36.54853057861328,-36.54853820800781,-36.548545837402344,-36.54855728149414,-36.54856491088867,-36.5485725402832,-36.548583984375,-36.54859161376953,-36.54859924316406,-36.54861068725586,-36.54861831665039,-36.54862976074219,-36.54863739013672,-36.54864501953125,-36.54865646362305,-36.54866409301758,-36.548675537109375,-36.548683166503906,-36.5486946105957,-36.548702239990234,-36.54871368408203,-36.54872131347656,-36.54873275756836,-36.54874038696289,-36.54875183105469,-36.54875946044922,-36.548770904541016,-36.54877853393555,-36.54878616333008,-36.548797607421875,-36.548805236816406,-36.54881286621094,-36.548824310302734,-36.548831939697266,-36.5488395690918,-36.54884719848633,-36.54885482788086,-36.54886245727539,-36.548866271972656,-36.548866271972656,-36.54887008666992,-36.54887008666992
-25.345993041992188,-25.540103912353516,-25.732133865356445,-25.92146110534668,-26.10423469543457,-26.277076721191406,-26.43802261352539,-26.586423873901367,-26.722591400146484,-26.847530364990234,-26.96275520324707,-27.070068359375,-27.171375274658203,-27.26852798461914,-27.363252639770508,-27.45708465576172,-27.55134391784668,-27.647130966186523,-27.745332717895508,-27.84663200378418,-27.95153045654297,-28.06033706665039,-28.173192977905273,-28.290075302124023,-28.41082000732422,-28.53510856628418,-28.662466049194336,-28.792255401611328,-28.923648834228516,-29.05565643310547,-29.187152862548828,-29.316970825195312,-29.44403076171875,-29.56749153137207,-29.6868896484375,-29.80217170715332,-29.913631439208984,-30.021692276000977,-30.126680374145508,-30.228635787963867,-30.327268600463867,-30.422014236450195,-30.512210845947266,-30.597299575805664,-30.677011489868164,-30.751476287841797,-30.821195602416992,-30.8868465423584,-30.949054718017578,-31.008195877075195,-31.06434440612793,-31.117359161376953,-31.167037963867188,-31.213293075561523,-31.256248474121094,-31.2962589263916,-31.333833694458008,-31.396053314208984,-31.454483032226562,-31.509328842163086,-31.561050415039062,-31.61200523376465,-31.66323471069336,-31.713598251342773,-31.76218032836914,-31.809289932250977,-31.85577964782715,-31.901899337768555,-31.947303771972656,-31.99168586730957,-32.03506851196289,-32.07777786254883,-32.1201057434082,-32.16205596923828,-32.203582763671875,-32.244834899902344,-32.28602981567383,-32.32713317871094,-32.36791229248047,-32.408302307128906,-32.448570251464844,-32.489013671875,-32.52967834472656,-32.570533752441406,-32.61179733276367,-32.65382385253906,-32.69682693481445,-32.740966796875,-32.786624908447266,-32.83421325683594,-32.88389205932617,-32.93588638305664,-32.99057388305664,-33.04800033569336,-33.10816955566406,-33.171234130859375,-33.23700714111328,-33.305423736572266,-33.37639617919922,-33.44951248168945,-33.524559020996094,-33.6009635925293,-33.67844009399414,-33.75642776489258,-33.83457565307617,-33.91225814819336,-33.989158630371094,-34.06478500366211,-34.13896560668945,-34.21137619018555,-34.28183364868164,-34.35027313232422,-34.41659927368164,-34.48084259033203,-34.5429801940918,-34.60297393798828,-34.660888671875,-34.71670913696289,-34.770347595214844,-34.82176971435547,-34.870941162109375,-34.91777801513672,-34.96218490600586,-35.004112243652344,-35.043556213378906,-35.08049774169922,-35.11494827270508,-35.1469841003418,-35.17671203613281,-35.20426940917969,-35.22981262207031,-35.253536224365234,-35.275630950927734,-35.296287536621094,-35.31571960449219,-35.334129333496094,-35.3516960144043,-35.33626174926758,-35.39299774169922,-35.40919876098633,-35.41678237915039,-35.44239044189453,-35.47394561767578,-35.498558044433594,-35.514732360839844,-35.53053283691406,-35.55192565917969,-35.57716751098633,-35.60139465332031,-35.62211990356445,-35.64130783081055,-35.66252899169922,-35.6868782043457,-35.71255111694336,-35.737274169921875,-35.76063919067383,-35.784278869628906,-35.809730529785156,-35.83667755126953,-35.863624572753906,-35.889713287353516,-35.91557693481445,-35.9423942565918,-35.97038269042969,-35.99861145019531,-36.02627182006836,-36.05363845825195,-36.081634521484375,-36.110626220703125,-36.14002227783203,-36.16912078857422,-36.197959899902344,-36.227134704589844,-36.256893157958984,-36.28682327270508,-36.31648254394531,-36.34593200683594,-36.375511169433594,-36.40519714355469,-36.434635162353516,-36.463645935058594,-36.4924201965332,-36.52109146118164,-36.54945373535156,-36.577232360839844,-36.60443115234375,-36.63120651245117,-36.657508850097656,-36.68311309814453,-36.707923889160156,-36.73202896118164,-36.75546646118164,-36.778106689453125,-36.79988098144531,-36.82085418701172,-36.84108352661133,-36.86050796508789,-36.87908935546875,-36.89689254760742,-36.91397476196289,-36.930301666259766,-36.94585037231445,-36.96067428588867,-36.974822998046875,-36.98828125,-37.001041412353516,-37.013153076171875,-37.024654388427734,-37.03554916381836,-37.04584503173828,-37.05559539794922,-37.064823150634766,-37.07353210449219,-37.08174514770508,-37.089508056640625,-37.096832275390625,-37.103729248046875,-37.11022186279297,-37.11634063720703,-37.12210464477539,-37.127525329589844,-37.132633209228516,-37.137447357177734,-37.14198303222656,-37.146263122558594,-37.15031051635742,-37.15414047241211,-37.157772064208984,-37.161216735839844,-37.16449737548828,-37.16762161254883,-37.17060470581055,-37.17345428466797,-37.176185607910156,-37.178802490234375,-37.181312561035156,-37.1837272644043,-37.18605422973633,-37.18829345703125,-37.19045639038086,-37.192543029785156,-37.19456100463867,-37.19651412963867,-37.19840621948242,-37.20024108886719,-37.20201873779297,-37.2037467956543,-37.20542526245117,-37.207054138183594,-37.20864486694336,-37.21018981933594,-37.21169662475586,-37.213165283203125,-37.214595794677734,-37.21599578857422,-37.21736145019531,-37.218692779541016,-37.21999740600586,-37.22126770019531,-37.222511291503906,-37.223724365234375,-37.22491455078125,-37.226070404052734,-37.227203369140625,-37.228309631347656,-37.229393005371094,-37.23044967651367,-37.23147964477539,-37.232486724853516,-37.23347091674805,-37.23442840576172,-37.23536682128906,-37.23627853393555,-37.2371711730957,-37.238040924072266,-37.238887786865234,-37.239715576171875,-37.24052047729492,-37.241302490234375,-37.2420654296875,-37.2428092956543,-37.243534088134766,-37.24423599243164,-37.24491882324219,-37.24558639526367,-37.24623107910156,-37.24686050415039,-37.247467041015625,-37.24806213378906,-37.248634338378906,-37.24919128417969,-37.249732971191406,-37.25025939941406,-37.25076675415039,-37.251258850097656,-37.251739501953125,-37.252201080322266,-37.25265121459961,-37.25308609008789,-37.25350570678711,-37.25391387939453,-37.254310607910156,-37.25469207763672,-37.25506591796875,-37.25542449951172,-37.25577163696289,-37.25611114501953,-37.25643539428711,-37.256752014160156,-37.257057189941406,-37.257354736328125,-37.25764083862305,-37.25791931152344,-37.25818634033203,-37.25844955444336,-37.25870132446289,-37.25894546508789,-37.25918197631836,-37.2594108581543,-37.2596321105957,-37.25984573364258,-37.26005172729492,-37.26025390625,-37.26044464111328,-37.26063537597656,-37.26081466674805,-37.260990142822266,-37.26116180419922,-37.26132583618164,-37.26148223876953,-37.26163864135742,-37.261783599853516,-37.26192855834961,-37.26206588745117,-37.26219940185547,-37.2623291015625,-37.262454986572266,-37.262577056884766,-37.262691497802734,-37.2628059387207,-37.26291275024414,-37.26301956176758,-37.263118743896484,-37.26321792602539,-37.263309478759766,-37.26340103149414,-37.26348876953125,-37.263572692871094,-37.26365661621094,-37.26373291015625,-37.26380920410156,-37.263885498046875,-37.263954162597656,-37.26402282714844,-37.26408767700195,-37.26415252685547,-37.26421356201172,-37.2642707824707,-37.26432800292969,-37.26438522338867,-37.264434814453125,-37.264488220214844,-37.26453399658203,-37.264583587646484,-37.26462936401367,-37.264671325683594,-37.264713287353516,-37.26475524902344,-37.264793395996094,-37.26483154296875,-37.264869689941406,-37.2649040222168,-37.26493835449219,-37.26496887207031,-37.26499938964844,-37.26502990722656,-37.26506042480469,-37.26508712768555,-37.265113830566406,-37.265140533447266,-37.26516342163086,-37.26519012451172,-37.26521301269531,-37.26523208618164,-37.265254974365234,-37.26527404785156,-37.26529312133789,-37.26531219482422,-37.26533126831055,-37.265350341796875,-37.26536560058594,-37.265380859375,-37.26539611816406,-37.265411376953125,-37.26542663574219,-37.26544189453125,-37.26545333862305,-37.26546859741211,-37.265480041503906,-37.2654914855957,-37.2655029296875,-37.2655143737793,-37.26552200317383,-37.265533447265625,-37.26554489135742,-37.26555252075195,-37.265560150146484,-37.26557159423828,-37.26557922363281,-37.265586853027344,-37.265594482421875,-37.265602111816406,-37.26560974121094,-37.2656135559082,-37.265621185302734,-37.265628814697266,-37.26563262939453,-37.26564025878906,-37.26564407348633,-37.265647888183594,-37.265655517578125,-37.26565933227539
-26.25221061706543,-26.363697052001953,-26.475322723388672,-26.585853576660156,-26.694252014160156,-26.799861907958984,-26.902509689331055,-27.00234603881836,-27.099655151367188,-27.194833755493164,-27.288293838500977,-27.380319595336914,-27.470947265625,-27.559974670410156,-27.64706039428711,-27.731836318969727,-27.814062118530273,-27.893753051757812,-27.971174240112305,-28.046680450439453,-28.12059211730957,-28.193166732788086,-28.26460838317871,-28.335039138793945,-28.404495239257812,-28.472932815551758,-28.540281295776367,-28.60650634765625,-28.671689987182617,-28.73602867126465,-28.799781799316406,-28.863143920898438,-28.926204681396484,-28.98897361755371,-29.05146598815918,-29.113773345947266,-29.17610740661621,-29.238792419433594,-29.302194595336914,-29.36665916442871,-29.43252182006836,-29.500194549560547,-29.570144653320312,-29.642892837524414,-29.719051361083984,-29.799240112304688,-29.883869171142578,-29.972917556762695,-30.065876007080078,-30.162017822265625,-30.2611141204834,-30.36422348022461,-30.473384857177734,-30.58973503112793,-30.712032318115234,-30.837247848510742,-30.96316909790039,-31.09113883972168,-31.22334861755371,-31.357261657714844,-31.48714256286621,-31.610912322998047,-31.731857299804688,-31.849685668945312,-31.959728240966797,-32.062232971191406,-32.163047790527344,-32.26310729980469,-32.36049270629883,-32.458351135253906,-32.55961227416992,-32.660850524902344,-32.76047134399414,-32.860416412353516,-32.95784378051758,-33.049503326416016,-33.1370849609375,-33.21950149536133,-33.294776916503906,-33.365840911865234,-33.43336486816406,-33.49734115600586,-33.56108093261719,-33.624305725097656,-33.68672180175781,-33.7495231628418,-33.81059265136719,-33.869720458984375,-33.926612854003906,-33.97969055175781,-34.02995300292969,-34.07691192626953,-34.12107849121094,-34.16353988647461,-34.204044342041016,-34.24372482299805,-34.282066345214844,-34.31919479370117,-34.35480880737305,-34.388282775878906,-34.41968536376953,-34.42109680175781,-34.499149322509766,-34.531227111816406,-34.54850769042969,-34.58413314819336,-34.62611389160156,-34.65945816040039,-34.68155288696289,-34.701175689697266,-34.72553253173828,-34.752708435058594,-34.77700424194336,-34.79595184326172,-34.812294006347656,-34.830291748046875,-34.85094451904297,-34.871639251708984,-34.8895149230957,-34.90445327758789,-34.91884994506836,-34.93473434448242,-34.95175552368164,-34.96808624267578,-34.98268508911133,-34.996334075927734,-35.0105094909668,-35.02561569213867,-35.04073715209961,-35.05500411987305,-35.068660736083984,-35.0826416015625,-35.0972900390625,-35.11198425292969,-35.12604904174805,-35.13961410522461,-35.153350830078125,-35.1674919128418,-35.181602478027344,-35.19527816772461,-35.20870590209961,-35.222320556640625,-35.23616027832031,-35.249900817871094,-35.26340866088867,-35.27691650390625,-35.29060745239258,-35.30432891845703,-35.31787109375,-35.33128356933594,-35.34474563598633,-35.35824966430664,-35.37162399291992,-35.384830474853516,-35.39801025390625,-35.41120147705078,-35.42427444458008,-35.43717956542969,-35.45000457763672,-35.46282196044922,-35.475563049316406,-35.4881477355957,-35.500640869140625,-35.513099670410156,-35.52549743652344,-35.53778076171875,-35.549983978271484,-35.56215286254883,-35.574256896972656,-35.586265563964844,-35.59819412231445,-35.610076904296875,-35.621891021728516,-35.63361740112305,-35.64527130126953,-35.65686798095703,-35.66838455200195,-35.6798210144043,-35.69118881225586,-35.70248794555664,-35.71369552612305,-35.72481918334961,-35.73585510253906,-35.74679946899414,-35.75763702392578,-35.768367767333984,-35.778987884521484,-35.78948211669922,-35.79984664916992,-35.8100700378418,-35.820152282714844,-35.830074310302734,-35.83982849121094,-35.84941482543945,-35.85881805419922,-35.86802673339844,-35.87704086303711,-35.88584899902344,-35.89444351196289,-35.90281677246094,-35.91096878051758,-35.918888092041016,-35.92657470703125,-35.934024810791016,-35.94123458862305,-35.94820022583008,-35.95492935180664,-35.96141815185547,-35.96766662597656,-35.97368240356445,-35.979469299316406,-35.939361572265625,-35.99003601074219,-35.99011993408203,-35.981361389160156,-35.99517059326172,-36.01567077636719,-36.02720260620117,-36.02824783325195,-36.02886962890625,-36.03676223754883,-36.04979705810547,-36.061485290527344,-36.06794738769531,-36.07090759277344,-36.07514190673828,-36.083133697509766,-36.09324264526367,-36.10222244262695,-36.10851287841797,-36.11341094970703,-36.11937713623047,-36.127357482910156,-36.136165618896484,-36.144020080566406,-36.1504020690918,-36.156394958496094,-36.163360595703125,-36.171512603759766,-36.17990493774414,-36.187591552734375,-36.19458770751953,-36.201725006103516,-36.20964431762695,-36.218162536621094,-36.226600646972656,-36.234619140625,-36.24254608154297,-36.25091552734375,-36.259849548339844,-36.26897430419922,-36.27793884277344,-36.28681182861328,-36.29594802856445,-36.30552673339844,-36.31536865234375,-36.325218200683594,-36.33505630493164,-36.3450927734375,-36.3554573059082,-36.366058349609375,-36.37671661376953,-36.38740539550781,-36.398250579833984,-36.40933609008789,-36.420597076416016,-36.4318962097168,-36.44321823120117,-36.454627990722656,-36.46616744995117,-36.477760314941406,-36.489322662353516,-36.50083541870117,-36.5123405456543,-36.523826599121094,-36.53522491455078,-36.546478271484375,-36.55757522583008,-36.56853103637695,-36.579315185546875,-36.58987045288086,-36.60015869140625,-36.61017990112305,-36.619930267333984,-36.62936782836914,-36.63846206665039,-36.6472053527832,-36.65559387207031,-36.66362762451172,-36.671287536621094,-36.678565979003906,-36.68547439575195,-36.69203186035156,-36.69823455810547,-36.7040901184082,-36.70962142944336,-36.714847564697266,-36.719783782958984,-36.724449157714844,-36.728858947753906,-36.73303985595703,-36.73701095581055,-36.74078369140625,-36.74437713623047,-36.747798919677734,-36.751068115234375,-36.754188537597656,-36.75716781616211,-36.760009765625,-36.762725830078125,-36.765316009521484,-36.76778030395508,-36.77012252807617,-36.7723503112793,-36.77445602416992,-36.77644729614258,-36.77832794189453,-36.78009796142578,-36.78176498413086,-36.78333282470703,-36.78480529785156,-36.78618621826172,-36.7874870300293,-36.78870391845703,-36.789852142333984,-36.790931701660156,-36.79195022583008,-36.792911529541016,-36.793819427490234,-36.794677734375,-36.79549026489258,-36.796260833740234,-36.796993255615234,-36.79768753051758,-36.79834747314453,-36.798973083496094,-36.799564361572266,-36.80012512207031,-36.800655364990234,-36.8011589050293,-36.801631927490234,-36.80207824707031,-36.80249786376953,-36.80289077758789,-36.80326461791992,-36.803611755371094,-36.80393981933594,-36.80424499511719,-36.80453109741211,-36.80480194091797,-36.805049896240234,-36.8052864074707,-36.80550765991211,-36.80571365356445,-36.805908203125,-36.806087493896484,-36.80625915527344,-36.80641555786133,-36.80656433105469,-36.80670166015625,-36.80683135986328,-36.80695343017578,-36.80706787109375,-36.80717086791992,-36.80727005004883,-36.80736541748047,-36.80744934082031,-36.80752944946289,-36.8076057434082,-36.80767822265625,-36.807743072509766,-36.807804107666016,-36.807861328125,-36.80791091918945,-36.807952880859375,-36.8079948425293,-36.80804443359375,-36.808101654052734,-36.80813980102539,-36.808170318603516,-36.80821228027344,-36.808250427246094,-36.80827713012695,-36.808311462402344,-36.80834197998047,-36.80836486816406,-36.80839538574219,-36.80842590332031,-36.80844497680664,-36.8084716796875,-36.808494567871094,-36.80851364135742,-36.808536529541016,-36.80855941772461,-36.80857849121094,-36.808597564697266,-36.808616638183594,-36.80863571166992,-36.80865478515625,-36.80867004394531,-36.80868911743164,-36.80870819091797,-36.80872344970703,-36.80874252319336,-36.80875778198242,-36.808773040771484,-36.80878829956055,-36.808807373046875,-36.80882263183594,-36.808837890625,-36.80885314941406,-36.808868408203125,-36.80888366699219,-36.80889892578125,-36.80891418457031,-36.80892562866211,-36.80894088745117,-36.808956146240234,-36.80896759033203,-36.808982849121094,-36.808998107910156,-36.80900955200195,-36.80902099609375,-36.80903625488281,-36.80904769897461,-36.809059143066406,-36.8090705871582,-36.80908203125,-36.8090934753418,-36.809104919433594,-36.80911636352539,-36.80912780761719,-36.809139251708984,-36.809146881103516,-36.80915832519531,-36.809165954589844,-36.809173583984375,-36.80918502807617,-36.8091926574707,-36.809200286865234,-36.809207916259766,-36.8092155456543,-36.80922317504883,-36.809226989746094,-36.809234619140625,-36.809242248535156,-36.80924606323242,-36.80925369262695,-36.80925750732422,-36.80926513671875,-36.809268951416016,-36.80927276611328
-26.672544479370117,-26.94157600402832,-27.204286575317383,-27.472309112548828,-27.745718002319336,-28.019065856933594,-28.285808563232422,-28.539976119995117,-28.777816772460938,-28.999618530273438,-29.210912704467773,-29.420530319213867,-29.63603401184082,-29.860666275024414,-30.093414306640625,-30.330337524414062,-30.56586456298828,-30.794395446777344,-31.012432098388672,-31.220617294311523,-31.424118041992188,-31.62977409362793,-31.84131622314453,-32.056636810302734,-32.268802642822266,-32.469139099121094,-32.65100860595703,-32.813148498535156,-32.960350036621094,-33.0999641418457,-33.2366828918457,-33.37004089355469,-33.4960823059082,-33.61111831665039,-33.71480178833008,-33.810691833496094,-33.903602600097656,-33.99592971801758,-34.08647155761719,-34.17241287231445,-34.25238800048828,-34.328125,-34.40312576293945,-34.503883361816406,-34.621368408203125,-34.71535873413086,-34.78689956665039,-34.858665466308594,-34.926673889160156,-34.98423767089844,-35.03627395629883,-35.09064483642578,-35.1462516784668,-35.19770812988281,-35.24352264404297,-35.286495208740234,-35.3277702331543,-35.365291595458984,-35.39801788330078,-35.42806625366211,-35.457855224609375,-35.48723602294922,-35.51494598388672,-35.541324615478516,-35.56787872314453,-35.5947380065918,-35.62051773071289,-35.644474029541016,-35.667293548583984,-35.68958282470703,-35.711002349853516,-35.7313117980957,-35.75108337402344,-35.770721435546875,-35.78975296020508,-35.80772399902344,-35.82489013671875,-35.8122444152832,-35.87016677856445,-35.88637161254883,-35.89361572265625,-35.91837692260742,-35.94779968261719,-35.968936920166016,-35.9819221496582,-35.996131896972656,-36.01620864868164,-36.038692474365234,-36.05903244018555,-36.0765495300293,-36.09419631958008,-36.11457824707031,-36.13706970214844,-36.1591682434082,-36.1795768737793,-36.199310302734375,-36.22005081176758,-36.24224090576172,-36.26494598388672,-36.28711700439453,-36.30875015258789,-36.33060836791992,-36.35319137573242,-36.376380920410156,-36.39982986450195,-36.423397064208984,-36.44712448120117,-36.47093963623047,-36.494728088378906,-36.51856231689453,-36.542659759521484,-36.567039489746094,-36.59142303466797,-36.61554718017578,-36.63949966430664,-36.663578033447266,-36.68787384033203,-36.71218490600586,-36.73631286621094,-36.760292053222656,-36.78428649902344,-36.80830764770508,-36.83222579956055,-36.85596466064453,-36.879547119140625,-36.90299987792969,-36.92626190185547,-36.949275970458984,-36.9720344543457,-36.994510650634766,-37.01662826538086,-37.03832244873047,-37.059608459472656,-37.080501556396484,-37.10094451904297,-37.12085723876953,-37.140220642089844,-37.15908432006836,-37.177452087402344,-37.19528579711914,-37.21256637573242,-37.22929382324219,-37.2454719543457,-37.261085510253906,-37.27613067626953,-37.29059982299805,-37.30448532104492,-37.31776428222656,-37.330440521240234,-37.342533111572266,-37.354042053222656,-37.364967346191406,-37.37532043457031,-37.3851318359375,-37.39441680908203,-37.40319061279297,-37.411468505859375,-37.41927719116211,-37.426639556884766,-37.43356704711914,-37.44009017944336,-37.44622039794922,-37.451988220214844,-37.45740509033203,-37.462501525878906,-37.46730041503906,-37.4718132019043,-37.476070404052734,-37.48009490966797,-37.48389434814453,-37.48749542236328,-37.49090576171875,-37.494140625,-37.497215270996094,-37.50014114379883,-37.50292205810547,-37.50557327270508,-37.50809860229492,-37.51050567626953,-37.51280212402344,-37.51499557495117,-37.51708984375,-37.51909255981445,-37.52100372314453,-37.5228271484375,-37.52457046508789,-37.5262336730957,-37.52781677246094,-37.52933120727539,-37.53076934814453,-37.532142639160156,-37.533451080322266,-37.53469467163086,-37.53588104248047,-37.537010192871094,-37.538082122802734,-37.539100646972656,-37.540069580078125,-37.540992736816406,-37.541866302490234,-37.54269790649414,-37.54348373413086,-37.54423141479492,-37.54494094848633,-37.54561233520508,-37.54624938964844,-37.546852111816406,-37.54742431640625,-37.54796600341797,-37.54848098754883,-37.54896926879883,-37.5494270324707,-37.54986572265625,-37.55027770996094,-37.5506706237793,-37.55104064941406,-37.5513916015625,-37.55172348022461,-37.552040100097656,-37.552337646484375,-37.55261993408203,-37.55289077758789,-37.55314254760742,-37.55338668823242,-37.55361557006836,-37.5538330078125,-37.554039001464844,-37.55423355102539,-37.554420471191406,-37.55459976196289,-37.55476760864258,-37.55492401123047,-37.555076599121094,-37.55522155761719,-37.55535888671875,-37.55548858642578,-37.55561065673828,-37.555728912353516,-37.55583953857422,-37.555946350097656,-37.55604934692383,-37.55614471435547,-37.556236267089844,-37.55632400512695,-37.5564079284668,-37.55648422241211,-37.55656051635742,-37.55663299560547,-37.55670166015625,-37.556766510009766,-37.55683135986328,-37.556888580322266,-37.55694580078125,-37.55699920654297,-37.55705261230469,-37.55710220336914,-37.557151794433594,-37.557193756103516,-37.5572395324707,-37.557281494140625,-37.55731964111328,-37.55735778808594,-37.557395935058594,-37.557430267333984,-37.557464599609375,-37.5574951171875,-37.557525634765625,-37.55755615234375,-37.55758285522461,-37.55760955810547,-37.55763626098633,-37.55766296386719,-37.55768585205078,-37.557708740234375,-37.55773162841797,-37.5577507019043,-37.55777359008789,-37.55779266357422,-37.55781173706055,-37.55782699584961,-37.55784606933594,-37.557861328125,-37.55787658691406,-37.557891845703125,-37.55790710449219,-37.55792236328125,-37.55793380737305,-37.55794906616211,-37.557960510253906,-37.5579719543457,-37.5579833984375,-37.5579948425293,-37.558006286621094,-37.55801773071289,-37.55802536010742,-37.55803680419922,-37.55804443359375,-37.55805587768555,-37.55806350708008,-37.55807113647461,-37.55807876586914,-37.55808639526367,-37.5580940246582,-37.558101654052734,-37.558109283447266,-37.5581169128418,-37.55812454223633,-37.558128356933594,-37.558135986328125,-37.55813980102539,-37.55814743041992,-37.55815124511719,-37.55815887451172,-37.558162689208984,-37.55816650390625
-26.22255516052246,-26.35572052001953,-26.490495681762695,-26.62555503845215,-26.760509490966797,-26.89348030090332,-27.022390365600586,-27.147220611572266,-27.272493362426758,-27.40574836730957,-27.55148696899414,-27.709123611450195,-27.874513626098633,-28.041858673095703,-28.20600128173828,-28.365596771240234,-28.525156021118164,-28.69276237487793,-28.87364959716797,-29.066720962524414,-29.266462326049805,-29.466093063354492,-29.66122817993164,-29.853130340576172,-30.046598434448242,-30.24391746520996,-30.442880630493164,-30.638757705688477,-30.82840347290039,-31.013565063476562,-31.19753074645996,-31.37919807434082,-31.55394172668457,-31.718883514404297,-31.87583351135254,-32.027557373046875,-32.1724967956543,-32.306983947753906,-32.43077087402344,-32.54704666137695,-32.65696716308594,-32.75798034667969,-32.849063873291016,-32.93300247192383,-33.01136779785156,-33.08223342895508,-33.14461898803711,-33.20093536376953,-33.25297927856445,-33.299560546875,-33.34005355834961,-33.36330795288086,-33.46866226196289,-33.5200080871582,-33.56203842163086,-33.6251220703125,-33.68918228149414,-33.73885726928711,-33.778900146484375,-33.82374954223633,-33.87700271606445,-33.93153381347656,-33.98072052001953,-34.02511215209961,-34.07038116455078,-34.119667053222656,-34.17058181762695,-34.218963623046875,-34.263431549072266,-34.30644226074219,-34.35097122192383,-34.39713668823242,-34.44270324707031,-34.48605728149414,-34.52799606323242,-34.57041931152344,-34.613800048828125,-34.65674591064453,-34.697879791259766,-34.737464904785156,-34.7768669128418,-34.81667709350586,-34.85611343383789,-34.89425277709961,-34.9312858581543,-34.9681510925293,-35.00518798828125,-35.04178237915039,-35.077327728271484,-35.11204147338867,-35.146522521972656,-35.18085861206055,-35.21460723876953,-35.24754333496094,-35.280006408691406,-35.312339782714844,-35.34442138671875,-35.37594985961914,-35.406917572021484,-35.43757247924805,-35.46794891357422,-35.49781036376953,-35.52699661254883,-35.555633544921875,-35.583824157714844,-35.6114387512207,-35.6383171081543,-35.664485931396484,-35.6900634765625,-35.715003967285156,-35.73918151855469,-35.76261901855469,-35.785423278808594,-35.80760192871094,-35.829078674316406,-35.84986114501953,-35.87002944946289,-35.88957214355469,-35.908447265625,-35.926658630371094,-35.94426345825195,-35.961273193359375,-35.9776725769043,-35.99348449707031,-36.00875473022461,-36.02350616455078,-35.981441497802734,-36.0535888671875,-36.06101989746094,-36.05580139160156,-36.08023452758789,-36.1143913269043,-36.13718795776367,-36.145355224609375,-36.15179443359375,-36.16740036010742,-36.19014358520508,-36.21169662475586,-36.2265625,-36.236324310302734,-36.246978759765625,-36.26218032836914,-36.28029251098633,-36.29717254638672,-36.31040573120117,-36.32126235961914,-36.33294677734375,-36.3471794128418,-36.36282730102539,-36.37757873535156,-36.39036178588867,-36.40221405029297,-36.414955139160156,-36.42925262451172,-36.44416427612305,-36.45838928222656,-36.47164535522461,-36.48482894897461,-36.4988899230957,-36.51382827758789,-36.528846740722656,-36.5433349609375,-36.5575065612793,-36.5720100402832,-36.58713150024414,-36.602508544921875,-36.617637634277344,-36.6324462890625,-36.64728927612305,-36.662437438964844,-36.67776107788086,-36.692928314208984,-36.70781707763672,-36.722618103027344,-36.737525939941406,-36.75248718261719,-36.76729965209961,-36.78187561035156,-36.796321868896484,-36.810760498046875,-36.82516098022461,-36.83940505981445,-36.85343933105469,-36.86732864379883,-36.88113784790039,-36.894840240478516,-36.90835952758789,-36.921669006347656,-36.9348030090332,-36.94779586791992,-36.96061325073242,-36.97321701049805,-36.985591888427734,-36.997745513916016,-37.00969314575195,-37.02141189575195,-37.03286361694336,-37.04404830932617,-37.054962158203125,-37.06560516357422,-37.075958251953125,-37.08599853515625,-37.0957145690918,-37.10511016845703,-37.11418151855469,-37.12290954589844,-37.13128662109375,-37.13930892944336,-37.146976470947266,-37.15428924560547,-37.16123962402344,-37.16782760620117,-37.1740608215332,-37.1799430847168,-37.185482025146484,-37.1906852722168,-37.19554901123047,-37.200096130371094,-37.20433807373047,-37.20827865600586,-37.21193313598633,-37.21531677246094,-37.21843719482422,-37.22132110595703,-37.223968505859375,-37.226402282714844,-37.228633880615234,-37.230682373046875,-37.23255920410156,-37.23427963256836,-37.23585891723633,-37.23731231689453,-37.2386474609375,-37.2398796081543,-37.24102020263672,-37.24208068847656,-37.243072509765625,-37.243995666503906,-37.24486541748047,-37.245689392089844,-37.24646759033203,-37.24721145629883,-37.247920989990234,-37.248600006103516,-37.2492561340332,-37.2498893737793,-37.25049591064453,-37.2510871887207,-37.25165939331055,-37.25221252441406,-37.25274658203125,-37.253265380859375,-37.25376892089844,-37.25425338745117,-37.254722595214844,-37.25517654418945,-37.255615234375,-37.25603485107422,-37.25644302368164,-37.2568359375,-37.2572135925293,-37.25757598876953,-37.2579231262207,-37.25825500488281,-37.258575439453125,-37.25888442993164,-37.259178161621094,-37.25946044921875,-37.25973129272461,-37.259986877441406,-37.26023483276367,-37.26047134399414,-37.26069641113281,-37.26091384887695,-37.2611198425293,-37.26131820678711,-37.261505126953125,-37.261688232421875,-37.26185989379883,-37.262027740478516,-37.26218795776367,-37.2623405456543,-37.26248550415039,-37.26262664794922,-37.262760162353516,-37.26288986206055,-37.26301193237305,-37.26313018798828,-37.26324462890625,-37.26335144042969,-37.263458251953125,-37.26355743408203,-37.26365280151367,-37.26374435424805,-37.263832092285156,-37.263916015625,-37.26399612426758,-37.264076232910156,-37.2641487121582,-37.26422119140625,-37.26428985595703,-37.26435470581055,-37.26441955566406,-37.26447677612305,-37.26453399658203,-37.264591217041016,-37.264644622802734,-37.26469421386719,-37.26474380493164,-37.26478958129883,-37.26483154296875,-37.26487350463867,-37.264915466308594,-37.26495361328125,-37.264991760253906,-37.26502990722656,-37.26506423950195,-37.26509475708008,-37.2651252746582,-37.26515579223633,-37.26518630981445,-37.26521301269531,-37.26523971557617,-37.265262603759766,-37.265289306640625,-37.26531219482422,-37.26533126831055,-37.26535415649414,-37.26537322998047,-37.2653923034668,-37.265411376953125,-37.26542663574219,-37.265445709228516,-37.26546096801758,-37.26547622680664,-37.26548767089844,-37.2655029296875,-37.2655143737793,-37.26552963256836,-37.265541076660156,-37.26555252075195,-37.26556396484375,-37.26557159423828,-37.26558303833008,-37.26559066772461,-37.265602111816406,-37.26560974121094,-37.26561737060547,-37.265625,-37.26563262939453,-37.26564025878906,-37.265647888183594,-37.26565170288086,-37.26565933227539,-37.265663146972656,-37.26567077636719,-37.26567459106445,-37.26567840576172,-37.26568603515625,-37.265689849853516
-27.187101364135742,-27.46971893310547,-27.74919319152832,-28.01883316040039,-28.272581100463867,-28.507272720336914,-28.72527503967285,-28.938875198364258,-29.164613723754883,-29.411693572998047,-29.678926467895508,-29.958290100097656,-30.23867416381836,-30.509096145629883,-30.76227569580078,-30.998058319091797,-31.223413467407227,-31.446535110473633,-31.66996955871582,-31.889366149902344,-32.097049713134766,-32.28663635253906,-32.45642852783203,-32.6102294921875,-32.75468826293945,-32.89466094970703,-33.03030014038086,-33.15800857543945,-33.27373123168945,-33.37615966796875,-33.46766662597656,-33.55229568481445,-33.63265609741211,-33.70848083496094,-33.77780532836914,-33.839412689208984,-33.89445877075195,-33.96684265136719,-34.06794357299805,-34.13279342651367,-34.19255065917969,-34.25978088378906,-34.31904983520508,-34.364952087402344,-34.407772064208984,-34.454734802246094,-34.50166320800781,-34.54317855834961,-34.57975387573242,-34.61528778076172,-34.65079879760742,-34.68406295776367,-34.713897705078125,-34.741878509521484,-34.76995086669922,-34.79802322387695,-34.824703216552734,-34.84978103637695,-34.87464904785156,-34.900325775146484,-34.926307678222656,-34.9516716003418,-34.97665786743164,-35.00234603881836,-35.029090881347656,-35.056129455566406,-35.082820892333984,-35.109527587890625,-35.136940002441406,-35.165077209472656,-35.19344711303711,-35.221961975097656,-35.251014709472656,-35.28080368041992,-35.31110763549805,-35.34174346923828,-35.37285232543945,-35.40452575683594,-35.43659973144531,-35.46894836425781,-35.501678466796875,-35.534847259521484,-35.56828689575195,-35.60179901123047,-35.6353759765625,-35.66900634765625,-35.70254135131836,-35.73585891723633,-35.76893997192383,-35.8017463684082,-35.83414077758789,-35.86602783203125,-35.89740753173828,-35.9282112121582,-35.95829772949219,-35.98760986328125,-36.01614761352539,-36.04386520385742,-36.07067108154297,-36.0965461730957,-36.12151336669922,-36.14555358886719,-36.16863250732422,-36.19076919555664,-36.21198272705078,-36.23226547241211,-36.25162887573242,-36.270118713378906,-36.287757873535156,-36.304561614990234,-36.320560455322266,-36.33579635620117,-36.350284576416016,-36.364044189453125,-36.377113342285156,-36.38950729370117,-36.40125274658203,-36.368896484375,-36.4317512512207,-36.43952178955078,-36.43633270263672,-36.457115173339844,-36.48529052734375,-36.503570556640625,-36.5095100402832,-36.514060974121094,-36.525970458984375,-36.54318618774414,-36.558902740478516,-36.56901931762695,-36.57537841796875,-36.58305358886719,-36.59456253051758,-36.60794448852539,-36.61970520019531,-36.62845230102539,-36.63593292236328,-36.64485168457031,-36.65595245361328,-36.667579650878906,-36.677772521972656,-36.686302185058594,-36.6947021484375,-36.70438766479492,-36.71517562866211,-36.7257194519043,-36.73512649536133,-36.74386215209961,-36.75303649902344,-36.76305389404297,-36.77325439453125,-36.78285217285156,-36.79185104370117,-36.8009147644043,-36.81045913696289,-36.82017517089844,-36.829524993896484,-36.83845520019531,-36.847389221191406,-36.85662841796875,-36.86598205566406,-36.87509536743164,-36.883941650390625,-36.89280700683594,-36.901885986328125,-36.91105270385742,-36.92009353637695,-36.92902374267578,-36.938045501708984,-36.94725799560547,-36.956565856933594,-36.96585464477539,-36.97517395019531,-36.98463821411133,-36.994266510009766,-37.003971099853516,-37.013710021972656,-37.02351760864258,-37.033443450927734,-37.043453216552734,-37.05348205566406,-37.063499450683594,-37.073524475097656,-37.08354568481445,-37.09352111816406,-37.1033935546875,-37.11314010620117,-37.12274932861328,-37.1321907043457,-37.14141845703125,-37.15039825439453,-37.15911102294922,-37.16753005981445,-37.175628662109375,-37.18338394165039,-37.19077682495117,-37.19778823852539,-37.20440673828125,-37.21061706542969,-37.21641540527344,-37.22178649902344,-37.22673797607422,-37.23126983642578,-37.23539352416992,-37.239112854003906,-37.24243927001953,-37.24539566040039,-37.24800491333008,-37.25028610229492,-37.25225830078125,-37.25394821166992,-37.25538635253906,-37.25659942626953,-37.25760269165039,-37.25843048095703,-37.25910186767578,-37.259647369384766,-37.26007843017578,-37.26042175292969,-37.26069259643555,-37.26090621948242,-37.261077880859375,-37.26121520996094,-37.26133346557617,-37.261436462402344,-37.261531829833984,-37.261627197265625,-37.26171875,-37.261817932128906,-37.26191711425781,-37.26202392578125,-37.26213455200195,-37.26225280761719,-37.26237106323242,-37.26249694824219,-37.26262283325195,-37.26274871826172,-37.262874603271484,-37.26300048828125,-37.26312255859375,-37.26324462890625,-37.26335906982422,-37.26347351074219,-37.263580322265625,-37.2636833190918,-37.2637825012207,-37.263877868652344,-37.26396560668945,-37.2640495300293,-37.264129638671875,-37.26420593261719,-37.26427459716797,-37.26434326171875,-37.264404296875,-37.26446533203125,-37.26451873779297,-37.26457214355469,-37.26462173461914,-37.26466751098633,-37.26470947265625,-37.26475143432617,-37.26478958129883,-37.264827728271484,-37.264862060546875,-37.264896392822266,-37.264930725097656,-37.26496124267578,-37.264991760253906,-37.265018463134766,-37.265045166015625,-37.265071868896484,-37.265098571777344,-37.26512145996094,-37.26514434814453,-37.265167236328125,-37.26519012451172,-37.26521301269531,-37.26523208618164,-37.26525115966797,-37.26527404785156,-37.265289306640625,-37.26530838012695,-37.26532745361328,-37.265342712402344,-37.26536178588867,-37.265377044677734,-37.2653923034668,-37.26540756225586,-37.265419006347656,-37.26543426513672,-37.265445709228516,-37.26546096801758,-37.265472412109375,-37.26548385620117,-37.26549530029297,-37.265506744384766,-37.26551818847656,-37.265525817871094,-37.26553726196289,-37.26554489135742,-37.26555633544922,-37.26556396484375,-37.26557159423828,-37.26557922363281,-37.265586853027344,-37.265594482421875,-37.265602111816406,-37.26560974121094,-37.26561737060547,-37.265621185302734,-37.265628814697266,-37.2656364440918,-37.26564025878906,-37.26564407348633,-37.26565170288086,-37.265655517578125,-37.26565933227539
-27.636695861816406,-27.78653907775879,-27.94298553466797,-28.10431671142578,-28.265865325927734,-28.423261642456055,-28.5742130279541,-28.718345642089844,-28.856822967529297,-28.992759704589844,-29.1318416595459,-29.280637741088867,-29.443593978881836,-29.62124252319336,-29.81045150756836,-30.006067276000977,-30.20252227783203,-30.395280838012695,-30.583032608032227,-30.768787384033203,-30.9570369720459,-31.149438858032227,-31.343721389770508,-31.535629272460938,-31.72097396850586,-31.897783279418945,-32.068180084228516,-32.23630142211914,-32.403533935546875,-32.567317962646484,-32.72434616088867,-32.87346649169922,-33.016117095947266,-33.15424346923828,-33.28693389892578,-33.41027069091797,-33.52134704589844,-33.62178421020508,-33.716121673583984,-33.80672836303711,-33.89177703857422,-33.96832275390625,-34.03632736206055,-34.09872055053711,-34.15778732299805,-34.2131462097168,-34.263648986816406,-34.30990219116211,-34.36159133911133,-34.44648361206055,-34.499847412109375,-34.550392150878906,-34.60313415527344,-34.6462516784668,-34.68331527709961,-34.72377014160156,-34.76754379272461,-34.808265686035156,-34.84388732910156,-34.87868118286133,-34.91563415527344,-34.952659606933594,-34.98695755004883,-35.01909637451172,-35.05138397216797,-35.08417510986328,-35.115970611572266,-35.14619064331055,-35.17601776123047,-35.206295013427734,-35.23615264892578,-35.2644157409668,-35.291168212890625,-35.317230224609375,-35.34270095825195,-35.36710739135742,-35.39054489135742,-35.413673400878906,-35.43669128417969,-35.45912551879883,-35.48079299926758,-35.502132415771484,-35.52341842651367,-35.544410705566406,-35.56498336791992,-35.585472106933594,-35.606101989746094,-35.626705169677734,-35.64723587036133,-35.66799545288086,-35.68903732299805,-35.71010208129883,-35.73114776611328,-35.752445220947266,-35.774051666259766,-35.795799255371094,-35.81770706176758,-35.83988571166992,-35.862239837646484,-35.884639739990234,-35.907108306884766,-35.92959213256836,-35.951942443847656,-35.974159240722656,-35.99626541137695,-36.01813507080078,-36.03968811035156,-36.060935974121094,-36.08180618286133,-36.102210998535156,-36.1221809387207,-36.1417236328125,-36.16080093383789,-36.1794319152832,-36.197628021240234,-36.215370178222656,-36.232688903808594,-36.24961853027344,-36.26614761352539,-36.28230285644531,-36.298126220703125,-36.31362533569336,-36.32881546020508,-36.343727111816406,-36.35836410522461,-36.37274169921875,-36.38686752319336,-36.40073013305664,-36.41432189941406,-36.42761993408203,-36.44059371948242,-36.45321273803711,-36.46546173095703,-36.477298736572266,-36.488712310791016,-36.49968338012695,-36.510196685791016,-36.52024841308594,-36.47414779663086,-36.541534423828125,-36.54486846923828,-36.53527069091797,-36.555023193359375,-36.5845947265625,-36.60282516479492,-36.60624313354492,-36.60785675048828,-36.618736267089844,-36.636844635009766,-36.65377426147461,-36.66400146484375,-36.669166564941406,-36.67531967163086,-36.686073303222656,-36.69965744018555,-36.71183395385742,-36.720211029052734,-36.72614669799805,-36.73287582397461,-36.74203109741211,-36.752349853515625,-36.761451721191406,-36.76832580566406,-36.77410125732422,-36.78063201904297,-36.788490295410156,-36.796630859375,-36.803733825683594,-36.809593200683594,-36.81519317626953,-36.82147216796875,-36.82836151123047,-36.835018157958984,-36.840885162353516,-36.84626388549805,-36.85185241699219,-36.857913970947266,-36.86406326293945,-36.86980438232422,-36.87513732910156,-36.88046646118164,-36.88606643676758,-36.891780853271484,-36.89727783203125,-36.902469635009766,-36.90758514404297,-36.9128303527832,-36.91813659667969,-36.92328643798828,-36.9282112121582,-36.933048248291016,-36.937923431396484,-36.94279098510742,-36.94750213623047,-36.952030181884766,-36.95645523071289,-36.960853576660156,-36.965171813964844,-36.96932601928711,-36.97330093383789,-36.977169036865234,-36.98094940185547,-36.98460006713867,-36.98807144165039,-36.99137496948242,-36.99455642700195,-36.99761199951172,-37.00050354003906,-37.00321960449219,-37.00578308105469,-37.008216857910156,-37.01050567626953,-37.012638092041016,-37.01461410522461,-37.016456604003906,-37.0181770324707,-37.0197639465332,-37.02121353149414,-37.022544860839844,-37.02376937866211,-37.02488708496094,-37.025901794433594,-37.026817321777344,-37.027652740478516,-37.02840805053711,-37.029090881347656,-37.029701232910156,-37.03025436401367,-37.03075408935547,-37.03120803833008,-37.031612396240234,-37.031978607177734,-37.032318115234375,-37.032623291015625,-37.032901763916016,-37.03316116333008,-37.03339767456055,-37.03362274169922,-37.03382873535156,-37.034019470214844,-37.034202575683594,-37.03437423706055,-37.03453826904297,-37.034690856933594,-37.03483963012695,-37.034976959228516,-37.03511047363281,-37.03523254394531,-37.03535079956055,-37.035465240478516,-37.03556823730469,-37.035667419433594,-37.035762786865234,-37.03584671020508,-37.03593063354492,-37.036006927490234,-37.036075592041016,-37.03614044189453,-37.03620147705078,-37.036258697509766,-37.03630828857422,-37.036354064941406,-37.036399841308594,-37.03643798828125,-37.036476135253906,-37.03650665283203,-37.036537170410156,-37.03656768798828,-37.036590576171875,-37.036617279052734,-37.03663635253906,-37.03665542602539,-37.03667449951172,-37.03669357299805,-37.03670883178711,-37.03672409057617,-37.03673553466797,-37.036746978759766,-37.03675842285156,-37.03676986694336,-37.036781311035156,-37.03678894042969,-37.03679656982422,-37.036808013916016,-37.03681182861328,-37.03681945800781,-37.036827087402344,-37.03683090209961,-37.03683853149414,-37.036842346191406,-37.03684616088867,-37.03684997558594,-37.0368537902832
-25.42718505859375,-25.56342315673828,-25.70209503173828,-25.842267990112305,-25.983320236206055,-26.12506866455078,-26.267353057861328,-26.40980339050293,-26.55226707458496,-26.695037841796875,-26.838220596313477,-26.98130989074707,-27.123367309570312,-27.263288497924805,-27.40005874633789,-27.532978057861328,-27.66158676147461,-27.785207748413086,-27.90276527404785,-28.013168334960938,-28.11590576171875,-28.211397171020508,-28.300642013549805,-28.38474464416504,-28.464853286743164,-28.542251586914062,-28.618406295776367,-28.694923400878906,-28.773468017578125,-28.85556411743164,-28.94236946105957,-29.034439086914062,-29.131607055664062,-29.233171463012695,-29.338741302490234,-29.449411392211914,-29.56708526611328,-29.692150115966797,-29.822843551635742,-29.956859588623047,-30.094236373901367,-30.238075256347656,-30.390121459960938,-30.548036575317383,-30.707639694213867,-30.86811637878418,-31.03152847290039,-31.19428062438965,-31.350900650024414,-31.503646850585938,-31.656429290771484,-31.805931091308594,-31.949840545654297,-32.09105682373047,-32.2267951965332,-32.35330581665039,-32.47380828857422,-32.588340759277344,-32.69441604614258,-32.79576110839844,-32.89396286010742,-32.9876823425293,-33.079490661621094,-33.16790008544922,-33.25079345703125,-33.33037567138672,-33.405128479003906,-33.475685119628906,-33.54291915893555,-33.60489273071289,-33.663169860839844,-33.71650695800781,-33.76521682739258,-33.809871673583984,-33.8502197265625,-33.888221740722656,-33.92329788208008,-33.95135498046875,-34.032527923583984,-34.079795837402344,-34.11890411376953,-34.17026138305664,-34.220069885253906,-34.25886154174805,-34.29265213012695,-34.33113098144531,-34.37384796142578,-34.414337158203125,-34.44955062866211,-34.482757568359375,-34.518245697021484,-34.55583190917969,-34.59260940551758,-34.62753677368164,-34.662540435791016,-34.699440002441406,-34.7375602722168,-34.775089263916016,-34.81171798706055,-34.848876953125,-34.88761901855469,-34.927398681640625,-34.967166900634766,-35.006866455078125,-35.04734802246094,-35.0890998840332,-35.13169860839844,-35.174583435058594,-35.21786117553711,-35.26200866699219,-35.30708312988281,-35.35264587402344,-35.39841079711914,-35.444557189941406,-35.491233825683594,-35.53813552856445,-35.58488464355469,-35.63148498535156,-35.678096771240234,-35.724525451660156,-35.77035140991211,-35.81543731689453,-35.859947204589844,-35.903804779052734,-35.94668960571289,-35.988426208496094,-36.029083251953125,-36.068607330322266,-36.106788635253906,-36.14358139038086,-36.179080963134766,-36.21323776245117,-36.24590301513672,-36.277069091796875,-36.30683135986328,-36.335182189941406,-36.3620719909668,-36.387577056884766,-36.41179656982422,-36.43475341796875,-36.45648956298828,-36.47709655761719,-36.49665451049805,-36.51520538330078,-36.53281021118164,-36.54955291748047,-36.56549072265625,-36.580665588378906,-36.59513854980469,-36.60896301269531,-36.57509994506836,-36.63949966430664,-36.647865295410156,-36.645751953125,-36.668617248535156,-36.69899368286133,-36.719364166259766,-36.7275390625,-36.73480987548828,-36.74977111816406,-36.7699089050293,-36.78813934326172,-36.80060958862305,-36.809547424316406,-36.820091247558594,-36.83445739746094,-36.850379943847656,-36.864280700683594,-36.87489318847656,-36.88412094116211,-36.8946533203125,-36.90715408325195,-36.91999435424805,-36.931236267089844,-36.94056701660156,-36.94935607910156,-36.959007263183594,-36.96949768066406,-36.979679107666016,-36.98866271972656,-36.99674987792969,-37.004920959472656,-37.0136604309082,-37.02248764038086,-37.030635833740234,-37.0379524230957,-37.044979095458984,-37.05223083496094,-37.059635162353516,-37.066707611083984,-37.07319259643555,-37.079322814941406,-37.08548355102539,-37.09172439575195,-37.09776306152344,-37.103397369384766,-37.1087532043457,-37.11408615112305,-37.11943435668945,-37.12461471557617,-37.12948226928711,-37.134124755859375,-37.138702392578125,-37.14323806762695,-37.147613525390625,-37.15175247192383,-37.15572738647461,-37.15963363647461,-37.16345977783203,-37.1671257019043,-37.17060470581055,-37.17396926879883,-37.17726516723633,-37.18047332763672,-37.18354034423828,-37.18647384643555,-37.18932342529297,-37.19210433959961,-37.194786071777344,-37.19735336303711,-37.199825286865234,-37.202232360839844,-37.20456314086914,-37.2067985534668,-37.20894241333008,-37.21101760864258,-37.21303176879883,-37.2149772644043,-37.21683883666992,-37.2186393737793,-37.22039031982422,-37.22208023071289,-37.22370529174805,-37.22527313232422,-37.22679138183594,-37.2282600402832,-37.22967529296875,-37.23103713989258,-37.232357025146484,-37.23363494873047,-37.234867095947266,-37.236053466796875,-37.23720169067383,-37.238311767578125,-37.239383697509766,-37.24041748046875,-37.241416931152344,-37.24238204956055,-37.24331283569336,-37.24421310424805,-37.245079040527344,-37.24591827392578,-37.246726989746094,-37.24750518798828,-37.24825668334961,-37.24898147583008,-37.24967956542969,-37.25035095214844,-37.250999450683594,-37.251625061035156,-37.252227783203125,-37.252803802490234,-37.253360748291016,-37.25389862060547,-37.25441360473633,-37.254913330078125,-37.25539016723633,-37.2558479309082,-37.25628662109375,-37.256710052490234,-37.257118225097656,-37.25750732421875,-37.25788116455078,-37.258243560791016,-37.25858688354492,-37.25891876220703,-37.25923538208008,-37.25953674316406,-37.259830474853516,-37.260108947753906,-37.2603759765625,-37.2606315612793,-37.2608757019043,-37.2611083984375,-37.26133346557617,-37.26154708862305,-37.261749267578125,-37.26194381713867,-37.26213073730469,-37.26231002807617,-37.262481689453125,-37.26264190673828,-37.26279830932617,-37.26294708251953,-37.26308822631836,-37.263221740722656,-37.26335144042969,-37.26347351074219,-37.26359176635742,-37.263702392578125,-37.2638053894043,-37.26390838623047,-37.26400375366211,-37.264095306396484,-37.264183044433594,-37.26426315307617,-37.26434326171875,-37.26441955566406,-37.264488220214844,-37.264556884765625,-37.26462173461914,-37.26468276977539,-37.264739990234375,-37.264793395996094,-37.26484680175781,-37.264896392822266,-37.26494216918945,-37.26498794555664,-37.26502990722656,-37.265071868896484,-37.26511001586914,-37.26514434814453,-37.26517868041992,-37.26521301269531,-37.26524353027344,-37.2652702331543,-37.26530075073242,-37.265323638916016,-37.265350341796875,-37.26537322998047,-37.26539611816406,-37.26541519165039,-37.265438079833984,-37.26545333862305,-37.265472412109375,-37.26548767089844,-37.265506744384766,-37.26552200317383,-37.265533447265625,-37.26554870605469,-37.265560150146484,-37.26557159423828,-37.26558303833008,-37.265594482421875,-37.26560592651367,-37.2656135559082,-37.265621185302734,-37.26563262939453,-37.26564025878906,-37.265647888183594,-37.265655517578125,-37.26565933227539,-37.26566696166992,-37.26567077636719,-37.26567840576172,-37.265682220458984,-37.265689849853516,-37.26569366455078,-37.26569747924805
-26.680341720581055,-26.772640228271484,-26.863059997558594,-26.95119857788086,-27.038253784179688,-27.124780654907227,-27.210826873779297,-27.296300888061523,-27.381078720092773,-27.464977264404297,-27.547897338867188,-27.629934310913086,-27.711427688598633,-27.793094635009766,-27.876253128051758,-27.962339401245117,-28.051965713500977,-28.144895553588867,-28.240392684936523,-28.337514877319336,-28.435962677001953,-28.537118911743164,-28.64265251159668,-28.752534866333008,-28.865341186523438,-28.979412078857422,-29.094707489013672,-29.213586807250977,-29.336990356445312,-29.462841033935547,-29.58997917175293,-29.721288681030273,-29.858476638793945,-29.998872756958008,-30.14198112487793,-30.290618896484375,-30.44314193725586,-30.59682273864746,-30.75345802307129,-30.912067413330078,-31.068872451782227,-31.225610733032227,-31.381214141845703,-31.53384780883789,-31.686485290527344,-31.83665657043457,-31.984264373779297,-32.128700256347656,-32.26647186279297,-32.39889907836914,-32.52391815185547,-32.644065856933594,-32.75824737548828,-32.86672592163086,-32.968318939208984,-33.06299591064453,-33.151206970214844,-33.23363494873047,-33.31120681762695,-33.3845100402832,-33.45370101928711,-33.51865005493164,-33.579078674316406,-33.63555145263672,-33.6881103515625,-33.737510681152344,-33.78348159790039,-33.82672119140625,-33.86680603027344,-33.904296875,-33.939212799072266,-33.96244812011719,-34.0628776550293,-34.11725997924805,-34.165992736816406,-34.231807708740234,-34.29536437988281,-34.345863342285156,-34.39113235473633,-34.44276809692383,-34.50061798095703,-34.556827545166016,-34.60626983642578,-34.65121841430664,-34.697105407714844,-34.745540618896484,-34.793785095214844,-34.83924865722656,-34.88272476196289,-34.92713165283203,-34.97361373901367,-35.02045822143555,-35.06548309326172,-35.10847473144531,-35.15101623535156,-35.19419860839844,-35.23740768432617,-35.279441833496094,-35.32011413574219,-35.36030960083008,-35.40059280395508,-35.44042205810547,-35.47892379760742,-35.51603317260742,-35.55244445800781,-35.588619232177734,-35.624263763427734,-35.658939361572266,-35.69274139404297,-35.72610855102539,-35.75914764404297,-35.791561126708984,-35.823177337646484,-35.85421371459961,-35.88490295410156,-35.9151611328125,-35.944793701171875,-35.973819732666016,-36.00239562988281,-36.030517578125,-36.05803298950195,-36.08491516113281,-36.11127471923828,-36.13715744018555,-36.16246032714844,-36.18711853027344,-36.211204528808594,-36.234779357910156,-36.25777816772461,-36.280147552490234,-36.30192565917969,-36.32313919067383,-36.343753814697266,-36.36372375488281,-36.38308334350586,-36.401859283447266,-36.420021057128906,-36.43755340576172,-36.454471588134766,-36.470802307128906,-36.486534118652344,-36.50167465209961,-36.46408462524414,-36.535980224609375,-36.54538345336914,-36.54289245605469,-36.56858825683594,-36.60318374633789,-36.62652587890625,-36.63568878173828,-36.64324188232422,-36.65946578979492,-36.68217086791992,-36.70332336425781,-36.71778869628906,-36.727294921875,-36.73765563964844,-36.752235412597656,-36.76929473876953,-36.78480529785156,-36.796566009521484,-36.80596923828125,-36.81611633300781,-36.82852554321289,-36.84196853637695,-36.85418701171875,-36.864227294921875,-36.873172760009766,-36.88276290893555,-36.893558502197266,-36.90458679199219,-36.91458511352539,-36.92329788208008,-36.931610107421875,-36.9404411315918,-36.94977951049805,-36.95884704589844,-36.96705627441406,-36.974613189697266,-36.982177734375,-36.990074157714844,-36.997982025146484,-37.00541305541992,-37.012290954589844,-37.01897430419922,-37.02578353881836,-37.032649993896484,-37.039268493652344,-37.045494079589844,-37.051490783691406,-37.05750274658203,-37.063541412353516,-37.06942367553711,-37.07502746582031,-37.0804443359375,-37.08583450317383,-37.091217041015625,-37.09648895263672,-37.101566314697266,-37.106502532958984,-37.11140441894531,-37.11627960205078,-37.121055603027344,-37.125694274902344,-37.130226135253906,-37.13471603393555,-37.13916015625,-37.143497467041016,-37.1477165222168,-37.1518440246582,-37.155906677246094,-37.159889221191406,-37.163761138916016,-37.16751480102539,-37.171173095703125,-37.17475128173828,-37.17823028564453,-37.18159484863281,-37.184852600097656,-37.188018798828125,-37.191097259521484,-37.19407272338867,-37.19694900512695,-37.199729919433594,-37.202430725097656,-37.205047607421875,-37.20756912231445,-37.21000671386719,-37.212364196777344,-37.21464538574219,-37.21684646606445,-37.218963623046875,-37.22100830078125,-37.22298049926758,-37.224876403808594,-37.22669982910156,-37.22845458984375,-37.230140686035156,-37.23176193237305,-37.233314514160156,-37.23480224609375,-37.23623275756836,-37.23760223388672,-37.23891830444336,-37.24017333984375,-37.24137878417969,-37.242530822753906,-37.24363327026367,-37.24468994140625,-37.24570083618164,-37.246665954589844,-37.247589111328125,-37.248470306396484,-37.24931335449219,-37.250118255615234,-37.250885009765625,-37.25161361694336,-37.25231170654297,-37.25297927856445,-37.25361251831055,-37.254215240478516,-37.25478744506836,-37.25533676147461,-37.255855560302734,-37.256351470947266,-37.25682067871094,-37.25727081298828,-37.257694244384766,-37.25809860229492,-37.25848388671875,-37.25885009765625,-37.259193420410156,-37.259525299072266,-37.25983810424805,-37.2601318359375,-37.260414123535156,-37.26068115234375,-37.26093292236328,-37.261173248291016,-37.26139831542969,-37.26161575317383,-37.261817932128906,-37.26201248168945,-37.2621955871582,-37.26237106323242,-37.262535095214844,-37.262691497802734,-37.262840270996094,-37.262977600097656,-37.26311111450195,-37.263240814208984,-37.26335906982422,-37.26347351074219,-37.263580322265625,-37.2636833190918,-37.2637825012207,-37.26387405395508,-37.26396179199219,-37.26404571533203,-37.26412582397461,-37.26420211791992,-37.26427459716797,-37.26434326171875,-37.264408111572266,-37.264469146728516,-37.264530181884766,-37.26458740234375,-37.26464080810547,-37.26469039916992,-37.264739990234375,-37.26478958129883,-37.26483154296875,-37.26487731933594,-37.264915466308594,-37.264957427978516,-37.264991760253906,-37.26502990722656,-37.26506423950195,-37.26509475708008,-37.26512908935547,-37.265159606933594,-37.26518630981445,-37.26521301269531,-37.26523971557617,-37.26526641845703,-37.265289306640625,-37.26531219482422,-37.26533508300781,-37.26535415649414,-37.26537322998047,-37.26539611816406,-37.265411376953125,-37.26543045043945,-37.265445709228516,-37.26546096801758,-37.26547622680664,-37.2654914855957,-37.265506744384766,-37.26551818847656,-37.265533447265625,-37.26554489135742,-37.26555633544922,-37.265567779541016,-37.26557540893555,-37.265586853027344,-37.265594482421875,-37.26560592651367,-37.2656135559082,-37.265621185302734,-37.265628814697266,-37.2656364440918,-37.26564407348633,-37.26565170288086,-37.265655517578125,-37.265663146972656,-37.26566696166992,-37.26567459106445,-37.26567840576172,-37.26568603515625,-37.265689849853516,-37.26569366455078
-27.11444854736328,-27.29908561706543,-27.50031280517578,-27.71337890625,-27.933029174804688,-28.15460777282715,-28.373571395874023,-28.58635711669922,-28.79294776916504,-28.997655868530273,-29.206554412841797,-29.423694610595703,-29.649232864379883,-29.880088806152344,-30.111736297607422,-30.339767456054688,-30.56093978881836,-30.773727416992188,-30.978174209594727,-31.174835205078125,-31.363290786743164,-31.5414981842041,-31.706497192382812,-31.855741500854492,-31.988208770751953,-32.10471725463867,-32.2074089050293,-32.298828125,-32.381038665771484,-32.4550666809082,-32.52090835571289,-32.57794952392578,-32.62556076049805,-32.66366195678711,-32.743377685546875,-32.822593688964844,-32.87981414794922,-32.92449951171875,-32.96841049194336,-33.01160430908203,-33.05256271362305,-33.092777252197266,-33.13447189331055,-33.17667007446289,-33.216670989990234,-33.2531852722168,-33.287322998046875,-33.32083511352539,-33.354248046875,-33.38709259033203,-33.41913604736328,-33.4509162902832,-33.4830322265625,-33.51540756225586,-33.54750061035156,-33.579017639160156,-33.61017990112305,-33.64133071899414,-33.67250442504883,-33.703495025634766,-33.73419189453125,-33.76472091674805,-33.795196533203125,-33.825538635253906,-33.85554122924805,-33.88508605957031,-33.91421127319336,-33.94298553466797,-33.97141647338867,-33.999488830566406,-34.027217864990234,-34.05466842651367,-34.081912994384766,-34.108985900878906,-34.13584518432617,-34.16245651245117,-34.188819885253906,-34.214962005615234,-34.240909576416016,-34.266639709472656,-34.292152404785156,-34.317466735839844,-34.342620849609375,-34.36760330200195,-34.39237976074219,-34.41692352294922,-34.44123458862305,-34.465301513671875,-34.489097595214844,-34.51261901855469,-34.535892486572266,-34.558929443359375,-34.58172607421875,-34.60426330566406,-34.62654495239258,-34.64856719970703,-34.670310974121094,-34.691776275634766,-34.71296691894531,-34.73390197753906,-34.75457000732422,-34.774959564208984,-34.79506301879883,-34.814884185791016,-34.83441162109375,-34.853641510009766,-34.87257766723633,-34.8912239074707,-34.909576416015625,-34.92762756347656,-34.945377349853516,-34.96281814575195,-34.97995376586914,-34.99678039550781,-35.013301849365234,-35.029518127441406,-35.04542922973633,-35.06102752685547,-35.076316833496094,-35.09129333496094,-35.10595703125,-35.12030792236328,-35.13434982299805,-35.14807891845703,-35.161495208740234,-35.17460250854492,-35.18740463256836,-35.199893951416016,-35.21208190917969,-35.223968505859375,-35.23555374145508,-35.23489761352539,-35.270896911621094,-35.2857780456543,-35.29645919799805,-35.31660842895508,-35.339813232421875,-35.35923767089844,-35.373783111572266,-35.387577056884766,-35.40419006347656,-35.423030853271484,-35.441429138183594,-35.45759201049805,-35.471961975097656,-35.48643112182617,-35.5022087097168,-35.51881408691406,-35.534912109375,-35.54969787597656,-35.56352615356445,-35.577415466308594,-35.591957092285156,-35.60682678222656,-35.62127685546875,-35.63490295410156,-35.64799499511719,-35.66115188598633,-35.67464065551758,-35.68819046020508,-35.70135498046875,-35.71399688720703,-35.72637939453125,-35.73884582519531,-35.751441955566406,-35.763916015625,-35.77605056762695,-35.78788375854492,-35.79962921142578,-35.811424255371094,-35.82318878173828,-35.83474349975586,-35.84603500366211,-35.857173919677734,-35.868282318115234,-35.87934494018555,-35.890254974365234,-35.90094757080078,-35.911476135253906,-35.92192077636719,-35.93229675292969,-35.942535400390625,-35.95259094238281,-35.96249008178711,-35.9722785949707,-35.98197937011719,-35.991546630859375,-36.000953674316406,-36.01021194458008,-36.01936721801758,-36.02841567993164,-36.03733444213867,-36.04610824584961,-36.05474853515625,-36.06327819824219,-36.071693420410156,-36.079978942871094,-36.08812713623047,-36.09614562988281,-36.10404968261719,-36.11183547973633,-36.119483947753906,-36.12699508666992,-36.13438415527344,-36.14164733886719,-36.148780822753906,-36.15577697753906,-36.16263961791992,-36.169368743896484,-36.175968170166016,-36.18243408203125,-36.18875503540039,-36.1949462890625,-36.20100021362305,-36.20691680908203,-36.21269607543945,-36.21833419799805,-36.22383499145508,-36.22919845581055,-36.23442459106445,-36.2395133972168,-36.24446105957031,-36.24927520751953,-36.25395202636719,-36.25849151611328,-36.26289749145508,-36.26716995239258,-36.27130889892578,-36.27531433105469,-36.2791862487793,-36.28293228149414,-36.28655242919922,-36.29004669189453,-36.29341506958008,-36.296661376953125,-36.29978561401367,-36.30279541015625,-36.305686950683594,-36.308467864990234,-36.31113815307617,-36.31370162963867,-36.316162109375,-36.31851577758789,-36.32077407836914,-36.322933197021484,-36.32500076293945,-36.32697677612305,-36.32886505126953,-36.33066940307617,-36.332393646240234,-36.33403778076172,-36.335609436035156,-36.33710479736328,-36.338531494140625,-36.33989334106445,-36.341190338134766,-36.34242630004883,-36.343605041503906,-36.3447265625,-36.345794677734375,-36.3468132019043,-36.347782135009766,-36.34870529174805,-36.349586486816406,-36.35042190551758,-36.351219177246094,-36.35197830200195,-36.35270309448242,-36.353389739990234,-36.35404586791992,-36.354671478271484,-36.35526657104492,-36.3558349609375,-36.35637283325195,-36.35688781738281,-36.35737991333008,-36.357845306396484,-36.35829162597656,-36.35871505737305,-36.3591194152832,-36.35950469970703,-36.35987091064453,-36.3602180480957,-36.36054992675781,-36.36086654663086,-36.361167907714844,-36.361454010009766,-36.36172866821289,-36.36198806762695,-36.36223220825195,-36.36246871948242,-36.36268997192383,-36.3629035949707,-36.36310577392578,-36.36329650878906,-36.36347961425781,-36.363651275634766,-36.36381530761719,-36.36397171020508,-36.36412048339844,-36.3642578125,-36.3643913269043,-36.36451721191406,-36.3646354675293,-36.364749908447266,-36.3648567199707,-36.36495590209961,-36.36505126953125,-36.365142822265625,-36.36522674560547,-36.36531066894531,-36.365386962890625,-36.36545944213867,-36.36552429199219,-36.3655891418457,-36.36565017700195,-36.36570739746094,-36.365760803222656,-36.365814208984375,-36.36585998535156,-36.36590576171875,-36.36594772338867,-36.365989685058594,-36.36602783203125,-36.36606216430664,-36.36609649658203,-36.366127014160156,-36.36615753173828,-36.36618423461914,-36.3662109375,-36.366233825683594,-36.36625671386719,-36.36627960205078,-36.36629867553711,-36.36631774902344,-36.366336822509766,-36.36635208129883,-36.36636734008789,-36.36638259887695,-36.366397857666016,-36.36640930175781,-36.36642074584961,-36.366432189941406,-36.3664436340332,-36.366451263427734,-36.36646270751953,-36.36647033691406,-36.366477966308594,-36.366485595703125,-36.366493225097656,-36.36650085449219,-36.36650466918945,-36.366512298583984,-36.36651611328125,-36.36652374267578,-36.36652755737305,-36.36653137207031,-36.36653518676758
-28.37230110168457,-28.520071029663086,-28.663480758666992,-28.801603317260742,-28.936931610107422,-29.073986053466797,-29.214550018310547,-29.35735321044922,-29.499980926513672,-29.640361785888672,-29.778093338012695,-29.914199829101562,-30.048803329467773,-30.18037223815918,-30.307151794433594,-30.428855895996094,-30.54710578918457,-30.663496017456055,-30.777711868286133,-30.888378143310547,-30.99544906616211,-31.10085678100586,-31.206283569335938,-31.311965942382812,-31.417522430419922,-31.52308464050293,-31.62978172302246,-31.738615036010742,-31.849123001098633,-31.9602108001709,-32.071617126464844,-32.18319320678711,-32.293392181396484,-32.40005874633789,-32.502471923828125,-32.600582122802734,-32.69325256347656,-32.78021240234375,-32.86298370361328,-32.94221496582031,-33.01778793334961,-33.09064483642578,-33.16105270385742,-33.228355407714844,-33.29320526123047,-33.35597229003906,-33.41646957397461,-33.47555160522461,-33.53324890136719,-33.58931350708008,-33.6442985534668,-33.69803237915039,-33.7511100769043,-33.80420684814453,-33.85749053955078,-33.9116096496582,-33.966190338134766,-34.021080017089844,-34.07566452026367,-34.129390716552734,-34.18194580078125,-34.23291015625,-34.2823486328125,-34.330078125,-34.376285552978516,-34.420738220214844,-34.46333312988281,-34.503509521484375,-34.540748596191406,-34.57444381713867,-34.60421371459961,-34.62661361694336,-34.70791244506836,-34.75395584106445,-34.80305099487305,-34.861846923828125,-34.91251754760742,-34.95276641845703,-34.994911193847656,-35.04441452026367,-35.09553527832031,-35.141849517822266,-35.18367385864258,-35.225765228271484,-35.269874572753906,-35.31333923339844,-35.35344314575195,-35.390907287597656,-35.428470611572266,-35.46697998046875,-35.50468063354492,-35.53976821899414,-35.57248306274414,-35.60432434082031,-35.635833740234375,-35.66612243652344,-35.69441604614258,-35.72116470336914,-35.747257232666016,-35.7726936340332,-35.79667282104492,-35.81880187988281,-35.83957290649414,-35.85958480834961,-35.878746032714844,-35.896636962890625,-35.91329574584961,-35.92913818359375,-35.944339752197266,-35.958648681640625,-35.97190475463867,-35.98432540893555,-35.97526550292969,-36.021949768066406,-36.039024353027344,-36.05527877807617,-36.08186721801758,-36.10424041748047,-36.11812210083008,-36.13161849975586,-36.150333404541016,-36.171234130859375,-36.188899993896484,-36.202064514160156,-36.21405029296875,-36.22774124145508,-36.242340087890625,-36.255393981933594,-36.26612854003906,-36.276145935058594,-36.28710174560547,-36.29869842529297,-36.30945587158203,-36.31867218017578,-36.32707595825195,-36.335662841796875,-36.34444046020508,-36.35265350341797,-36.35993957519531,-36.366783142089844,-36.373783111572266,-36.380889892578125,-36.38755798339844,-36.39350509643555,-36.398990631103516,-36.404396057128906,-36.40974426269531,-36.41480255126953,-36.419490814208984,-36.42397689819336,-36.42839431762695,-36.43268585205078,-36.43670654296875,-36.440467834472656,-36.44408416748047,-36.44762420654297,-36.4510612487793,-36.454345703125,-36.457496643066406,-36.460540771484375,-36.46349334716797,-36.466339111328125,-36.46906661987305,-36.471683502197266,-36.47419738769531,-36.47662353515625,-36.47897720336914,-36.48123550415039,-36.48339080810547,-36.48545837402344,-36.487449645996094,-36.489356994628906,-36.491172790527344,-36.49291229248047,-36.494590759277344,-36.496212005615234,-36.49775314331055,-36.49921798706055,-36.50062561035156,-36.501983642578125,-36.50327682495117,-36.50450897216797,-36.50569152832031,-36.50682830810547,-36.50790786743164,-36.50893020629883,-36.50990676879883,-36.51084518432617,-36.5117301940918,-36.512569427490234,-36.51336669921875,-36.514129638671875,-36.51485061645508,-36.515525817871094,-36.51616668701172,-36.51677703857422,-36.51735305786133,-36.51789093017578,-36.518402099609375,-36.51888656616211,-36.51934051513672,-36.51976776123047,-36.52016830444336,-36.520545959472656,-36.52090072631836,-36.521236419677734,-36.521549224853516,-36.521846771240234,-36.52212142944336,-36.52238082885742,-36.522621154785156,-36.522850036621094,-36.52306365966797,-36.52326583862305,-36.52345275878906,-36.52362823486328,-36.5237922668457,-36.52394485473633,-36.52408981323242,-36.52422332763672,-36.524349212646484,-36.52446746826172,-36.52457809448242,-36.524681091308594,-36.524776458740234,-36.52486801147461,-36.52495574951172,-36.52503204345703,-36.525108337402344,-36.525177001953125,-36.525245666503906,-36.525306701660156,-36.525367736816406,-36.525421142578125,-36.52547836303711,-36.52552795410156,-36.525577545166016,-36.5256233215332,-36.52566909790039,-36.52571487426758,-36.5257568359375,-36.52579879760742,-36.525840759277344,-36.52587890625,-36.52592086791992,-36.525962829589844,-36.5260009765625,-36.52604293823242,-36.526084899902344,-36.526126861572266,-36.52617263793945,-36.526214599609375,-36.52626037597656,-36.52630615234375,-36.5263557434082,-36.526405334472656,-36.526458740234375,-36.52651596069336,-36.526573181152344,-36.52663040161133,-36.52669143676758,-36.52676010131836,-36.52682876586914,-36.52689743041992,-36.526973724365234,-36.52705383300781,-36.527137756347656,-36.5272216796875,-36.527313232421875,-36.527408599853516,-36.52751159667969,-36.527618408203125,-36.52772903442383,-36.5278434753418,-36.5279655456543,-36.52809524536133,-36.528228759765625,-36.52836990356445,-36.52851486206055,-36.52866744995117,-36.52882766723633,-36.528995513916016,-36.529170989990234,-36.529354095458984,-36.529541015625,-36.52973937988281,-36.529945373535156,-36.530155181884766,-36.53037643432617,-36.53060531616211,-36.53084182739258,-36.53108596801758,-36.53133773803711,-36.53159713745117,-36.531864166259766,-36.53213882446289,-36.53241729736328,-36.53270721435547,-36.53300476074219,-36.53330612182617,-36.53361511230469,-36.533931732177734,-36.53425216674805,-36.53458023071289,-36.534912109375,-36.535247802734375,-36.535587310791016,-36.53593063354492,-36.536277770996094,-36.536624908447266,-36.5369758605957,-36.537330627441406,-36.537681579589844,-36.53803634643555,-36.53839111328125,-36.53874206542969,-36.539093017578125,-36.53944396972656,-36.539791107177734,-36.54013442993164,-36.54047775268555,-36.54081344604492,-36.54114532470703,-36.541473388671875,-36.54179382324219,-36.542110443115234,-36.54241943359375,-36.542720794677734,-36.54301834106445,-36.54330825805664,-36.54358673095703,-36.543861389160156,-36.54412841796875,-36.54438400268555,-36.54463195800781,-36.54487228393555,-36.54510498046875,-36.54533004760742,-36.5455436706543,-36.54574966430664,-36.54594802856445,-36.546138763427734,-36.546321868896484,-36.54649353027344,-36.54665756225586,-36.546817779541016,-36.546966552734375,-36.5471076965332,-36.5472412109375,-36.54737091064453,-36.547489166259766,-36.547603607177734,-36.54771041870117,-36.54780960083008,-36.54790496826172,-36.547996520996094,-36.54807662963867,-36.54815673828125,-36.5482292175293,-36.54829788208008,-36.548362731933594,-36.54841995239258,-36.54847717285156,-36.548526763916016,-36.54857635498047,-36.54861831665039,-36.54866027832031,-36.54869842529297,-36.54873275756836,-36.548763275146484,-36.54879379272461,-36.54882049560547,-36.54884719848633,-36.54887008666992,-36.548892974853516,-36.548912048339844,-36.548927307128906,-36.548946380615234,-36.5489616394043,-36.548973083496094,-36.54898452758789,-36.54899597167969,-36.549007415771484,-36.54901885986328,-36.54902648925781,-36.549034118652344,-36.549041748046875,-36.54904556274414,-36.54905319213867,-36.54905700683594,-36.5490608215332,-36.54906463623047,-36.549068450927734
-27.841548919677734,-27.937685012817383,-28.02508544921875,-28.104494094848633,-28.177936553955078,-28.248191833496094,-28.316875457763672,-28.384254455566406,-28.450124740600586,-28.514328002929688,-28.576915740966797,-28.63815689086914,-28.69849395751953,-28.758440017700195,-28.818449020385742,-28.87883949279785,-28.93978500366211,-29.001346588134766,-29.063520431518555,-29.126272201538086,-29.189529418945312,-29.253202438354492,-29.317180633544922,-29.381349563598633,-29.445589065551758,-29.509782791137695,-29.57382583618164,-29.637638092041016,-29.701154708862305,-29.76429557800293,-29.826929092407227,-29.888845443725586,-29.949756622314453,-30.009342193603516,-30.06734848022461,-30.12368392944336,-30.178449630737305,-30.23180389404297,-30.28382110595703,-30.334392547607422,-30.38324737548828,-30.430055618286133,-30.47461700439453,-30.517045974731445,-30.557815551757812,-30.597450256347656,-30.636138916015625,-30.673686981201172,-30.709810256958008,-30.744647979736328,-30.779054641723633,-30.813976287841797,-30.849685668945312,-30.886005401611328,-30.923200607299805,-30.96263313293457,-31.005403518676758,-31.05129623413086,-31.100431442260742,-31.154146194458008,-31.212406158447266,-31.274723052978516,-31.342178344726562,-31.413707733154297,-31.48945426940918,-31.569278717041016,-31.651885986328125,-31.73724937438965,-31.82364273071289,-31.911134719848633,-31.998395919799805,-32.08539962768555,-32.17201232910156,-32.25768280029297,-32.34271240234375,-32.42571258544922,-32.5062141418457,-32.58418273925781,-32.65919494628906,-32.732032775878906,-32.80389404296875,-32.87482833862305,-32.94413375854492,-33.0113410949707,-33.07646560668945,-33.139892578125,-33.20186996459961,-33.262062072753906,-33.320213317871094,-33.37663269042969,-33.43183517456055,-33.48622512817383,-33.53972625732422,-33.5919075012207,-33.64273452758789,-33.692527770996094,-33.741329193115234,-33.7886962890625,-33.834014892578125,-33.87717819213867,-33.918399810791016,-33.95775604248047,-33.995147705078125,-34.03054428100586,-34.064186096191406,-34.0963134765625,-34.12705612182617,-34.15651321411133,-34.184757232666016,-34.21183776855469,-34.23775863647461,-34.26261901855469,-34.28650665283203,-34.309444427490234,-34.298927307128906,-34.37247085571289,-34.39582824707031,-34.410404205322266,-34.44766616821289,-34.49050521850586,-34.523250579833984,-34.54552459716797,-34.567867279052734,-34.59683609008789,-34.62926483154297,-34.65884780883789,-34.68267822265625,-34.703208923339844,-34.724708557128906,-34.74845886230469,-34.7723503112793,-34.79377365112305,-34.81210708618164,-34.82894515991211,-34.846092224121094,-34.86375045776367,-34.88072967529297,-34.89604187011719,-34.909942626953125,-34.923465728759766,-34.93719482421875,-34.950706481933594,-34.9632453918457,-34.97468566894531,-34.985599517822266,-34.99651336669922,-35.007347106933594,-35.01762771606445,-35.02717590332031,-35.03632354736328,-35.04550552368164,-35.05474853515625,-35.06374740600586,-35.07231521606445,-35.080657958984375,-35.089073181152344,-35.069339752197266,-35.116920471191406,-35.12630844116211,-35.12863540649414,-35.14900207519531,-35.17383575439453,-35.19031524658203,-35.19871520996094,-35.2086067199707,-35.22480392456055,-35.243656158447266,-35.25967788696289,-35.27129364013672,-35.281700134277344,-35.29458236694336,-35.31002426147461,-35.3253173828125,-35.33823776245117,-35.34916687011719,-35.360328674316406,-35.373085021972656,-35.38666915893555,-35.399391174316406,-35.41055679321289,-35.421085357666016,-35.4322509765625,-35.44422912597656,-35.45608139038086,-35.46698760986328,-35.477142333984375,-35.48738479614258,-35.49812316894531,-35.50891876220703,-35.519134521484375,-35.528709411621094,-35.53813171386719,-35.54775619506836,-35.557369232177734,-35.56653594970703,-35.57516098022461,-35.58354949951172,-35.591941833496094,-35.600215911865234,-35.60807418823242,-35.615474700927734,-35.62262725830078,-35.62968063354492,-35.63652038574219,-35.642974853515625,-35.64905548095703,-35.65492248535156,-35.660640716552734,-35.66611862182617,-35.6712760925293,-35.67616271972656,-35.680885314941406,-35.68545913696289,-35.689815521240234,-35.693939208984375,-35.69789505004883,-35.70174026489258,-35.70545196533203,-35.7089958190918,-35.7123908996582,-35.7156867980957,-35.71889877319336,-35.72199249267578,-35.7249641418457,-35.72784423828125,-35.730648040771484,-35.73336410522461,-35.7359733581543,-35.738487243652344,-35.740928649902344,-35.7432861328125,-35.745548248291016,-35.747718811035156,-35.74980545043945,-35.7518196105957,-35.753746032714844,-35.755584716796875,-35.757347106933594,-35.759037017822266,-35.760650634765625,-35.76218795776367,-35.7636604309082,-35.76506805419922,-35.76641082763672,-35.76769256591797,-35.768917083740234,-35.77008819580078,-35.77120590209961,-35.772274017333984,-35.773292541503906,-35.77426528930664,-35.77519607543945,-35.776084899902344,-35.77693176269531,-35.77774429321289,-35.77851486206055,-35.77925491333008,-35.77995681762695,-35.7806282043457,-35.78126907348633,-35.781883239746094,-35.78246307373047,-35.78302001953125,-35.78355026245117,-35.7840576171875,-35.78453826904297,-35.784996032714844,-35.78543472290039,-35.78585433959961,-35.786251068115234,-35.78662872314453,-35.786991119384766,-35.78733444213867,-35.78765869140625,-35.78797149658203,-35.788265228271484,-35.78854751586914,-35.788814544677734,-35.789066314697266,-35.789310455322266,-35.7895393371582,-35.789756774902344,-35.78996276855469,-35.7901611328125,-35.790348052978516,-35.790523529052734,-35.79069137573242,-35.790855407714844,-35.79100799560547,-35.79115295410156,-35.791290283203125,-35.79142379760742,-35.79154586791992,-35.79166793823242,-35.79178237915039,-35.79188919067383,-35.791996002197266,-35.79209518432617,-35.79219055175781,-35.79227828979492,-35.79236602783203,-35.792449951171875,-35.79253005981445,-35.792606353759766,-35.79267883300781,-35.792747497558594,-35.792816162109375,-35.79288101196289,-35.79294204711914,-35.79300308227539,-35.793060302734375,-35.79311752319336,-35.79317092895508,-35.7932243347168,-35.79327392578125,-35.79331970214844,-35.79336929321289,-35.79341506958008,-35.79345703125,-35.79349899291992,-35.793540954589844,-35.793582916259766,-35.79362106323242,-35.79365921020508,-35.793697357177734,-35.793731689453125,-35.793766021728516,-35.793800354003906,-35.7938346862793,-35.79386520385742,-35.79389953613281,-35.79393005371094,-35.79396057128906,-35.79398727416992,-35.79401779174805,-35.794044494628906,-35.794071197509766,-35.794097900390625,-35.794124603271484,-35.79414749145508,-35.79417419433594,-35.79419708251953,-35.794219970703125,-35.79424285888672,-35.79426193237305,-35.79428482055664,-35.79430389404297,-35.79432678222656,-35.79434585571289,-35.79436492919922,-35.79438400268555,-35.79439926147461,-35.79441833496094,-35.79443359375,-35.79444885253906,-35.794464111328125,-35.79447937011719,-35.79449462890625,-35.79450988769531,-35.79452133178711,-35.79453659057617,-35.79454803466797,-35.794559478759766,-35.79457092285156,-35.79458236694336,-35.794593811035156,-35.79460525512695,-35.794612884521484,-35.79462432861328,-35.79463195800781,-35.79464340209961,-35.79465103149414,-35.79465866088867,-35.7946662902832,-35.794673919677734,-35.794681549072266,-35.7946891784668,-35.79469299316406,-35.794700622558594,-35.794708251953125,-35.79471206665039,-35.794715881347656,-35.79472351074219,-35.79472732543945,-35.79473114013672
-27.41839027404785,-27.52385902404785,-27.620738983154297,-27.71009635925293,-27.794599533081055,-27.876426696777344,-27.95665168762207,-28.035581588745117,-28.11298942565918,-28.188411712646484,-28.26140594482422,-28.33169174194336,-28.399120330810547,-28.463703155517578,-28.525798797607422,-28.586225509643555,-28.646100997924805,-28.706466674804688,-28.76801300048828,-28.831056594848633,-28.895681381225586,-28.961875915527344,-29.029653549194336,-29.099124908447266,-29.170499801635742,-29.24405860900879,-29.320093154907227,-29.398836135864258,-29.480403900146484,-29.564746856689453,-29.651636123657227,-29.740642547607422,-29.831153869628906,-29.922420501708984,-30.01361846923828,-30.103979110717773,-30.192913055419922,-30.280174255371094,-30.36591911315918,-30.45067024230957,-30.535123825073242,-30.619876861572266,-30.70520782470703,-30.79099464416504,-30.876789093017578,-30.96198844909668,-31.046030044555664,-31.1285343170166,-31.209341049194336,-31.288463592529297,-31.365957260131836,-31.44182777404785,-31.5159912109375,-31.58830451965332,-31.658641815185547,-31.726961135864258,-31.793319702148438,-31.857845306396484,-31.920652389526367,-31.981767654418945,-32.04109573364258,-32.09844970703125,-32.15363311767578,-32.20650100708008,-32.25701141357422,-32.305213928222656,-32.351192474365234,-32.3950309753418,-32.4367790222168,-32.47647476196289,-32.51417541503906,-32.54996871948242,-32.58397674560547,-32.61631393432617,-32.64706802368164,-32.67627716064453,-32.70393753051758,-32.72998809814453,-32.77443313598633,-32.814735412597656,-32.852447509765625,-32.88858413696289,-32.92329025268555,-32.95659637451172,-32.98815155029297,-33.017723083496094,-33.045310974121094,-33.071044921875,-33.09498596191406,-33.117244720458984,-33.137962341308594,-33.1573371887207,-33.17551803588867,-33.19260787963867,-33.20869827270508,-33.22389602661133,-33.23834228515625,-33.252166748046875,-33.265464782714844,-33.27830505371094,-33.29073715209961,-33.30284118652344,-33.31467056274414,-33.32624053955078,-33.337528228759766,-33.34850311279297,-33.3591423034668,-33.369415283203125,-33.379268646240234,-33.388675689697266,-33.39761734008789,-33.40607833862305,-33.41404724121094,-33.42151641845703,-33.433834075927734,-33.45252990722656,-33.4673957824707,-33.48064041137695,-33.495670318603516,-33.51076126098633,-33.5248908996582,-33.53838348388672,-33.55177307128906,-33.565467834472656,-33.579471588134766,-33.59337615966797,-33.60704803466797,-33.620872497558594,-33.63519287109375,-33.64999008178711,-33.665130615234375,-33.68059539794922,-33.6963996887207,-33.71261215209961,-33.729347229003906,-33.746612548828125,-33.7642822265625,-33.782291412353516,-33.80067443847656,-33.819461822509766,-33.83860778808594,-33.85807800292969,-33.877838134765625,-33.89781951904297,-33.91801452636719,-33.938419342041016,-33.958984375,-33.97962951660156,-34.00030517578125,-34.020992279052734,-34.04165267944336,-34.062252044677734,-34.08274459838867,-34.103057861328125,-34.12314987182617,-34.14300537109375,-34.162601470947266,-34.18190002441406,-34.20086669921875,-34.21949005126953,-34.23774719238281,-34.25564956665039,-34.273189544677734,-34.290367126464844,-34.30718231201172,-34.323646545410156,-34.33976745605469,-34.35555648803711,-34.37102127075195,-34.38615798950195,-34.40098571777344,-34.41550064086914,-34.42970657348633,-34.44359588623047,-34.45716857910156,-34.47042465209961,-34.48335266113281,-34.49595642089844,-34.50822067260742,-34.520145416259766,-34.53173065185547,-34.54297637939453,-34.55388259887695,-34.564453125,-34.57469177246094,-34.58460998535156,-34.594215393066406,-34.603515625,-34.61252212524414,-34.621246337890625,-34.62969970703125,-34.63789367675781,-34.64583206176758,-34.653533935546875,-34.66100311279297,-34.66825485229492,-34.67529296875,-34.68212890625,-34.68877410888672,-34.69523239135742,-34.701515197753906,-34.70762634277344,-34.71357345581055,-34.719364166259766,-34.72500228881836,-34.730491638183594,-34.735836029052734,-34.74103546142578,-34.746097564697266,-34.75101852416992,-34.75580978393555,-34.76046371459961,-34.764991760253906,-34.76939010620117,-34.77366638183594,-34.7778205871582,-34.781856536865234,-34.78578186035156,-34.78959274291992,-34.793296813964844,-34.796897888183594,-34.80039596557617,-34.803794860839844,-34.80710220336914,-34.8103141784668,-34.81343460083008,-34.81646728515625,-34.81941604614258,-34.82228469848633,-34.825069427490234,-34.82777786254883,-34.830413818359375,-34.83297348022461,-34.83546447753906,-34.837886810302734,-34.84024429321289,-34.84253692626953,-34.84476852416992,-34.84693908691406,-34.84904479980469,-34.85109329223633,-34.853084564208984,-34.85501480102539,-34.85688400268555,-34.85869598388672,-34.86044692993164,-34.86214065551758,-34.86376953125,-34.86534118652344,-34.86684799194336,-34.8682975769043,-34.86968231201172,-34.87100601196289,-34.87227249145508,-34.873477935791016,-34.8746223449707,-34.87571334838867,-34.876747131347656,-34.87772750854492,-34.878662109375,-34.87954330444336,-34.88038635253906,-34.88118362426758,-34.88194274902344,-34.882667541503906,-34.88336181640625,-34.8840217590332,-34.8846549987793,-34.88526153564453,-34.88584518432617,-34.886409759521484,-34.8869514465332,-34.887474060058594,-34.88798141479492,-34.88846969604492,-34.88894271850586,-34.889404296875,-34.88984680175781,-34.89027786254883,-34.89069747924805,-34.8911018371582,-34.89149475097656,-34.89187240600586,-34.892242431640625,-34.89259719848633,-34.892940521240234,-34.89326858520508,-34.89358901977539,-34.89389419555664,-34.89419174194336,-34.89447784423828,-34.89474868774414,-34.895015716552734,-34.895267486572266,-34.895511627197266,-34.895748138427734,-34.895973205566406,-34.89619064331055,-34.896400451660156,-34.896602630615234,-34.89679718017578,-34.89698791503906,-34.89716720581055,-34.897342681884766,-34.89751052856445,-34.897674560546875,-34.897830963134766,-34.89798355102539,-34.89813232421875,-34.898277282714844,-34.898414611816406,-34.8985481262207,-34.898681640625,-34.898807525634766,-34.898929595947266,-34.8990478515625,-34.899166107177734,-34.89927673339844,-34.89938735961914,-34.89949417114258,-34.89959716796875,-34.89970016479492,-34.89979553222656,-34.8998908996582,-34.899986267089844,-34.90007781982422,-34.90016555786133,-34.90025329589844,-34.90034103393555,-34.90042495727539,-34.90050506591797,-34.90058517456055,-34.900665283203125,-34.90074157714844,-34.90081787109375,-34.90089416503906,-34.90096664428711,-34.90104293823242,-34.90111541748047,-34.90118408203125,-34.9012565612793,-34.90132522583008,-34.901397705078125,-34.901466369628906,-34.90153503417969,-34.90160369873047,-34.901668548583984,-34.901737213134766,-34.90180587768555,-34.90187072753906,-34.901939392089844,-34.90200424194336,-34.90207290649414,-34.902137756347656,-34.90220642089844,-34.90227127075195,-34.902339935302734,-34.902408599853516,-34.90247344970703,-34.90254211425781,-34.902610778808594,-34.902679443359375,-34.902748107910156,-34.90281677246094,-34.90288543701172,-34.902957916259766,-34.90302658081055,-34.903099060058594,-34.90317153930664,-34.90324401855469,-34.9033203125,-34.90339279174805,-34.90346908569336,-34.90354537963867,-34.903621673583984,-34.9036979675293,-34.903778076171875,-34.90385818481445,-34.90393829345703,-34.90401840209961,-34.90410232543945,-34.9041862487793,-34.90427017211914,-34.904354095458984,-34.904441833496094,-34.9045295715332,-34.90462112426758,-34.90470886230469,-34.90480422973633,-34.9048957824707,-34.904991149902344,-34.905086517333984,-34.90518569946289,-34.9052848815918,-34.9053840637207,-34.905487060546875,-34.90559005737305,-34.905696868896484,-34.90580368041992,-34.905914306640625,-34.90602493286133,-34.90613555908203,-34.90625,-34.906368255615234,-34.90648651123047,-34.90660858154297,-34.90673065185547,-34.90685272216797,-34.906978607177734,-34.907108306884766,-34.9072380065918,-34.907371520996094,-34.907508850097656,-34.90764617919922,-34.90778732299805,-34.907928466796875,-34.90807342529297,-34.90822219848633,-34.90837097167969,-34.90852355957031,-34.9086799621582,-34.90884017944336,-34.909000396728516,-34.90916442871094,-34.909332275390625,-34.90950012207031,-34.90967559814453,-34.90985107421875,-34.910030364990234,-34.910213470458984,-34.910400390625,-34.91059112548828,-34.91078186035156,-34.910980224609375,-34.91117858886719,-34.91138458251953,-34.911590576171875,-34.91180419921875,-34.912017822265625,-34.91223907470703,-34.91246032714844,-34.912689208984375,-34.91292190551758,-34.91315841674805,-34.91339874267578,-34.91364288330078,-34.91389465332031,-34.91415023803711,-34.91440963745117,-34.9146728515625,-34.914939880371094,-34.91521453857422,-34.91549301147461,-34.91577911376953,-34.91606903076172,-34.91636276245117,-34.916664123535156,-34.916969299316406,-34.91728210449219,-34.917598724365234,-34.91792297363281,-34.918251037597656,-34.918582916259766,-34.91892623901367,-34.919273376464844,-34.91962432861328,-34.919986724853516,-34.920352935791016,-34.92072296142578,-34.921104431152344,-34.92148971557617,-34.921878814697266,-34.922279357910156,-34.92268371582031,-34.923095703125,-34.92351531982422,-34.92394256591797,-34.92437744140625,-34.9248161315918,-34.925262451171875,-34.925716400146484,-34.926177978515625,-34.9266471862793,-34.9271240234375,-34.92760467529297,-34.92809295654297,-34.928592681884766,-34.92909622192383,-34.929603576660156,-34.93012237548828,-34.93064498901367,-34.931175231933594,-34.93171310424805,-34.93225860595703,-34.93280792236328,-34.93336486816406,-34.93392562866211,-34.93449401855469,-34.9350700378418,-34.935646057128906,-34.93623352050781,-34.93682098388672,-34.937416076660156,-34.93801498413086,-34.938621520996094,-34.93922805786133,-34.93983840942383,-34.940452575683594,-34.941070556640625,-34.941688537597656,-34.94231033325195,-34.942935943603516,-34.94356155395508,-34.94418716430664,-34.94481658935547,-34.94544219970703,-34.946067810058594,-34.946693420410156,-34.94731903076172,-34.947940826416016,-34.94856262207031,-34.949180603027344,-34.94979476928711,-34.95040512084961,-34.951011657714844,-34.95161437988281,-34.952213287353516,-34.95280075073242,-34.95338821411133,-34.95396423339844,-34.95453643798828,-34.95509719848633,-34.95565414428711,-34.956199645996094,-34.95673751831055,-34.95726776123047,-34.957786560058594,-34.95829391479492,-34.95879364013672,-34.95928192138672,-34.95975875854492,-34.96022415161133,-34.96067810058594,-34.961124420166016,-34.96155548095703,-34.96197509765625,-34.96238327026367,-34.9627799987793,-34.963165283203125,-34.96353530883789,-34.96389389038086,-34.9642448425293,-34.96458053588867,-34.96490478515625,-34.96521759033203,-34.965518951416016,-34.9658088684082,-34.966087341308594,-34.96635437011719,-34.966609954833984,-34.966854095458984,-34.96709060668945,-34.96731185913086,-34.967529296875,-34.96773147583008,-34.96792984008789,-34.96811294555664,-34.968292236328125,-34.96846008300781,-34.96862030029297,-34.968772888183594,-34.96891403198242,-34.969051361083984,-34.969181060791016,-34.969303131103516,-34.96942138671875,-34.96952819824219,-34.96963119506836,-34.969730377197266,-34.96982192993164,-34.96990966796875,-34.96998977661133,-34.97006607055664,-34.97013854980469,-34.97020721435547,-34.97026824951172,-34.97032928466797,-34.97038650512695,-34.97043991088867,-34.97048568725586,-34.97053146362305,-34.970577239990234,-34.97061538696289,-34.97065353393555,-34.97068786621094,-34.97072219848633,-34.97075271606445,-34.97077941894531,-34.97080612182617,-34.97083282470703,-34.970855712890625,-34.97087478637695,-34.97089385986328,-34.97091293334961,-34.97093200683594,-34.970947265625,-34.97096252441406,-34.97097396850586,-34.97098922729492,-34.97100067138672,-34.971012115478516,-34.97101974487305,-34.971031188964844,-34.971038818359375,-34.971046447753906,-34.97105407714844,-34.97106170654297,-34.9710693359375,-34.971073150634766,-34.9710807800293,-34.97108459472656,-34.97108840942383,-34.971092224121094,-34.97109603881836
-26.884496688842773,-27.017690658569336,-27.14892578125,-27.279783248901367,-27.410730361938477,-27.542463302612305,-27.6754150390625,-27.80948257446289,-27.944374084472656,-28.07999038696289,-28.216699600219727,-28.35535430908203,-28.496973037719727,-28.642192840576172,-28.790836334228516,-28.941675186157227,-29.092409133911133,-29.239784240722656,-29.379985809326172,-29.509618759155273,-29.62765884399414,-29.73753547668457,-29.845935821533203,-29.95833396911621,-30.0767765045166,-30.200387954711914,-30.326276779174805,-30.45053482055664,-30.570022583007812,-30.68509292602539,-30.801115036010742,-30.925010681152344,-31.059263229370117,-31.200267791748047,-31.3411865234375,-31.476301193237305,-31.6048526763916,-31.730762481689453,-31.857149124145508,-31.982315063476562,-32.10128402709961,-32.20998001098633,-32.30887222290039,-32.40278244018555,-32.49582290649414,-32.58732223510742,-32.673561096191406,-32.75236511230469,-32.825584411621094,-32.896644592285156,-32.9664192199707,-33.033016204833984,-33.09529113769531,-33.15537643432617,-33.21666717529297,-33.2798957824707,-33.34304428100586,-33.40486526489258,-33.466854095458984,-33.53083801269531,-33.59624099731445,-33.66144943237305,-33.726707458496094,-33.793582916259766,-33.86187744140625,-33.929710388183594,-33.99651336669922,-34.06333541870117,-34.130126953125,-34.195499420166016,-34.25918960571289,-34.321956634521484,-34.38320541381836,-34.44158935546875,-34.497161865234375,-34.55036544799805,-34.60049057006836,-34.64714431762695,-34.69097137451172,-34.731956481933594,-34.7695198059082,-34.80400466918945,-34.835880279541016,-34.84468460083008,-34.935813903808594,-34.9735107421875,-35.00394821166992,-35.05592727661133,-35.110076904296875,-35.15083694458008,-35.18073272705078,-35.21278381347656,-35.25151824951172,-35.290740966796875,-35.323421478271484,-35.3489990234375,-35.37286376953125,-35.39934158325195,-35.42738342285156,-35.45307540893555,-35.474281311035156,-35.49269104003906,-35.51145553588867,-35.531578063964844,-35.551395416259766,-35.5689697265625,-35.58434295654297,-35.599273681640625,-35.61506652832031,-35.63128662109375,-35.64664077758789,-35.66065216064453,-35.67412185668945,-35.68803787231445,-35.702423095703125,-35.716495513916016,-35.72977066040039,-35.74256134033203,-35.7554817199707,-35.76862716674805,-35.781585693359375,-35.79403305053711,-35.806148529052734,-35.818275451660156,-35.83045959472656,-35.84245681762695,-35.85409164428711,-35.8654899597168,-35.8768424987793,-35.88815689086914,-35.899295806884766,-35.91022872924805,-35.92107391357422,-35.931922912597656,-35.94273376464844,-35.95343780517578,-35.96405792236328,-35.97468185424805,-35.98532485961914,-35.99594497680664,-36.00654220581055,-36.01718521118164,-36.02793502807617,-36.03880310058594,-36.04977798461914,-36.0609016418457,-36.07223129272461,-36.083778381347656,-36.09553146362305,-36.10750198364258,-36.119728088378906,-36.13223648071289,-36.14501190185547,-36.15804672241211,-36.171363830566406,-36.18497848510742,-36.198883056640625,-36.21305465698242,-36.22748565673828,-36.2421760559082,-36.257110595703125,-36.272254943847656,-36.2875862121582,-36.3031005859375,-36.31876754760742,-36.334564208984375,-36.35045623779297,-36.36642074584961,-36.3824462890625,-36.39849853515625,-36.41456985473633,-36.43063735961914,-36.44669723510742,-36.46274185180664,-36.478755950927734,-36.49474334716797,-36.51070022583008,-36.526634216308594,-36.54254913330078,-36.558441162109375,-36.57432556152344,-36.590206146240234,-36.60608673095703,-36.621978759765625,-36.63788604736328,-36.65382385253906,-36.669795989990234,-36.68580627441406,-36.70186233520508,-36.71796417236328,-36.734107971191406,-36.75028610229492,-36.7664909362793,-36.78269577026367,-36.79887771606445,-36.81500244140625,-36.831031799316406,-36.8469123840332,-36.86260223388672,-36.8780403137207,-36.8931770324707,-36.90795135498047,-36.92230987548828,-36.93619918823242,-36.949581146240234,-36.96240997314453,-36.97464370727539,-36.98625946044922,-36.997230529785156,-37.007537841796875,-37.01716613769531,-37.026119232177734,-37.03439712524414,-37.04200744628906,-37.0489616394043,-37.0552864074707,-37.061004638671875,-37.06614685058594,-37.070743560791016,-37.02184295654297,-37.08843231201172,-37.089927673339844,-37.07795715332031,-37.095436096191406,-37.12300109863281,-37.139404296875,-37.14084243774414,-37.139854431152344,-37.147708892822266,-37.16298294067383,-37.17760467529297,-37.185829162597656,-37.18871307373047,-37.192039489746094,-37.19981002807617,-37.2108268737793,-37.221031188964844,-37.227691650390625,-37.23162841796875,-37.23589324951172,-37.24249267578125,-37.25069046020508,-37.258209228515625,-37.26363754272461,-37.26765441894531,-37.27206802368164,-37.27787399291992,-37.284400939941406,-37.2902717590332,-37.29488754272461,-37.298919677734375,-37.30343246459961,-37.3087158203125,-37.3140983581543,-37.318824768066406,-37.32284927368164,-37.32679748535156,-37.331172943115234,-37.33583450317383,-37.34026336669922,-37.34419250488281,-37.3478889465332,-37.351749420166016,-37.35584259033203,-37.35988235473633,-37.36361312866211,-37.36711120605469,-37.37063980102539,-37.374305725097656,-37.377960205078125,-37.38141632080078,-37.38468933105469,-37.3879508972168,-37.39128112792969,-37.394596099853516,-37.39777374267578,-37.40081787109375,-37.403839111328125,-37.40688705444336,-37.4099006652832,-37.412803649902344,-37.415611267089844,-37.418392181396484,-37.421165466308594,-37.42388916015625,-37.42652130126953,-37.429080963134766,-37.43161392211914,-37.43412399291992,-37.43657302856445,-37.43894577026367,-37.44126510620117,-37.44355392456055,-37.44580078125,-37.44799041748047,-37.45011520385742,-37.45219802856445,-37.454246520996094,-37.45624923706055,-37.458194732666016,-37.46009063720703,-37.46194839477539,-37.463768005371094,-37.465538024902344,-37.467262268066406,-37.46894073486328,-37.47058868408203,-37.472190856933594,-37.473751068115234,-37.47526931762695,-37.476749420166016,-37.47819519042969,-37.47959899902344,-37.48096466064453,-37.482295989990234,-37.48359298706055,-37.4848518371582,-37.48607635498047,-37.48727035522461,-37.48843002319336,-37.48955535888672,-37.49065017700195,-37.49171447753906,-37.49274444580078,-37.493751525878906,-37.49472427368164,-37.49566650390625,-37.496585845947266,-37.497474670410156,-37.49834060668945,-37.499176025390625,-37.4999885559082,-37.50077438354492,-37.50153732299805,-37.50227737426758,-37.50299072265625,-37.503684997558594,-37.50435256958008,-37.5050048828125,-37.50563049316406,-37.5062370300293,-37.5068244934082,-37.50739288330078,-37.50794219970703,-37.50847244262695,-37.50898742675781,-37.509483337402344,-37.50996017456055,-37.51042175292969,-37.510868072509766,-37.511295318603516,-37.51171112060547,-37.51211166381836,-37.51249694824219,-37.51286697387695,-37.51322555541992,-37.513572692871094,-37.5139045715332,-37.514225006103516,-37.51453399658203,-37.51483154296875,-37.51511764526367,-37.5153923034668,-37.515655517578125,-37.51591110229492,-37.51615524291992,-37.516387939453125,-37.5166130065918,-37.51683044433594,-37.51704025268555,-37.51723861694336,-37.517433166503906,-37.517616271972656,-37.517791748046875,-37.51796340942383,-37.518123626708984,-37.518280029296875,-37.5184326171875,-37.51857376098633,-37.51871109008789,-37.51884460449219,-37.51897048950195,-37.51908874511719,-37.51920700073242,-37.519317626953125,-37.5194206237793,-37.51952362060547,-37.51961898803711,-37.51971435546875,-37.51980209350586,-37.5198860168457,-37.51996612548828,-37.520042419433594,-37.520118713378906,-37.52018737792969,-37.52025604248047,-37.520320892333984,-37.520381927490234,-37.52043914794922,-37.52049255371094,-37.520545959472656,-37.520599365234375,-37.52064514160156,-37.52069091796875,-37.52073669433594,-37.52077865600586,-37.520816802978516,-37.52085494995117,-37.52088928222656,-37.52092361450195,-37.520957946777344,-37.52098846435547,-37.52101516723633,-37.52104568481445,-37.52107238769531,-37.521095275878906,-37.521121978759766,-37.521141052246094,-37.52116394042969,-37.521183013916016,-37.52120590209961,-37.52122116088867,-37.521240234375,-37.52125549316406,-37.521270751953125,-37.52128601074219,-37.52130126953125,-37.52131271362305,-37.52132797241211,-37.521339416503906,-37.5213508605957,-37.5213623046875,-37.52136993408203,-37.52138137817383,-37.52138900756836,-37.52139663696289,-37.52140808105469,-37.52141571044922,-37.521419525146484,-37.521427154541016,-37.52143478393555,-37.52144241333008,-37.521446228027344,-37.52145004272461,-37.52145767211914,-37.521461486816406,-37.52146530151367
-27.659292221069336,-27.764915466308594,-27.87185287475586,-27.981536865234375,-28.094303131103516,-28.21036148071289,-28.329923629760742,-28.4531307220459,-28.58005142211914,-28.71072006225586,-28.84511375427246,-28.983060836791992,-29.12418556213379,-29.267902374267578,-29.413442611694336,-29.559856414794922,-29.70602798461914,-29.8507022857666,-29.992528915405273,-30.130155563354492,-30.262351989746094,-30.388153076171875,-30.507017135620117,-30.618934631347656,-30.724491119384766,-30.824825286865234,-30.921459197998047,-31.016036987304688,-31.110063552856445,-31.204721450805664,-31.300790786743164,-31.39862632751465,-31.498157501220703,-31.598913192749023,-31.7000675201416,-31.8005428314209,-31.899147033691406,-31.99472427368164,-32.086307525634766,-32.17325210571289,-32.25534439086914,-32.332828521728516,-32.40636444091797,-32.47684860229492,-32.545204162597656,-32.61214065551758,-32.67802810668945,-32.742820739746094,-32.80615997314453,-32.86748123168945,-32.926212310791016,-32.9819221496582,-33.0344352722168,-33.083866119384766,-33.13051986694336,-33.174766540527344,-33.21692657470703,-33.25718688964844,-33.295654296875,-33.33238983154297,-33.38848114013672,-33.442378997802734,-33.49285125732422,-33.540706634521484,-33.58738327026367,-33.63241195678711,-33.675113677978516,-33.71564483642578,-33.75454330444336,-33.79184341430664,-33.82717514038086,-33.86033248901367,-33.891536712646484,-33.921104431152344,-33.94913101196289,-33.97553253173828,-34.00031661987305,-34.02360916137695,-34.04560089111328,-34.06647872924805,-34.08641052246094,-34.105464935302734,-34.1236457824707,-34.140968322753906,-34.15752410888672,-34.17338180541992,-34.18859100341797,-34.203216552734375,-34.217323303222656,-34.23093795776367,-34.24409103393555,-34.2568473815918,-34.26926803588867,-34.28135681152344,-34.29315185546875,-34.312740325927734,-34.33637619018555,-34.35616683959961,-34.37419128417969,-34.393646240234375,-34.41315841674805,-34.43137741088867,-34.4485969543457,-34.46560287475586,-34.48265838623047,-34.49965286254883,-34.51630783081055,-34.532432556152344,-34.54826736450195,-34.564151763916016,-34.58001708984375,-34.59556198120117,-34.610694885253906,-34.625511169433594,-34.64012145996094,-34.654579162597656,-34.66888427734375,-34.68293762207031,-34.69667053222656,-34.71017074584961,-34.723533630371094,-34.736732482910156,-34.74970245361328,-34.762420654296875,-34.774898529052734,-34.787147521972656,-34.7991943359375,-34.81101989746094,-34.822566986083984,-34.83383560180664,-34.84486389160156,-34.85565948486328,-34.866214752197266,-34.87652587890625,-34.88658142089844,-34.89639663696289,-34.9059944152832,-34.91535949707031,-34.92447280883789,-34.93334197998047,-34.94198226928711,-34.95039367675781,-34.95857238769531,-34.96650695800781,-34.974205017089844,-34.98167419433594,-34.98892593383789,-34.995948791503906,-35.002750396728516,-35.009334564208984,-35.01571273803711,-35.021888732910156,-35.027862548828125,-35.03364562988281,-35.039241790771484,-35.04465866088867,-35.049903869628906,-35.05498123168945,-35.059898376464844,-35.06466293334961,-35.06928253173828,-35.07375717163086,-35.07809829711914,-35.08230972290039,-35.08639144897461,-35.090354919433594,-35.094200134277344,-35.097930908203125,-35.10155487060547,-35.10506820678711,-35.108482360839844,-35.11179733276367,-35.115013122558594,-35.118133544921875,-35.12116622924805,-35.124107360839844,-35.12696075439453,-35.12973403930664,-35.13241958618164,-35.13502502441406,-35.13755416870117,-35.1400032043457,-35.14237594604492,-35.144676208496094,-35.14690399169922,-35.1490592956543,-35.151145935058594,-35.153160095214844,-35.155113220214844,-35.15699768066406,-35.158817291259766,-35.16057586669922,-35.162269592285156,-35.16390609741211,-35.16548538208008,-35.16700744628906,-35.16847229003906,-35.16988754272461,-35.17124557495117,-35.17255783081055,-35.1738166809082,-35.17502975463867,-35.17619705200195,-35.17731857299805,-35.17839813232422,-35.17943572998047,-35.1804313659668,-35.181392669677734,-35.18231201171875,-35.183197021484375,-35.184043884277344,-35.18486022949219,-35.185646057128906,-35.186397552490234,-35.1871223449707,-35.18781280517578,-35.188480377197266,-35.18912124633789,-35.18973159790039,-35.19032287597656,-35.190887451171875,-35.191429138183594,-35.191951751708984,-35.19245147705078,-35.192928314208984,-35.193389892578125,-35.19383239746094,-35.19425582885742,-35.194664001464844,-35.19505310058594,-35.19542694091797,-35.1957893371582,-35.19613265991211,-35.19646453857422,-35.196781158447266,-35.19709014892578,-35.197383880615234,-35.19766616821289,-35.19793701171875,-35.19819641113281,-35.198448181152344,-35.19868850708008,-35.19892120361328,-35.19914627075195,-35.19935989379883,-35.19956970214844,-35.19976806640625,-35.1999626159668,-35.20014953613281,-35.20033264160156,-35.20050811767578,-35.20067596435547,-35.20083999633789,-35.20100021362305,-35.20115661621094,-35.2013053894043,-35.201454162597656,-35.201595306396484,-35.20173645019531,-35.201873779296875,-35.20200729370117,-35.20214080810547,-35.2022705078125,-35.202396392822266,-35.20252227783203,-35.2026481628418,-35.2027702331543,-35.2028923034668,-35.2030143737793,-35.20313262939453,-35.20325469970703,-35.203372955322266,-35.203495025634766,-35.203617095947266,-35.2037353515625,-35.203857421875,-35.2039794921875,-35.2041015625,-35.204227447509766,-35.20435333251953,-35.20448303222656,-35.204612731933594,-35.204742431640625,-35.20487594604492,-35.205013275146484,-35.20515060424805,-35.205291748046875,-35.20543670654297,-35.20558166503906,-35.20573425292969,-35.20588684082031,-35.2060432434082,-35.20620346069336,-35.20636749267578,-35.20653533935547,-35.20671081542969,-35.206886291503906,-35.20706558227539,-35.207252502441406,-35.20743942260742,-35.20763397216797,-35.20783233642578,-35.208038330078125,-35.20824432373047,-35.208457946777344,-35.208675384521484,-35.20889663696289,-35.20912551879883,-35.20935821533203,-35.2095947265625,-35.209835052490234,-35.2100830078125,-35.210330963134766,-35.21058654785156,-35.210845947265625,-35.21110916137695,-35.21137619018555,-35.21165084838867,-35.2119255065918,-35.21220397949219,-35.212486267089844,-35.2127685546875,-35.21305847167969,-35.213348388671875,-35.21363830566406,-35.213932037353516,-35.214229583740234,-35.21452713012695,-35.21482467651367,-35.21512222290039,-35.21541976928711,-35.21571731567383,-35.21601486206055,-35.216312408447266,-35.21660614013672,-35.21689987182617,-35.217193603515625,-35.21748352050781,-35.217769622802734,-35.21805191040039,-35.21833419799805,-35.21861267089844,-35.2188835144043,-35.219154357910156,-35.219417572021484,-35.21968078613281,-35.21993637084961,-35.220184326171875,-35.22043228149414,-35.220672607421875,-35.220909118652344,-35.22113800048828,-35.22136306762695,-35.221580505371094,-35.22179412841797,-35.22200012207031,-35.22220230102539,-35.2224006652832,-35.222591400146484,-35.222774505615234,-35.22295379638672,-35.22312927246094,-35.223297119140625,-35.22346115112305,-35.22361755371094,-35.22377014160156,-35.223915100097656,-35.22406005859375,-35.22419738769531,-35.224327087402344,-35.224456787109375,-35.224578857421875,-35.22469711303711,-35.22481155395508,-35.22492218017578,-35.22502899169922,-35.225128173828125,-35.22522735595703,-35.22532272338867,-35.22541046142578,-35.22549819946289,-35.225582122802734,-35.22566223144531,-35.225738525390625,-35.22581100463867,-35.22588348388672,-35.225948333740234,-35.22601318359375,-35.226078033447266,-35.22613525390625,-35.226192474365234,-35.22624969482422,-35.22629928588867,-35.226348876953125,-35.22639846801758,-35.226444244384766,-35.22648620605469,-35.22652816772461,-35.22657012939453,-35.22660827636719,-35.226646423339844,-35.226680755615234,-35.22671127319336,-35.22674560546875,-35.226776123046875,-35.226802825927734,-35.22683334350586,-35.22686004638672,-35.22688293457031,-35.22690963745117,-35.226932525634766,-35.22695541381836,-35.22697448730469,-35.22699737548828,-35.22701644897461,-35.22703170776367,-35.22705078125,-35.22706604003906,-35.22708511352539,-35.22710037231445,-35.227115631103516,-35.22712707519531,-35.227142333984375,-35.22715377807617,-35.227169036865234,-35.22718048095703,-35.22719192504883,-35.227203369140625,-35.227210998535156,-35.22722244262695,-35.22723388671875,-35.22724151611328,-35.22724914550781,-35.22726058959961,-35.22726821899414,-35.22727584838867,-35.2272834777832,-35.227291107177734,-35.227298736572266,-35.2273063659668,-35.22731399536133,-35.22732162475586,-35.227325439453125,-35.227333068847656,-35.22733688354492,-35.22734451293945,-35.227352142333984,-35.22735595703125,-35.22736358642578,-35.22736740112305,-35.22737121582031
-26.883089065551758,-27.06756019592285,-27.250593185424805,-27.42998504638672,-27.60352325439453,-27.769460678100586,-27.926559448242188,-28.07423210144043,-28.212974548339844,-28.344600677490234,-28.47184944152832,-28.597457885742188,-28.72340965270996,-28.850797653198242,-28.980031967163086,-29.111101150512695,-29.243755340576172,-29.37762451171875,-29.512252807617188,-29.647119522094727,-29.78167724609375,-29.915369033813477,-30.04763412475586,-30.177900314331055,-30.305585861206055,-30.430126190185547,-30.55097770690918,-30.667619705200195,-30.77958106994629,-30.886484146118164,-30.988039016723633,-31.084064483642578,-31.174484252929688,-31.25933074951172,-31.338722229003906,-31.412839889526367,-31.48192024230957,-31.546234130859375,-31.60607147216797,-31.6617431640625,-31.713565826416016,-31.761863708496094,-31.806962966918945,-31.84918212890625,-31.888830184936523,-31.95469093322754,-32.01579284667969,-32.07347106933594,-32.1285514831543,-32.18121337890625,-32.231483459472656,-32.27955627441406,-32.32575607299805,-32.370384216308594,-32.41365051269531,-32.45569610595703,-32.49660110473633,-32.536346435546875,-32.57488250732422,-32.612186431884766,-32.64830780029297,-32.68336486816406,-32.71745681762695,-32.750648498535156,-32.78300857543945,-32.81459426879883,-32.845462799072266,-32.87561798095703,-32.905052185058594,-32.93377685546875,-32.9618034362793,-32.98915481567383,-33.015846252441406,-33.04188919067383,-33.06731033325195,-33.092159271240234,-33.11647033691406,-33.1402702331543,-33.163578033447266,-33.18640899658203,-33.20875930786133,-33.23063278198242,-33.25202560424805,-33.272945404052734,-33.29339599609375,-33.31338882446289,-33.33292770385742,-33.35203552246094,-33.370723724365234,-33.389007568359375,-33.40690231323242,-33.42442321777344,-33.441585540771484,-33.458404541015625,-33.47490692138672,-33.491111755371094,-33.50704574584961,-33.52273178100586,-33.538204193115234,-33.55349349975586,-33.568634033203125,-33.58366394042969,-33.59861755371094,-33.61354446411133,-33.62848663330078,-33.643497467041016,-33.658626556396484,-33.673927307128906,-33.6894416809082,-33.705230712890625,-33.72134017944336,-33.737823486328125,-33.75472640991211,-33.77210235595703,-33.78999710083008,-33.80845260620117,-33.82749938964844,-33.847171783447266,-33.867488861083984,-33.888450622558594,-33.910057067871094,-33.932289123535156,-33.95510482788086,-33.97845458984375,-34.00226974487305,-34.02646255493164,-34.05092239379883,-34.07553482055664,-34.10016632080078,-34.124664306640625,-34.148887634277344,-34.17268371582031,-34.19590377807617,-34.218414306640625,-34.24009323120117,-34.26083755493164,-34.28057861328125,-34.29926300048828,-34.31687545776367,-34.33341979980469,-34.34893035888672,-34.363460540771484,-34.3770751953125,-34.38985061645508,-34.40186309814453,-34.41318130493164,-34.423866271972656,-34.43397521972656,-34.44354248046875,-34.45260238647461,-34.46371078491211,-34.484127044677734,-34.49808883666992,-34.51042175292969,-34.524784088134766,-34.53947830200195,-34.552825927734375,-34.56476974487305,-34.57649230957031,-34.588768005371094,-34.60125732421875,-34.613216400146484,-34.624298095703125,-34.6347770690918,-34.64519500732422,-34.65578842163086,-34.6663818359375,-34.67666244506836,-34.68651580810547,-34.69609451293945,-34.70563888549805,-34.71522903442383,-34.7247314453125,-34.733978271484375,-34.74292755126953,-34.751708984375,-34.760459899902344,-34.769195556640625,-34.77780532836914,-34.78620529174805,-34.79438400268555,-34.80242156982422,-34.81034851074219,-34.81813430786133,-34.82572555541992,-34.833099365234375,-34.84028625488281,-34.84733581542969,-34.854248046875,-34.86099624633789,-34.867557525634766,-34.87394332885742,-34.88018798828125,-34.88630676269531,-34.892311096191406,-34.898189544677734,-34.90395736694336,-34.909637451171875,-34.91525650024414,-34.92081832885742,-34.92632293701172,-34.9317741394043,-34.93717956542969,-34.94255065917969,-34.94789123535156,-34.95319366455078,-34.95845031738281,-34.96366500854492,-34.96883773803711,-34.97396469116211,-34.97903823852539,-34.984046936035156,-34.98899459838867,-34.99388122558594,-34.99870681762695,-35.00346755981445,-35.00815963745117,-35.012786865234375,-35.017356872558594,-35.02186965942383,-35.02632141113281,-35.03071975708008,-35.035064697265625,-35.039363861083984,-35.043609619140625,-35.04780197143555,-35.05194854736328,-35.0560417175293,-35.06008529663086,-35.06407165527344,-35.0680046081543,-35.07188034057617,-35.0756950378418,-35.07945251464844,-35.083152770996094,-35.086788177490234,-35.090362548828125,-35.09387969970703,-35.09733581542969,-35.100730895996094,-35.104068756103516,-35.10734558105469,-35.11056900024414,-35.113731384277344,-35.1168327331543,-35.11988067626953,-35.122867584228516,-35.125797271728516,-35.128665924072266,-35.13147735595703,-35.13422775268555,-35.13692092895508,-35.13955307006836,-35.142127990722656,-35.1446418762207,-35.14710235595703,-35.14950180053711,-35.15184783935547,-35.154136657714844,-35.156368255615234,-35.158546447753906,-35.16067123413086,-35.162742614746094,-35.16476058959961,-35.166725158691406,-35.16864013671875,-35.170501708984375,-35.17231369018555,-35.17407989501953,-35.17579650878906,-35.17746353149414,-35.17908477783203,-35.180660247802734,-35.18218994140625,-35.183677673339844,-35.18511962890625,-35.186519622802734,-35.18788146972656,-35.18920135498047,-35.19048309326172,-35.19172668457031,-35.19293212890625,-35.1941032409668,-35.19523620605469,-35.19633483886719,-35.1973991394043,-35.19843292236328,-35.19943618774414,-35.20040512084961,-35.20134353637695,-35.20225524902344,-35.2031364440918,-35.2039909362793,-35.20481872558594,-35.20561981201172,-35.20639419555664,-35.20714569091797,-35.2078742980957,-35.20857620239258,-35.209259033203125,-35.20991516113281,-35.21055603027344,-35.21117401123047,-35.211769104003906,-35.21234893798828,-35.21290588378906,-35.21344757080078,-35.21397018432617,-35.2144775390625,-35.2149658203125,-35.21543884277344,-35.21589660644531,-35.216339111328125,-35.216766357421875,-35.21718215942383,-35.21757888793945,-35.21796798706055,-35.21833801269531,-35.21870040893555,-35.21904754638672,-35.219383239746094,-35.21970748901367,-35.22002029418945,-35.22032165527344,-35.22061538696289,-35.22089767456055,-35.221168518066406,-35.221431732177734,-35.221683502197266,-35.221927642822266,-35.222164154052734,-35.22239303588867,-35.22261047363281,-35.22282028198242,-35.223026275634766,-35.22322082519531,-35.223411560058594,-35.22359085083008,-35.2237663269043,-35.223934173583984,-35.224098205566406,-35.2242546081543,-35.224403381347656,-35.22454833984375,-35.22468948364258,-35.224822998046875,-35.224952697753906,-35.22507858276367,-35.225196838378906,-35.225311279296875,-35.22542190551758,-35.225528717041016,-35.22562789916992,-35.22572708129883,-35.2258186340332,-35.22591018676758,-35.22599411010742,-35.226078033447266,-35.22616195678711,-35.22623825073242,-35.22631072998047,-35.22637939453125,-35.22644805908203,-35.22651290893555,-35.22657775878906,-35.22663497924805,-35.22669219970703,-35.226749420166016,-35.22679901123047,-35.22685241699219,-35.226898193359375,-35.22694396972656,-35.22698974609375,-35.22703170776367,-35.227073669433594,-35.22711181640625,-35.227149963378906,-35.2271842956543,-35.22721862792969,-35.22724914550781,-35.2272834777832,-35.22731018066406,-35.22734069824219,-35.22736740112305,-35.227394104003906,-35.2274169921875,-35.227439880371094,-35.22746276855469,-35.22748565673828,-35.227508544921875,-35.2275276184082,-35.22754669189453,-35.227561950683594,-35.22758102416992,-35.227596282958984,-35.22761154174805,-35.22762680053711,-35.22764205932617,-35.22765350341797,-35.22766876220703,-35.22768020629883,-35.227691650390625,-35.22770309448242,-35.22771453857422,-35.22772216796875,-35.22773361206055,-35.22774124145508,-35.227752685546875,-35.227760314941406,-35.22776794433594,-35.22777557373047,-35.227783203125,-35.22779083251953,-35.2277946472168,-35.22780227661133,-35.227806091308594,-35.227813720703125,-35.22781753540039,-35.22782516479492,-35.22782897949219,-35.22783279418945
-27.307388305664062,-27.423295974731445,-27.538175582885742,-27.65078353881836,-27.759790420532227,-27.863677978515625,-27.96135139465332,-28.05253028869629,-28.137754440307617,-28.21835708618164,-28.29641342163086,-28.374162673950195,-28.4531192779541,-28.533620834350586,-28.61501693725586,-28.696123123168945,-28.775754928588867,-28.853309631347656,-28.92926788330078,-29.005130767822266,-29.082622528076172,-29.162704467773438,-29.245256423950195,-29.3293514251709,-29.413785934448242,-29.497554779052734,-29.5801944732666,-29.661943435668945,-29.74361228942871,-29.82621192932129,-29.910486221313477,-29.996694564819336,-30.08477210998535,-30.17472267150879,-30.266939163208008,-30.362085342407227,-30.460603713989258,-30.562265396118164,-30.66621208190918,-30.77147674560547,-30.87763023376465,-30.985027313232422,-31.09432601928711,-31.205617904663086,-31.318281173706055,-31.431671142578125,-31.54559898376465,-31.659832000732422,-31.773466110229492,-31.885465621948242,-31.995725631713867,-32.104644775390625,-32.21157455444336,-32.3150749206543,-32.414485931396484,-32.5096321105957,-32.59951400756836,-32.68340301513672,-32.76176071166992,-32.83473205566406,-32.90217208862305,-32.96489334106445,-33.02350997924805,-33.07830810546875,-33.13041305541992,-33.18055725097656,-33.22883987426758,-33.275901794433594,-33.32198715209961,-33.36722183227539,-33.41222381591797,-33.457061767578125,-33.501949310302734,-33.547096252441406,-33.59218215942383,-33.637168884277344,-33.6817512512207,-33.72570037841797,-33.76897430419922,-33.811241149902344,-33.85251235961914,-33.89258575439453,-33.931427001953125,-33.96894073486328,-34.00497055053711,-34.03946304321289,-34.072227478027344,-34.10323715209961,-34.10492706298828,-34.18231964111328,-34.20671081542969,-34.22845458984375,-34.27104949951172,-34.315311431884766,-34.346797943115234,-34.36844253540039,-34.39289855957031,-34.42465591430664,-34.4580192565918,-34.48624801635742,-34.508384704589844,-34.529239654541016,-34.5532112121582,-34.57975387573242,-34.605167388916016,-34.626949310302734,-34.64613723754883,-34.66574478149414,-34.687278747558594,-34.70945739746094,-34.730133056640625,-34.74871063232422,-34.7665901184082,-34.785362243652344,-34.805049896240234,-34.82438278198242,-34.84248733520508,-34.8598747253418,-34.87771224975586,-34.89643096923828,-34.91536331176758,-34.933712005615234,-34.951534271240234,-34.969547271728516,-34.988155364990234,-35.00700378417969,-35.02556228637695,-35.04384231567383,-35.06230545043945,-35.081214904785156,-35.1003303527832,-35.11934280395508,-35.13835906982422,-35.15776062011719,-35.1777229309082,-35.19810104370117,-35.21876525878906,-35.23988342285156,-35.261722564697266,-35.28434371948242,-35.307640075683594,-35.33160400390625,-35.35640335083008,-35.382198333740234,-35.409000396728516,-35.436771392822266,-35.46556854248047,-35.49549865722656,-35.526554107666016,-35.5586051940918,-35.591556549072266,-35.625396728515625,-35.66010284423828,-35.69559097290039,-35.73178482055664,-35.768646240234375,-35.806114196777344,-35.844051361083984,-35.88227462768555,-35.92063903808594,-35.95906066894531,-35.9974250793457,-36.03560256958008,-36.07347106933594,-36.11088943481445,-36.147705078125,-36.183738708496094,-36.218875885009766,-36.25303268432617,-36.286109924316406,-36.317989349365234,-36.34855270385742,-36.377716064453125,-36.405418395996094,-36.431610107421875,-36.45626449584961,-36.4793701171875,-36.500892639160156,-36.52082824707031,-36.539207458496094,-36.55607223510742,-36.571468353271484,-36.58544921875,-36.59806442260742,-36.60939407348633,-36.61951446533203,-36.628517150878906,-36.6364860534668,-36.64350128173828,-36.6496467590332,-36.60922622680664,-36.66341781616211,-36.66339874267578,-36.65204620361328,-36.66449737548828,-36.684852600097656,-36.69575500488281,-36.69413375854492,-36.690460205078125,-36.694087982177734,-36.70372772216797,-36.71257781982422,-36.71593475341797,-36.71493911743164,-36.714542388916016,-36.71792984008789,-36.72388458251953,-36.72898483276367,-36.73112106323242,-36.7312126159668,-36.73188018798828,-36.7346305847168,-36.73863220214844,-36.74195861816406,-36.74363327026367,-36.744441986083984,-36.745933532714844,-36.7487678527832,-36.75223159790039,-36.755191802978516,-36.75734329223633,-36.75941848754883,-36.76225280761719,-36.76590347290039,-36.769691467285156,-36.773067474365234,-36.77619171142578,-36.7796516418457,-36.783756256103516,-36.78823471069336,-36.79264831542969,-36.79693603515625,-36.80142593383789,-36.80641555786133,-36.81180191040039,-36.81729507446289,-36.822792053222656,-36.8284797668457,-36.834556579589844,-36.84098815917969,-36.84758377075195,-36.854270935058594,-36.86116027832031,-36.86837387084961,-36.875885009765625,-36.883567810058594,-36.891387939453125,-36.899410247802734,-36.9077033996582,-36.91622543334961,-36.92489242553711,-36.933685302734375,-36.94264221191406,-36.9517822265625,-36.9610595703125,-36.97040939331055,-36.97982406616211,-36.98931884765625,-36.998878479003906,-37.008445739746094,-37.017982482910156,-37.02747344970703,-37.03691482543945,-37.0462646484375,-37.05548095703125,-37.06453323364258,-37.07341384887695,-37.082096099853516,-37.090553283691406,-37.098758697509766,-37.10669708251953,-37.114376068115234,-37.12178039550781,-37.12889862060547,-37.1357421875,-37.14231491088867,-37.14863204956055,-37.15470504760742,-37.160545349121094,-37.166168212890625,-37.171592712402344,-37.17683029174805,-37.181888580322266,-37.1867790222168,-37.19150924682617,-37.19607925415039,-37.20048141479492,-37.2047233581543,-37.20879364013672,-37.21269226074219,-37.216407775878906,-37.219940185546875,-37.22328567504883,-37.2264404296875,-37.229408264160156,-37.23219299316406,-37.23479461669922,-37.23722457885742,-37.2394905090332,-37.24160385131836,-37.24356460571289,-37.24539566040039,-37.24709701538086,-37.248680114746094,-37.250152587890625,-37.25152587890625,-37.2527961730957,-37.25396728515625,-37.25504684448242,-37.25605392456055,-37.25701904296875,-37.25789260864258,-37.25865936279297,-37.25939178466797,-37.260066986083984,-37.26065444946289,-37.26120376586914,-37.2617073059082,-37.262142181396484,-37.26255416870117,-37.26292037963867,-37.26323699951172,-37.2635383605957,-37.263797760009766,-37.26403045654297,-37.26424789428711,-37.26443099975586,-37.26460266113281,-37.26475524902344,-37.2648811340332,-37.2650032043457,-37.26511001586914,-37.26519775390625,-37.265281677246094,-37.265350341796875,-37.265411376953125,-37.26546859741211,-37.2655143737793,-37.26555252075195,-37.265586853027344,-37.2656135559082,-37.26564025878906,-37.265663146972656,-37.26567840576172,-37.26569366455078,-37.26570510864258,-37.26571273803711,-37.265724182128906,-37.26573181152344,-37.2657356262207,-37.265743255615234,-37.2657470703125,-37.265750885009766,-37.26575469970703,-37.26575469970703
-25.61122703552246,-25.74655532836914,-25.88442611694336,-26.023168563842773,-26.161218643188477,-26.297319412231445,-26.430803298950195,-26.561384201049805,-26.68849754333496,-26.81124496459961,-26.928808212280273,-27.040695190429688,-27.1467342376709,-27.24681854248047,-27.34079933166504,-27.428529739379883,-27.509979248046875,-27.585323333740234,-27.654991149902344,-27.719642639160156,-27.780073165893555,-27.837112426757812,-27.891576766967773,-27.94426918029785,-27.99599838256836,-28.047555923461914,-28.099658966064453,-28.152795791625977,-28.207050323486328,-28.26207160949707,-28.317394256591797,-28.373279571533203,-28.43131446838379,-28.493703842163086,-28.561967849731445,-28.636211395263672,-28.7153377532959,-28.799407958984375,-28.89272689819336,-29.000186920166016,-29.123689651489258,-29.262287139892578,-29.412303924560547,-29.57002830505371,-29.739395141601562,-29.92691421508789,-30.128061294555664,-30.333751678466797,-30.54488182067871,-30.768434524536133,-30.999698638916016,-31.229127883911133,-31.459325790405273,-31.697189331054688,-31.933809280395508,-32.16453170776367,-32.39578628540039,-32.62080764770508,-32.83172607421875,-33.035003662109375,-33.22542190551758,-33.3962516784668,-33.55339050292969,-33.69269943237305,-33.814022064208984,-33.92436218261719,-34.01972198486328,-34.1041145324707,-34.1813850402832,-34.24916076660156,-34.312286376953125,-34.369388580322266,-34.42045593261719,-34.46874237060547,-34.51152420043945,-34.55110168457031,-34.58710861206055,-34.630088806152344,-34.72502517700195,-34.77526092529297,-34.819053649902344,-34.87246322631836,-34.9226188659668,-34.96213150024414,-34.99653244018555,-35.03425216674805,-35.075653076171875,-35.11582565307617,-35.15154266357422,-35.18384552001953,-35.21528244018555,-35.24657440185547,-35.27659606933594,-35.30451965332031,-35.3307991027832,-35.356285095214844,-35.381370544433594,-35.405887603759766,-35.42958450317383,-35.4524040222168,-35.474369049072266,-35.49576187133789,-35.51721954345703,-35.53917694091797,-35.56153869628906,-35.58394241333008,-35.60633087158203,-35.62907791137695,-35.65236282348633,-35.6759033203125,-35.699405670166016,-35.72296142578125,-35.746883392333984,-35.771331787109375,-35.796287536621094,-35.821712493896484,-35.84756088256836,-35.87374496459961,-35.90020751953125,-35.92692947387695,-35.95378494262695,-35.980587005615234,-36.00725173950195,-36.0338249206543,-36.06028366088867,-36.08644485473633,-36.112117767333984,-36.13719940185547,-36.16160583496094,-36.18525314331055,-36.20807647705078,-36.23001480102539,-36.25102615356445,-36.27115249633789,-36.29047393798828,-36.30904006958008,-36.326866149902344,-36.344017028808594,-36.36060333251953,-36.37670135498047,-36.392356872558594,-36.40761184692383,-36.422508239746094,-36.43708801269531,-36.451385498046875,-36.46540832519531,-36.4791374206543,-36.49258041381836,-36.505733489990234,-36.51857376098633,-36.531044006347656,-36.54309844970703,-36.55470657348633,-36.56583023071289,-36.576438903808594,-36.52841567993164,-36.59468460083008,-36.59526824951172,-36.58256149291992,-36.599220275878906,-36.62562561035156,-36.6404914855957,-36.64023208618164,-36.63768768310547,-36.64402770996094,-36.65750503540039,-36.6699104309082,-36.675628662109375,-36.675994873046875,-36.67691421508789,-36.68224334716797,-36.69058609008789,-36.69784927368164,-36.701480865478516,-36.7025260925293,-36.70412826538086,-36.708160400390625,-36.71366882324219,-36.71831130981445,-36.7208251953125,-36.72208023071289,-36.723915100097656,-36.727142333984375,-36.73091125488281,-36.73383331298828,-36.735477447509766,-36.736663818359375,-36.738433837890625,-36.74092102050781,-36.74335479736328,-36.74504470825195,-36.74610900878906,-36.747230529785156,-36.74882507324219,-36.75063705444336,-36.752132415771484,-36.7531623840332,-36.75407791137695,-36.755245208740234,-36.75663375854492,-36.75790023803711,-36.758872985839844,-36.75971221923828,-36.76068878173828,-36.76182174682617,-36.762916564941406,-36.763824462890625,-36.764652252197266,-36.765560150146484,-36.76658248901367,-36.7675895690918,-36.768497467041016,-36.769378662109375,-36.77033996582031,-36.77138900756836,-36.772438049316406,-36.773460388183594,-36.77450180053711,-36.775634765625,-36.7768440246582,-36.778079986572266,-36.77934265136719,-36.78067398071289,-36.782108306884766,-36.78363037109375,-36.785221099853516,-36.786888122558594,-36.78867721557617,-36.790592193603516,-36.79262924194336,-36.79478073120117,-36.79707336425781,-36.799530029296875,-36.802154541015625,-36.804935455322266,-36.807891845703125,-36.811038970947266,-36.81439208984375,-36.81794357299805,-36.821693420410156,-36.82565689086914,-36.8298454284668,-36.83424758911133,-36.8388671875,-36.84369659423828,-36.84874725341797,-36.854000091552734,-36.85945510864258,-36.86509704589844,-36.87091827392578,-36.87691116333008,-36.883056640625,-36.889339447021484,-36.89574432373047,-36.90225601196289,-36.90885543823242,-36.915523529052734,-36.9222412109375,-36.92899703979492,-36.935768127441406,-36.942543029785156,-36.949310302734375,-36.956058502197266,-36.96278381347656,-36.969478607177734,-36.97615432739258,-36.98282241821289,-36.9894905090332,-36.996192932128906,-37.00295639038086,-37.009822845458984,-37.01683807373047,-37.024051666259766,-37.03150939941406,-37.03926086425781,-37.04734420776367,-37.055789947509766,-37.06462097167969,-37.07383346557617,-37.08342742919922,-37.09337615966797,-37.103641510009766,-37.11417007446289,-37.124900817871094,-37.1357536315918,-37.14664840698242,-37.15748977661133,-37.16817855834961,-37.17862319946289,-37.188720703125,-37.19837951660156,-37.2075080871582,-37.21603012084961,-37.223876953125,-37.230995178222656,-37.23735046386719,-37.24292755126953,-37.24772262573242,-37.25176239013672,-37.25508117675781,-37.25773620605469,-37.25979232788086,-37.26132583618164,-37.26241683959961,-37.26314163208008,-37.263587951660156,-37.263816833496094,-37.26389694213867,-37.263877868652344,-37.26380157470703,-37.263702392578125,-37.263607025146484,-37.26352310180664,-37.26346969604492,-37.2634391784668,-37.2634391784668,-37.263465881347656,-37.263511657714844,-37.26357650756836,-37.26365280151367,-37.26374053955078,-37.263832092285156,-37.2639274597168,-37.2640266418457,-37.264129638671875,-37.26423645019531,-37.264347076416016,-37.26445770263672,-37.26457595825195,-37.26469039916992,-37.264808654785156,-37.264923095703125,-37.26503372192383,-37.265140533447266,-37.26523971557617,-37.26533126831055,-37.265411376953125,-37.26548385620117,-37.26554489135742,-37.26559066772461,-37.265628814697266,-37.26565933227539,-37.26567840576172,-37.265689849853516,-37.26569747924805,-37.26569747924805,-37.26569747924805,-37.26569747924805,-37.26569366455078,-37.265689849853516,-37.265689849853516
-26.9227294921875,-27.02202796936035,-27.126720428466797,-27.237041473388672,-27.352737426757812,-27.47226333618164,-27.5935115814209,-27.715547561645508,-27.839515686035156,-27.9664363861084,-28.095008850097656,-28.222293853759766,-28.345165252685547,-28.461307525634766,-28.56947135925293,-28.66957664489746,-28.762651443481445,-28.850521087646484,-28.935665130615234,-29.021085739135742,-29.10989761352539,-29.204635620117188,-29.30668067932129,-29.416095733642578,-29.531850814819336,-29.652273178100586,-29.775413513183594,-29.899227142333984,-30.021751403808594,-30.14154052734375,-30.258333206176758,-30.373634338378906,-30.490718841552734,-30.613723754882812,-30.746259689331055,-30.89067268371582,-31.048383712768555,-31.220375061035156,-31.40608787536621,-31.602428436279297,-31.80579376220703,-32.01332092285156,-32.220149993896484,-32.421112060546875,-32.61384582519531,-32.794464111328125,-32.96116256713867,-33.113887786865234,-33.25129699707031,-33.37528610229492,-33.485069274902344,-33.582740783691406,-33.667938232421875,-33.742671966552734,-33.806941986083984,-33.86298751831055,-33.911136627197266,-33.95371627807617,-33.99126052856445,-34.02570724487305,-34.05764389038086,-34.08975601196289,-34.18769073486328,-34.236698150634766,-34.27822494506836,-34.33405685424805,-34.38844680786133,-34.43403625488281,-34.474945068359375,-34.51742935180664,-34.56060028076172,-34.600242614746094,-34.636295318603516,-34.67195129394531,-34.709190368652344,-34.74669647216797,-34.78164291381836,-34.813045501708984,-34.84268569946289,-34.87260055541992,-34.9027099609375,-34.93153762817383,-34.958370208740234,-34.9840087890625,-35.009483337402344,-35.034786224365234,-35.059226989746094,-35.0826301574707,-35.10562515258789,-35.12869644165039,-35.15150451660156,-35.17345428466797,-35.19455337524414,-35.215362548828125,-35.23622512817383,-35.25688934326172,-35.27701950073242,-35.29671859741211,-35.316383361816406,-35.33619689941406,-35.35606002807617,-35.37599182128906,-35.39628219604492,-35.41720199584961,-35.43878173828125,-35.46100616455078,-35.48405075073242,-35.5081787109375,-35.53349304199219,-35.5599479675293,-35.587581634521484,-35.616519927978516,-35.64680480957031,-35.678306579589844,-35.710914611816406,-35.74453353881836,-35.77899932861328,-35.81401062011719,-35.84928894042969,-35.88460159301758,-35.91965866088867,-35.954124450683594,-35.98772430419922,-36.020259857177734,-36.051570892333984,-36.0815315246582,-36.110145568847656,-36.137508392333984,-36.16374206542969,-36.189022064208984,-36.21357345581055,-36.23762893676758,-36.261356353759766,-36.284889221191406,-36.30834197998047,-36.331764221191406,-36.355140686035156,-36.378421783447266,-36.40153503417969,-36.42437744140625,-36.446842193603516,-36.46883773803711,-36.490291595458984,-36.51113510131836,-36.53133010864258,-36.55086898803711,-36.56976318359375,-36.588043212890625,-36.60575866699219,-36.62296676635742,-36.63973617553711,-36.65613555908203,-36.6722297668457,-36.688087463378906,-36.70375442504883,-36.71928024291992,-36.73470687866211,-36.750064849853516,-36.76537322998047,-36.7806510925293,-36.7959098815918,-36.8111457824707,-36.82637023925781,-36.84156799316406,-36.85673904418945,-36.871864318847656,-36.88693618774414,-36.90193557739258,-36.91684341430664,-36.93164825439453,-36.94633102416992,-36.960872650146484,-36.97526168823242,-36.98948287963867,-37.00352478027344,-37.01737976074219,-37.031044006347656,-37.04450607299805,-37.05777359008789,-37.07084274291992,-37.08371353149414,-37.09638977050781,-37.108863830566406,-37.12114334106445,-37.13321304321289,-37.145076751708984,-37.15672302246094,-37.16814422607422,-37.17932891845703,-37.190269470214844,-37.147037506103516,-37.21650314331055,-37.22202682495117,-37.214637756347656,-37.23612976074219,-37.26747512817383,-37.287803649902344,-37.29341506958008,-37.296756744384766,-37.30881881713867,-37.32789611816406,-37.345863342285156,-37.3571662902832,-37.36308288574219,-37.369388580322266,-37.379886627197266,-37.393245697021484,-37.40545654296875,-37.41394805908203,-37.419677734375,-37.42570495605469,-37.43387985229492,-37.44329833984375,-37.451698303222656,-37.457828521728516,-37.462501525878906,-37.46749496459961,-37.47364044189453,-37.480167388916016,-37.48573684692383,-37.48989486694336,-37.493412017822266,-37.49730682373047,-37.501747131347656,-37.50603485107422,-37.50947952270508,-37.51217269897461,-37.5147705078125,-37.5177001953125,-37.520729064941406,-37.523338317871094,-37.52537536621094,-37.52717971801758,-37.52913284301758,-37.53120803833008,-37.533084869384766,-37.534584045410156,-37.53587341308594,-37.53721618652344,-37.53864669799805,-37.53997039794922,-37.541053771972656,-37.5419921875,-37.5429573059082,-37.54397201538086,-37.54491424560547,-37.54570007324219,-37.54639434814453,-37.54711151123047,-37.547855377197266,-37.54853439331055,-37.549110412597656,-37.549644470214844,-37.55018997192383,-37.550743103027344,-37.55123519897461,-37.551666259765625,-37.55207824707031,-37.55249786376953,-37.55290603637695,-37.55326461791992,-37.5535888671875,-37.55390548706055,-37.55422592163086,-37.55451965332031,-37.554779052734375,-37.555023193359375,-37.55526351928711,-37.55549621582031,-37.555702209472656,-37.55588912963867,-37.556068420410156,-37.55624771118164,-37.5564079284668,-37.556549072265625,-37.55668258666992,-37.55681228637695,-37.55693435668945,-37.55704116821289,-37.5571403503418,-37.55723190307617,-37.55732345581055,-37.557403564453125,-37.557472229003906,-37.55754089355469,-37.5576057434082,-37.55766296386719,-37.55771255493164,-37.55775833129883,-37.557804107666016,-37.55784606933594,-37.55788040161133,-37.55791473388672,-37.55794906616211,-37.55797576904297,-37.55800247192383,-37.55802536010742,-37.558048248291016,-37.558067321777344,-37.55808639526367,-37.558101654052734,-37.5581169128418,-37.558128356933594,-37.558143615722656,-37.55815505981445,-37.558162689208984,-37.55817413330078,-37.55818176269531,-37.558189392089844,-37.558197021484375,-37.558204650878906,-37.55821228027344,-37.5582160949707,-37.558223724365234,-37.5582275390625,-37.558231353759766,-37.55823516845703,-37.5582389831543
-27.684511184692383,-27.856571197509766,-28.026227951049805,-28.193126678466797,-28.356849670410156,-28.517698287963867,-28.675987243652344,-28.830970764160156,-28.981489181518555,-29.127180099487305,-29.26944923400879,-29.411272048950195,-29.555374145507812,-29.70262336730957,-29.851940155029297,-30.001083374023438,-30.147613525390625,-30.289939880371094,-30.428386688232422,-30.56529998779297,-30.70338249206543,-30.843652725219727,-30.984926223754883,-31.124774932861328,-31.261127471923828,-31.393829345703125,-31.5244083404541,-31.653480529785156,-31.77899169921875,-31.897703170776367,-32.00840759277344,-32.113704681396484,-32.21772766113281,-32.32221984863281,-32.42607116699219,-32.528133392333984,-32.629268646240234,-32.73058319091797,-32.83059310913086,-32.92632293701172,-33.0168342590332,-33.1038818359375,-33.1886100769043,-33.26988983154297,-33.34678268432617,-33.420326232910156,-33.49144744873047,-33.55925369262695,-33.62302017211914,-33.68389129638672,-33.74292755126953,-33.799522399902344,-33.85322952270508,-33.905094146728516,-33.955909729003906,-34.00537109375,-34.053733825683594,-34.10017395019531,-34.18901824951172,-34.243038177490234,-34.298118591308594,-34.36585998535156,-34.429786682128906,-34.482078552246094,-34.53037643432617,-34.583003997802734,-34.637420654296875,-34.687129974365234,-34.730506896972656,-34.77217483520508,-34.81576156616211,-34.85942459106445,-34.89948654174805,-34.93529510498047,-34.96954345703125,-35.00413131713867,-35.0378532409668,-35.06863021850586,-35.09637451171875,-35.12283706665039,-35.149044036865234,-35.174224853515625,-35.197357177734375,-35.2187385559082,-35.23950958251953,-35.26011276245117,-35.280006408691406,-35.298728942871094,-35.31658935546875,-35.334171295166016,-35.351558685302734,-35.36844253540039,-35.38478088378906,-35.40090560913086,-35.38595962524414,-35.44158935546875,-35.45671081542969,-35.4643440246582,-35.4913444519043,-35.5229606628418,-35.545406341552734,-35.55936813354492,-35.57532501220703,-35.59806442260742,-35.62323760986328,-35.644989013671875,-35.662208557128906,-35.67889404296875,-35.69880676269531,-35.72142791748047,-35.7435302734375,-35.762996673583984,-35.78083038330078,-35.79960632324219,-35.82036590576172,-35.84178924560547,-35.86205291748047,-35.880863189697266,-35.89954376220703,-35.919273376464844,-35.93976974487305,-35.95984649658203,-35.97889709472656,-35.99749755859375,-36.01655197143555,-36.036163330078125,-36.05564498901367,-36.0744514465332,-36.092811584472656,-36.111324310302734,-36.13018798828125,-36.14902877807617,-36.167476654052734,-36.1856575012207,-36.203948974609375,-36.22248077392578,-36.24100112915039,-36.259254455566406,-36.27730941772461,-36.295406341552734,-36.31357192993164,-36.331607818603516,-36.349361419677734,-36.36689758300781,-36.38435745239258,-36.40170669555664,-36.41879653930664,-36.4355583190918,-36.45207214355469,-36.4683837890625,-36.484432220458984,-36.5001106262207,-36.51541519165039,-36.53040313720703,-36.54506301879883,-36.559326171875,-36.573143005371094,-36.586544036865234,-36.599552154541016,-36.61212921142578,-36.62423324584961,-36.63587188720703,-36.64707565307617,-36.6578369140625,-36.668128967285156,-36.67795181274414,-36.68733596801758,-36.69628143310547,-36.704776763916016,-36.712825775146484,-36.7204475402832,-36.727657318115234,-36.73444747924805,-36.740821838378906,-36.74679946899414,-36.75239181518555,-36.75761032104492,-36.762451171875,-36.766937255859375,-36.77108383178711,-36.774906158447266,-36.778404235839844,-36.78160095214844,-36.78451156616211,-36.78715515136719,-36.7895393371582,-36.791683197021484,-36.793601989746094,-36.79531478881836,-36.79682922363281,-36.79816818237305,-36.799346923828125,-36.800376892089844,-36.801273345947266,-36.80204772949219,-36.80271911621094,-36.80329513549805,-36.80378723144531,-36.80420684814453,-36.804569244384766,-36.804874420166016,-36.80513381958008,-36.80535888671875,-36.8055534362793,-36.805721282958984,-36.80586624145508,-36.80599594116211,-36.80611038208008,-36.806217193603516,-36.806312561035156,-36.806400299072266,-36.806488037109375,-36.80656433105469,-36.806644439697266,-36.80671691894531,-36.806785583496094,-36.806854248046875,-36.806922912597656,-36.806983947753906,-36.807044982910156,-36.807106018066406,-36.807159423828125,-36.80721664428711,-36.80726623535156,-36.807315826416016,-36.8073616027832,-36.807403564453125,-36.80744552612305,-36.8074836730957,-36.80752182006836,-36.80755615234375,-36.807586669921875,-36.8076171875,-36.807647705078125,-36.807674407958984,-36.807701110839844,-36.8077278137207,-36.80775451660156,-36.807777404785156,-36.80780029296875,-36.807823181152344,-36.80784606933594,-36.80786895751953,-36.80788803100586,-36.80791091918945,-36.80792999267578,-36.80794906616211,-36.8079719543457,-36.80799102783203,-36.80801010131836,-36.80802917480469,-36.808048248291016,-36.808067321777344,-36.80808639526367,-36.80810546875,-36.80812454223633,-36.80813980102539,-36.80815887451172,-36.80817794799805,-36.808197021484375,-36.80821228027344,-36.808231353759766,-36.80824661254883,-36.808265686035156,-36.808284759521484,-36.80830001831055,-36.808319091796875,-36.80833435058594,-36.808353424072266,-36.80836868286133,-36.808387756347656,-36.80840301513672,-36.80842208862305,-36.808441162109375,-36.80845642089844,-36.808475494384766,-36.80849075317383,-36.808509826660156,-36.808528900146484,-36.80854415893555,-36.808563232421875,-36.8085823059082,-36.808597564697266,-36.808616638183594,-36.80863571166992,-36.808650970458984,-36.80867004394531,-36.808685302734375,-36.8087043762207,-36.80872344970703,-36.808738708496094,-36.80875778198242,-36.808773040771484,-36.80878829956055,-36.808807373046875,-36.80882263183594,-36.808837890625,-36.80885696411133,-36.80887222290039,-36.80888748168945,-36.808902740478516,-36.80891799926758,-36.80893325805664,-36.80894470214844,-36.8089599609375,-36.80897521972656,-36.80898666381836,-36.80900192260742,-36.80901336669922,-36.809024810791016,-36.80903625488281,-36.809051513671875,-36.80906295776367,-36.8090705871582,-36.80908203125,-36.8090934753418,-36.809104919433594,-36.809112548828125,-36.80912399291992,-36.80913162231445,-36.809139251708984,-36.809146881103516,-36.80915832519531,-36.809165954589844,-36.80916976928711,-36.80917739868164,-36.80918502807617,-36.8091926574707,-36.80919647216797,-36.8092041015625,-36.809207916259766,-36.8092155456543,-36.80921936035156,-36.80922317504883,-36.80923080444336,-36.809234619140625
-26.647775650024414,-26.790565490722656,-26.919857025146484,-27.032207489013672,-27.132984161376953,-27.234220504760742,-27.34581756591797,-27.470123291015625,-27.604623794555664,-27.745222091674805,-27.887636184692383,-28.02859878540039,-28.168163299560547,-28.310813903808594,-28.462337493896484,-28.62500762939453,-28.79618263244629,-28.970457077026367,-29.143123626708984,-29.31355094909668,-29.485671997070312,-29.66339874267578,-29.845869064331055,-30.028364181518555,-30.207544326782227,-30.385520935058594,-30.56659698486328,-30.75037384033203,-30.93153953552246,-31.105737686157227,-31.274206161499023,-31.4407958984375,-31.60531234741211,-31.763996124267578,-31.915494918823242,-32.06264114379883,-32.207035064697266,-32.34602737426758,-32.47736740112305,-32.602909088134766,-32.724788665771484,-32.84149169921875,-32.95113754272461,-33.05522537231445,-33.15563201904297,-33.2512321472168,-33.340858459472656,-33.42588806152344,-33.507354736328125,-33.584285736083984,-33.65664291381836,-33.72594451904297,-33.792388916015625,-33.85505294799805,-33.9144172668457,-33.971458435058594,-34.02581024169922,-34.07719039916992,-34.12632751464844,-34.16060256958008,-34.25721740722656,-34.30796432495117,-34.36227035522461,-34.4306640625,-34.4920654296875,-34.54063415527344,-34.588348388671875,-34.643333435058594,-34.700714111328125,-34.7525520324707,-34.797325134277344,-34.84031295776367,-34.88562774658203,-34.931602478027344,-34.97433090209961,-35.01278305053711,-35.049659729003906,-35.08746337890625,-35.12543869018555,-35.161048889160156,-35.19326400756836,-35.22355651855469,-35.253780364990234,-35.2839241027832,-35.312625885009766,-35.339202880859375,-35.364410400390625,-35.38919448852539,-35.41337585449219,-35.436100006103516,-35.4571418762207,-35.47718048095703,-35.49681854248047,-35.51582336425781,-35.533653259277344,-35.55031204223633,-35.56629943847656,-35.58190155029297,-35.59689712524414,-35.61103820800781,-35.58830642700195,-35.644020080566406,-35.65536117553711,-35.660465240478516,-35.68378829956055,-35.71033477783203,-35.729148864746094,-35.74178695678711,-35.75697708129883,-35.77760314941406,-35.79922103881836,-35.81751251220703,-35.83306884765625,-35.84986877441406,-35.87018585205078,-35.89244842529297,-35.91373825073242,-35.93317794799805,-35.952598571777344,-35.97411346435547,-35.99770736694336,-36.02170181274414,-36.045005798339844,-36.06833267211914,-36.093082427978516,-36.119483947753906,-36.14644241333008,-36.173030853271484,-36.199581146240234,-36.227108001708984,-36.25590515136719,-36.28523635864258,-36.31438064575195,-36.343475341796875,-36.37309646606445,-36.4033088684082,-36.43360137939453,-36.46364212036133,-36.49366760253906,-36.52397155761719,-36.55436325073242,-36.584434509277344,-36.614131927490234,-36.64371109008789,-36.67325210571289,-36.7025260925293,-36.731346130371094,-36.75981140136719,-36.788028717041016,-36.81587219238281,-36.84320068359375,-36.87006378173828,-36.89653778076172,-36.922550201416016,-36.94797134399414,-36.97282028198242,-36.99715805053711,-37.02095413208008,-37.04411697387695,-37.06665802001953,-37.0886344909668,-37.11001968383789,-37.13077163696289,-37.15092849731445,-37.1705322265625,-37.18956756591797,-37.2080192565918,-37.22593307495117,-37.243343353271484,-37.26023483276367,-37.276607513427734,-37.29249572753906,-37.30791091918945,-37.32282257080078,-37.337242126464844,-37.3511848449707,-37.3646354675293,-37.37757110595703,-37.38999938964844,-37.401912689208984,-37.413291931152344,-37.42413330078125,-37.43443298339844,-37.444190979003906,-37.45338821411133,-37.4620361328125,-37.47014236450195,-37.47770309448242,-37.4847297668457,-37.491233825683594,-37.497230529785156,-37.50273132324219,-37.50776290893555,-37.51234436035156,-37.51649856567383,-37.52024841308594,-37.523624420166016,-37.52665328979492,-37.52936553955078,-37.53178405761719,-37.533939361572266,-37.535858154296875,-37.537567138671875,-37.539093017578125,-37.54045104980469,-37.54166793823242,-37.54275894165039,-37.54374313354492,-37.54463195800781,-37.54544448852539,-37.54618453979492,-37.5468635559082,-37.54749298095703,-37.54807662963867,-37.548622131347656,-37.54913330078125,-37.54961395263672,-37.55006408691406,-37.55049133300781,-37.55089569091797,-37.55127716064453,-37.551639556884766,-37.55198669433594,-37.55231475830078,-37.55262756347656,-37.55292892456055,-37.5532112121582,-37.55348205566406,-37.55373764038086,-37.55398178100586,-37.55421829223633,-37.554439544677734,-37.554649353027344,-37.554847717285156,-37.55503463745117,-37.555213928222656,-37.555381774902344,-37.5555419921875,-37.55569076538086,-37.55582809448242,-37.55596160888672,-37.55608367919922,-37.55619812011719,-37.556304931640625,-37.55640411376953,-37.55649948120117,-37.55658721923828,-37.55666732788086,-37.55674362182617,-37.55681228637695,-37.55687713623047,-37.556941986083984,-37.55699920654297,-37.55705261230469,-37.55710220336914,-37.557151794433594,-37.55719757080078,-37.5572395324707,-37.557281494140625,-37.55731964111328,-37.55735778808594,-37.55739212036133,-37.55742645263672,-37.55746078491211,-37.557491302490234,-37.55752182006836,-37.557552337646484,-37.557579040527344,-37.5576057434082,-37.55763244628906,-37.557655334472656,-37.55767822265625,-37.557701110839844,-37.55772399902344,-37.55774688720703,-37.55776596069336,-37.55778503417969,-37.557804107666016,-37.557823181152344,-37.55784225463867,-37.557857513427734,-37.5578727722168,-37.55788803100586,-37.55790328979492,-37.557918548583984,-37.55793380737305,-37.557945251464844,-37.557960510253906,-37.5579719543457,-37.5579833984375,-37.5579948425293,-37.558006286621094,-37.55801773071289,-37.55802917480469,-37.55803680419922,-37.558048248291016,-37.55805587768555,-37.55806350708008,-37.558074951171875,-37.558082580566406,-37.55809020996094,-37.55809783935547,-37.55810546875,-37.55811309814453,-37.55812072753906,-37.55812454223633,-37.55813217163086,-37.55813980102539,-37.558143615722656,-37.55815124511719,-37.55815505981445,-37.558162689208984,-37.55816650390625,-37.558170318603516
-27.350250244140625,-27.549108505249023,-27.729082107543945,-27.885894775390625,-28.017568588256836,-28.125211715698242,-28.212444305419922,-28.28437614440918,-28.346826553344727,-28.40545082092285,-28.46485137939453,-28.52812957763672,-28.596960067749023,-28.671939849853516,-28.75295639038086,-28.839447021484375,-28.93061065673828,-29.02562713623047,-29.124040603637695,-29.226091384887695,-29.332435607910156,-29.44335174560547,-29.558414459228516,-29.676620483398438,-29.79660987854004,-29.916906356811523,-30.036224365234375,-30.15378189086914,-30.269590377807617,-30.3845157623291,-30.500045776367188,-30.617761611938477,-30.738744735717773,-30.863147735595703,-30.990036010742188,-31.1175537109375,-31.243410110473633,-31.365652084350586,-31.483543395996094,-31.597963333129883,-31.710702896118164,-31.822940826416016,-31.934114456176758,-32.042179107666016,-32.14499282836914,-32.2418212890625,-32.333892822265625,-32.423301696777344,-32.51105499267578,-32.59608459472656,-32.676212310791016,-32.750160217285156,-32.818904876708984,-32.88512420654297,-32.951229095458984,-33.017887115478516,-33.084346771240234,-33.15001678466797,-33.21559143066406,-33.282432556152344,-33.35110092163086,-33.42088317871094,-33.49103927612305,-33.562156677246094,-33.63565444946289,-33.7119026184082,-33.78961181640625,-33.8674201965332,-33.94535827636719,-34.023841857910156,-34.10193634033203,-34.17801284790039,-34.251686096191406,-34.3233642578125,-34.39229965209961,-34.457122802734375,-34.51777267456055,-34.57476043701172,-34.62753677368164,-34.675689697265625,-34.720008850097656,-34.76088333129883,-34.79787826538086,-34.831363677978516,-34.86207580566406,-34.889930725097656,-34.91508483886719,-34.927947998046875,-35.01914596557617,-35.06052780151367,-35.09044647216797,-35.13813400268555,-35.186824798583984,-35.223140716552734,-35.25050354003906,-35.280582427978516,-35.31657028198242,-35.352169036865234,-35.38126754760742,-35.40443420410156,-35.42726516723633,-35.453155517578125,-35.480220794677734,-35.50484085083008,-35.52606964111328,-35.54627990722656,-35.56782150268555,-35.59033966064453,-35.61176681518555,-35.63099670410156,-35.649009704589844,-35.66741180419922,-35.68644332885742,-35.704986572265625,-35.722145080566406,-35.738258361816406,-35.75423812866211,-35.770259857177734,-35.78558349609375,-35.79959487915039,-35.81253433227539,-35.82503128051758,-35.83717346191406,-35.848480224609375,-35.858673095703125,-35.868106842041016,-35.87723159790039,-35.88600540161133,-35.853118896484375,-35.903221130371094,-35.90524673461914,-35.900047302246094,-35.91619110107422,-35.93646240234375,-35.94580841064453,-35.945701599121094,-35.947845458984375,-35.95743942260742,-35.97002029418945,-35.97927474975586,-35.983585357666016,-35.986793518066406,-35.993072509765625,-36.00249481201172,-36.012115478515625,-36.01968002319336,-36.02577209472656,-36.03273010253906,-36.041786193847656,-36.05195236206055,-36.0615348815918,-36.0700569152832,-36.07857894897461,-36.088279724121094,-36.099159240722656,-36.110267639160156,-36.12092208862305,-36.13142013549805,-36.14249801635742,-36.1544303894043,-36.166847229003906,-36.179298400878906,-36.19179153442383,-36.20465850830078,-36.21809768676758,-36.232032775878906,-36.246307373046875,-36.260921478271484,-36.27596664428711,-36.29149627685547,-36.307498931884766,-36.323974609375,-36.340965270996094,-36.35847473144531,-36.376487731933594,-36.3950309753418,-36.414161682128906,-36.43388748168945,-36.45415115356445,-36.47492599487305,-36.49627685546875,-36.51826477050781,-36.54085922241211,-36.563968658447266,-36.58757781982422,-36.61174392700195,-36.636474609375,-36.661712646484375,-36.68738555908203,-36.713497161865234,-36.740047454833984,-36.766971588134766,-36.79418182373047,-36.82162857055664,-36.849266052246094,-36.877017974853516,-36.90480041503906,-36.932533264160156,-36.96016311645508,-36.987613677978516,-37.01480484008789,-37.04167556762695,-37.06816864013672,-37.09421920776367,-37.11975860595703,-37.144737243652344,-37.169097900390625,-37.192779541015625,-37.21572494506836,-37.237892150878906,-37.25925064086914,-37.27975082397461,-37.29936981201172,-37.318084716796875,-37.33588409423828,-37.352760314941406,-37.36870193481445,-37.38371658325195,-37.397804260253906,-37.41098403930664,-37.423274993896484,-37.4346923828125,-37.445274353027344,-37.45505142211914,-37.46406173706055,-37.47234344482422,-37.479942321777344,-37.48689651489258,-37.493255615234375,-37.499053955078125,-37.50434112548828,-37.5091552734375,-37.5135383605957,-37.51752471923828,-37.521156311035156,-37.52445983886719,-37.5274658203125,-37.530208587646484,-37.5327033996582,-37.53497314453125,-37.53704071044922,-37.53892517089844,-37.5406379699707,-37.54219436645508,-37.543609619140625,-37.544891357421875,-37.546051025390625,-37.54710006713867,-37.54804611206055,-37.54890060424805,-37.54966735839844,-37.55035400390625,-37.55097198486328,-37.55152893066406,-37.55202865600586,-37.5524787902832,-37.552886962890625,-37.55325698852539,-37.553592681884766,-37.55390167236328,-37.5541877746582,-37.55445098876953,-37.55470275878906,-37.554935455322266,-37.55516052246094,-37.55537414550781,-37.55557632446289,-37.55577087402344,-37.55595779418945,-37.55613708496094,-37.55630874633789,-37.55647277832031,-37.5566291809082,-37.5567741394043,-37.556915283203125,-37.557044982910156,-37.557167053222656,-37.557281494140625,-37.55738830566406,-37.5574836730957,-37.55757141113281,-37.55765151977539,-37.55772399902344,-37.55779266357422,-37.5578498840332,-37.55790328979492,-37.55794906616211,-37.557987213134766,-37.55802536010742,-37.55805587768555,-37.558082580566406,-37.55810546875,-37.55812454223633,-37.558143615722656,-37.55815887451172,-37.558170318603516,-37.55818176269531,-37.558189392089844,-37.558197021484375,-37.558204650878906,-37.55821228027344,-37.5582160949707,-37.55821990966797,-37.558223724365234,-37.5582275390625,-37.558231353759766
-26.17621612548828,-26.295013427734375,-26.409202575683594,-26.5198974609375,-26.628889083862305,-26.737838745117188,-26.84747314453125,-26.95790672302246,-27.06913948059082,-27.181150436401367,-27.29380226135254,-27.406810760498047,-27.519607543945312,-27.631160736083984,-27.74019432067871,-27.845956802368164,-27.9488468170166,-28.050500869750977,-28.152544021606445,-28.255496978759766,-28.35900115966797,-28.462310791015625,-28.564647674560547,-28.665538787841797,-28.76517105102539,-28.864517211914062,-28.965015411376953,-29.06781578063965,-29.173107147216797,-29.280160903930664,-29.388092041015625,-29.496784210205078,-29.607126235961914,-29.71986961364746,-29.834592819213867,-29.950096130371094,-30.065553665161133,-30.181472778320312,-30.29926300048828,-30.41935920715332,-30.540708541870117,-30.66272735595703,-30.786495208740234,-30.91286849975586,-31.040870666503906,-31.169233322143555,-31.298208236694336,-31.427562713623047,-31.555545806884766,-31.682077407836914,-31.808061599731445,-31.9326114654541,-32.05629348754883,-32.18095779418945,-32.3062744140625,-32.43349075317383,-32.563358306884766,-32.695430755615234,-32.83115005493164,-32.96953582763672,-33.11073303222656,-33.25345230102539,-33.3963623046875,-33.537723541259766,-33.67518997192383,-33.80672073364258,-33.9300422668457,-34.04330062866211,-34.14527893066406,-34.23493576049805,-34.312442779541016,-34.3774299621582,-34.4307861328125,-34.47304153442383,-34.50556564331055,-34.53020477294922,-34.54841613769531,-34.56193542480469,-34.57187271118164,-34.587310791015625,-34.65908432006836,-34.69039535522461,-34.71503829956055,-34.74924850463867,-34.784095764160156,-34.8114128112793,-34.83210372924805,-34.85230255126953,-34.8752326965332,-34.89887237548828,-34.91982650756836,-34.93771743774414,-34.95470428466797,-34.9725227355957,-34.990787506103516,-35.00785446166992,-35.023040771484375,-35.037384033203125,-35.052242279052734,-35.067893981933594,-35.08354949951172,-35.09847640991211,-35.11289978027344,-35.127593994140625,-35.142948150634766,-35.15864562988281,-35.17420196533203,-35.18951416015625,-35.20490646362305,-35.22069549560547,-35.236942291259766,-35.2535514831543,-35.27043533325195,-35.28756332397461,-35.304988861083984,-35.322879791259766,-35.34144592285156,-35.360740661621094,-35.38063049316406,-35.400978088378906,-35.421875,-35.443572998046875,-35.46619415283203,-35.48960494995117,-35.51365280151367,-35.53837966918945,-35.56390380859375,-35.5902214050293,-35.617156982421875,-35.64453125,-35.672271728515625,-35.70029830932617,-35.72842025756836,-35.756412506103516,-35.78406524658203,-35.81119918823242,-35.837589263916016,-35.862998962402344,-35.88723373413086,-35.9101448059082,-35.93162155151367,-35.95161819458008,-35.97016906738281,-35.98739242553711,-36.00345993041992,-36.01860046386719,-36.03308868408203,-36.04719543457031,-36.06113052368164,-36.07504653930664,-36.08905792236328,-36.10319137573242,-36.11740493774414,-36.13159942626953,-36.14567184448242,-36.159523010253906,-36.17306137084961,-36.18622970581055,-36.199005126953125,-36.21141815185547,-36.2235107421875,-36.2353630065918,-36.247047424316406,-36.25864028930664,-36.27021408081055,-36.281822204589844,-36.293514251708984,-36.30532455444336,-36.317283630371094,-36.329429626464844,-36.341800689697266,-36.35441970825195,-36.3673210144043,-36.38053512573242,-36.39406967163086,-36.4079475402832,-36.42216873168945,-36.43674087524414,-36.45167922973633,-36.46699523925781,-36.48271942138672,-36.49887466430664,-36.5154914855957,-36.5325927734375,-36.550193786621094,-36.56830978393555,-36.58692932128906,-36.60603713989258,-36.625614166259766,-36.645626068115234,-36.66602325439453,-36.68675994873047,-36.7077751159668,-36.72900390625,-36.750362396240234,-36.771766662597656,-36.79311752319336,-36.81431579589844,-36.83525466918945,-36.855831146240234,-36.875946044921875,-36.8954963684082,-36.91439437866211,-36.93255615234375,-36.949913024902344,-36.966400146484375,-36.98197555541992,-36.99660110473633,-37.010257720947266,-37.022945404052734,-37.034671783447266,-37.04547119140625,-37.05537414550781,-37.064430236816406,-37.072689056396484,-37.0802116394043,-37.08705139160156,-37.09326171875,-37.09889602661133,-37.10400390625,-37.05751037597656,-37.1259765625,-37.129547119140625,-37.11954879760742,-37.13874816894531,-37.16790008544922,-37.185829162597656,-37.18873977661133,-37.1891975402832,-37.1984748840332,-37.21507263183594,-37.23080825805664,-37.23995590209961,-37.243690490722656,-37.24781799316406,-37.2562255859375,-37.26764678955078,-37.278079986572266,-37.284889221191406,-37.2889404296875,-37.29329299926758,-37.2999267578125,-37.30806350708008,-37.31546401977539,-37.320777893066406,-37.324710845947266,-37.32905960083008,-37.334754943847656,-37.34109878540039,-37.34673309326172,-37.35110855102539,-37.35490417480469,-37.35918045043945,-37.36420822143555,-37.36931610107422,-37.37375259399414,-37.37751007080078,-37.38121795654297,-37.385372161865234,-37.389808654785156,-37.393985748291016,-37.39765548706055,-37.401092529296875,-37.404701232910156,-37.408531188964844,-37.41227722167969,-37.41569519042969,-37.41888427734375,-37.42211151123047,-37.42547607421875,-37.42881774902344,-37.43195343017578,-37.434913635253906,-37.4378662109375,-37.440895080566406,-37.44390106201172,-37.4467658996582,-37.44950485229492,-37.45222854614258,-37.454986572265625,-37.45771026611328,-37.46033477783203,-37.46287155151367,-37.46539306640625,-37.467918395996094,-37.470401763916016,-37.47279739379883,-37.475135803222656,-37.47745132446289,-37.47975158691406,-37.481998443603516,-37.48417282104492,-37.486305236816406,-37.48841094970703,-37.49048614501953,-37.49250411987305,-37.49446487426758,-37.49638748168945,-37.4982795715332,-37.50012969970703,-37.50192642211914,-37.5036735534668,-37.50539016723633,-37.50707244873047,-37.50870895385742,-37.51029586791992,-37.51184844970703,-37.513362884521484,-37.51484298706055,-37.51627731323242,-37.517669677734375,-37.5190315246582,-37.52035903930664,-37.52164840698242,-37.52289581298828,-37.524112701416016,-37.525299072265625,-37.52644729614258,-37.52756118774414,-37.52864074707031,-37.529693603515625,-37.53071212768555,-37.531700134277344,-37.532657623291016,-37.53358840942383,-37.534488677978516,-37.53535842895508,-37.53620529174805,-37.53702163696289,-37.53781509399414,-37.538578033447266,-37.53932189941406,-37.5400390625,-37.540733337402344,-37.54140090942383,-37.542049407958984,-37.54267883300781,-37.54328155517578,-37.54386901855469,-37.54443359375,-37.544979095458984,-37.54550552368164,-37.54601287841797,-37.54650115966797,-37.546974182128906,-37.54743194580078,-37.54787063598633,-37.54829406738281,-37.548702239990234,-37.549095153808594,-37.549476623535156,-37.549842834472656,-37.550193786621094,-37.550533294677734,-37.55085754394531,-37.551170349121094,-37.551475524902344,-37.55176544189453,-37.55204391479492,-37.552310943603516,-37.55257034301758,-37.552818298339844,-37.55305862426758,-37.553287506103516,-37.55350875854492,-37.55371856689453,-37.55392074584961,-37.554115295410156,-37.55430221557617,-37.554481506347656,-37.55465316772461,-37.5548210144043,-37.55497741699219,-37.55513000488281,-37.555274963378906,-37.55541229248047,-37.555545806884766,-37.5556755065918,-37.5557975769043,-37.55591583251953,-37.556026458740234,-37.55613327026367,-37.556236267089844,-37.55633544921875,-37.55643081665039,-37.5565185546875,-37.55660629272461,-37.55668640136719,-37.556766510009766,-37.55683898925781,-37.55691146850586,-37.55698013305664,-37.557044982910156,-37.557106018066406,-37.557167053222656,-37.55722427368164,-37.55727767944336,-37.55732727050781,-37.557376861572266,-37.55742263793945,-37.55746841430664,-37.55751037597656,-37.557552337646484,-37.55759048461914,-37.5576286315918,-37.55766296386719,-37.55769348144531,-37.5577278137207,-37.55775451660156,-37.55778503417969,-37.55781173706055,-37.557838439941406,-37.557861328125,-37.557884216308594,-37.55790710449219,-37.55792999267578,-37.55794906616211,-37.55796813964844,-37.5579833984375,-37.55800247192383,-37.55801773071289,-37.55803298950195,-37.558048248291016,-37.55805969238281,-37.558074951171875,-37.55808639526367,-37.55809783935547,-37.558109283447266,-37.55812072753906,-37.558128356933594,-37.55813980102539,-37.55814743041992,-37.55815505981445,-37.558162689208984,-37.558170318603516,-37.55817794799805,-37.55818557739258,-37.55819320678711,-37.558197021484375,-37.558204650878906,-37.55820846557617,-37.55821228027344,-37.55821990966797,-37.558223724365234,-37.5582275390625
-25.765775680541992,-25.88379669189453,-25.997760772705078,-26.10669708251953,-26.21013069152832,-26.30801773071289,-26.400819778442383,-26.489521026611328,-26.575319290161133,-26.65923500061035,-26.741819381713867,-26.823158264160156,-26.903059005737305,-26.981307983398438,-27.057964324951172,-27.133487701416016,-27.208675384521484,-27.284570693969727,-27.362205505371094,-27.442319869995117,-27.525102615356445,-27.61002540588379,-27.69588279724121,-27.781204223632812,-27.865074157714844,-27.94793128967285,-28.031246185302734,-28.116077423095703,-28.202030181884766,-28.28727149963379,-28.36908721923828,-28.44482421875,-28.5133056640625,-28.57613754272461,-28.63707733154297,-28.699066162109375,-28.762222290039062,-28.824443817138672,-28.88345718383789,-28.938888549804688,-28.992834091186523,-29.04824447631836,-29.106882095336914,-29.168872833251953,-29.23366355895996,-29.30136489868164,-29.37364387512207,-29.453468322753906,-29.5437068939209,-29.6459903717041,-29.760793685913086,-29.88823699951172,-30.028600692749023,-30.182043075561523,-30.34834861755371,-30.52747917175293,-30.720399856567383,-30.928682327270508,-31.152074813842773,-31.386510848999023,-31.626113891601562,-31.866344451904297,-32.10295867919922,-32.33048629760742,-32.54550552368164,-32.747100830078125,-32.93213653564453,-33.098724365234375,-33.247886657714844,-33.3785285949707,-33.49189758300781,-33.590763092041016,-33.67562484741211,-33.7492561340332,-33.81220626831055,-33.865047454833984,-33.90955352783203,-33.946014404296875,-33.976802825927734,-34.002384185791016,-34.023921966552734,-34.04207992553711,-34.0598030090332,-34.13785171508789,-34.17685317993164,-34.19647216796875,-34.23023223876953,-34.27084732055664,-34.30363845825195,-34.32597351074219,-34.34614562988281,-34.3709716796875,-34.3987922668457,-34.42414474487305,-34.44412612915039,-34.46047592163086,-34.47704315185547,-34.49551773071289,-34.514190673828125,-34.53053665161133,-34.54426193237305,-34.5574836730957,-34.57220458984375,-34.58829116821289,-34.60408401489258,-34.6183967590332,-34.63166809082031,-34.64531326293945,-34.66009521484375,-34.675411224365234,-34.69010925292969,-34.70383071899414,-34.71732711791992,-34.731468200683594,-34.746246337890625,-34.76099395751953,-34.77527618408203,-34.789329528808594,-34.80364227294922,-34.8183708190918,-34.8332405090332,-34.84796905517578,-34.86262512207031,-34.87751007080078,-34.89273452758789,-34.90813446044922,-34.92355728149414,-34.939090728759766,-34.95490264892578,-34.97098159790039,-34.98719024658203,-35.00347137451172,-35.019901275634766,-35.036563873291016,-35.05343246459961,-35.07040786743164,-35.08745574951172,-35.104652404785156,-35.12204360961914,-35.139583587646484,-35.157196044921875,-35.17487716674805,-35.19269943237305,-35.21066665649414,-35.22874069213867,-35.246891021728516,-35.26514434814453,-35.283538818359375,-35.302085876464844,-35.32076644897461,-35.33959197998047,-35.358604431152344,-35.377845764160156,-35.39734649658203,-35.4171257019043,-35.437232971191406,-35.45773696899414,-35.47867965698242,-35.50010299682617,-35.52202606201172,-35.544471740722656,-35.56743621826172,-35.590858459472656,-35.61465072631836,-35.63868713378906,-35.66279983520508,-35.6867790222168,-35.71036148071289,-35.733280181884766,-35.75524139404297,-35.77593994140625,-35.79509735107422,-35.81246566772461,-35.82787322998047,-35.841243743896484,-35.85259246826172,-35.8620719909668,-35.869937896728516,-35.87653350830078,-35.88224411010742,-35.88744354248047,-35.892452239990234,-35.897491455078125,-35.8647575378418,-35.919254302978516,-35.92325973510742,-35.917457580566406,-35.93320083618164,-35.95466995239258,-35.96620178222656,-35.96682357788086,-35.9674186706543,-35.975624084472656,-35.9888916015625,-36.000606536865234,-36.00714111328125,-36.010555267333984,-36.01561737060547,-36.02446746826172,-36.03517150878906,-36.04444122314453,-36.050907135009766,-36.05607604980469,-36.06243896484375,-36.07084655761719,-36.08002853393555,-36.08823776245117,-36.09504318237305,-36.101593017578125,-36.109222412109375,-36.11807632446289,-36.127166748046875,-36.13555145263672,-36.143314361572266,-36.151302337646484,-36.16010665893555,-36.169456481933594,-36.178653717041016,-36.18741226196289,-36.19611358642578,-36.205291748046875,-36.21501541137695,-36.22488021850586,-36.23455047607422,-36.244117736816406,-36.253910064697266,-36.2640495300293,-36.274330139160156,-36.28449249267578,-36.29454040527344,-36.30465316772461,-36.31493377685547,-36.325252532958984,-36.33543014526367,-36.34544372558594,-36.355403900146484,-36.3653450012207,-36.375179290771484,-36.384796142578125,-36.3941764831543,-36.403377532958984,-36.41240692138672,-36.42119598388672,-36.42969512939453,-36.437904357910156,-36.44585037231445,-36.453521728515625,-36.46088409423828,-36.46792221069336,-36.474639892578125,-36.48104476928711,-36.48713302612305,-36.49289321899414,-36.49833297729492,-36.50346374511719,-36.5082893371582,-36.512821197509766,-36.517066955566406,-36.52104187011719,-36.52475357055664,-36.52821731567383,-36.53145217895508,-36.53447341918945,-36.537296295166016,-36.5399284362793,-36.54239273071289,-36.544708251953125,-36.54689025878906,-36.5489387512207,-36.55087661743164,-36.55271530151367,-36.554466247558594,-36.55613327026367,-36.55772399902344,-36.55925369262695,-36.56071853637695,-36.562129974365234,-36.5634880065918,-36.56479263305664,-36.56604766845703,-36.567256927490234,-36.568416595458984,-36.56952667236328,-36.57059097290039,-36.57160949707031,-36.572574615478516,-36.57349395751953,-36.57436752319336,-36.575191497802734,-36.575965881347656,-36.57669448852539,-36.57737350463867,-36.57801055908203,-36.5786018371582,-36.57915115356445,-36.57965850830078,-36.58012771606445,-36.58055877685547,-36.580955505371094,-36.581321716308594,-36.58165740966797,-36.58196258544922,-36.582244873046875,-36.58250045776367,-36.58273696899414,-36.582950592041016,-36.58314895629883,-36.58333206176758,-36.583499908447266,-36.58365249633789,-36.58379364013672,-36.58392333984375,-36.584041595458984,-36.58415222167969,-36.58425521850586,-36.5843505859375,-36.584442138671875,-36.58452224731445,-36.584598541259766,-36.58467102050781,-36.58473587036133,-36.58479690551758,-36.58485412597656,-36.58490753173828,-36.5849609375,-36.58500671386719,-36.58504867553711,-36.58509063720703,-36.58512878417969,-36.58516311645508,-36.58519744873047,-36.58523178100586,-36.58525848388672,-36.585289001464844,-36.5853157043457,-36.5853385925293,-36.58536148071289,-36.585384368896484,-36.58540725708008,-36.585426330566406,-36.585445404052734,-36.58546447753906,-36.58548355102539,-36.58549880981445,-36.58551788330078,-36.585533142089844,-36.585548400878906,-36.5855598449707,-36.585575103759766,-36.58559036254883,-36.585601806640625,-36.58561325073242,-36.585628509521484,-36.58563995361328,-36.58565139770508,-36.585662841796875,-36.585670471191406,-36.5856819152832,-36.585693359375,-36.58570098876953,-36.58570861816406,-36.58572006225586,-36.58572769165039,-36.58573532104492,-36.58574295043945,-36.585750579833984,-36.58575439453125,-36.58576202392578,-36.58576965332031,-36.58577346801758,-36.58578109741211,-36.585784912109375,-36.58578872680664,-36.585792541503906
-26.116840362548828,-26.25151252746582,-26.387224197387695,-26.52337074279785,-26.658855438232422,-26.79155731201172,-26.919342041015625,-27.04054069519043,-27.15418243408203,-27.260101318359375,-27.358863830566406,-27.451513290405273,-27.539213180541992,-27.623037338256836,-27.703914642333984,-27.782669067382812,-27.86003875732422,-27.936643600463867,-28.012956619262695,-28.089338302612305,-28.166122436523438,-28.24372673034668,-28.322675704956055,-28.403514862060547,-28.48666000366211,-28.572301864624023,-28.6604061126709,-28.75079345703125,-28.843233108520508,-28.93752670288086,-29.03359603881836,-29.13150405883789,-29.231426239013672,-29.3336124420166,-29.438337326049805,-29.545917510986328,-29.6567325592041,-29.771242141723633,-29.889925003051758,-30.013151168823242,-30.141002655029297,-30.273136138916016,-30.40875244140625,-30.54671859741211,-30.685871124267578,-30.825416564941406,-30.965295791625977,-31.106334686279297,-31.249942779541016,-31.397430419921875,-31.549297332763672,-31.704975128173828,-31.863285064697266,-32.023284912109375,-32.18476104736328,-32.347633361816406,-32.51072692871094,-32.67140579223633,-32.82692337036133,-32.976295471191406,-33.120384216308594,-33.259742736816406,-33.39318084716797,-33.519195556640625,-33.63801956176758,-33.75098419189453,-33.8581428527832,-33.95827102661133,-34.05131149291992,-34.13883590698242,-34.22140884399414,-34.29792404174805,-34.368160247802734,-34.4333381652832,-34.49366760253906,-34.54841232299805,-34.598243713378906,-34.64426803588867,-34.68589401245117,-34.72260284423828,-34.7550163269043,-34.7829704284668,-34.795196533203125,-34.88871383666992,-34.92599105834961,-34.949920654296875,-34.99422836303711,-35.04511260986328,-35.086368560791016,-35.11553192138672,-35.141963958740234,-35.17384719848633,-35.20982360839844,-35.24408721923828,-35.273372650146484,-35.299278259277344,-35.32574462890625,-35.3543586730957,-35.38310241699219,-35.40906524658203,-35.43145751953125,-35.452144622802734,-35.47357940673828,-35.49638748168945,-35.51921463012695,-35.540550231933594,-35.56029510498047,-35.57963562011719,-35.599586486816406,-35.619964599609375,-35.63985824584961,-35.658748626708984,-35.67698287963867,-35.69521713256836,-35.7136116027832,-35.73177719116211,-35.7493896484375,-35.766632080078125,-35.78392791748047,-35.80142593383789,-35.81884765625,-35.83592224121094,-35.852691650390625,-35.869415283203125,-35.88620376586914,-35.90290451049805,-35.91938018798828,-35.935691833496094,-35.95199203491211,-35.96831130981445,-35.98454284667969,-36.0006103515625,-36.01657485961914,-36.03248596191406,-36.048282623291016,-36.0638542175293,-36.07917022705078,-36.09428405761719,-36.109222412109375,-36.12390899658203,-36.13827133178711,-36.15230941772461,-36.16604995727539,-36.17946243286133,-36.19247055053711,-36.20503234863281,-36.217166900634766,-36.228885650634766,-36.24015426635742,-36.25093460083008,-36.26122283935547,-36.27105712890625,-36.28044128417969,-36.28935241699219,-36.29779052734375,-36.30577850341797,-36.271793365478516,-36.325077056884766,-36.32827377319336,-36.321563720703125,-36.33714294433594,-36.35979461669922,-36.373512268066406,-36.37599563598633,-36.377159118652344,-36.38517379760742,-36.398338317871094,-36.4102897644043,-36.41693878173828,-36.41960144042969,-36.42286682128906,-36.42948532104492,-36.43820571899414,-36.445899963378906,-36.45074462890625,-36.45368194580078,-36.45709991455078,-36.46228790283203,-36.4683952331543,-36.473655700683594,-36.47721481323242,-36.47984313964844,-36.482933044433594,-36.48701858520508,-36.491355895996094,-36.49489974975586,-36.497398376464844,-36.49956130981445,-36.502159118652344,-36.505210876464844,-36.50808334350586,-36.510284423828125,-36.51198196411133,-36.51373291015625,-36.51579284667969,-36.51789093017578,-36.51962661743164,-36.52094650268555,-36.52218246459961,-36.52359390258789,-36.52508544921875,-36.52638626098633,-36.52740478515625,-36.528316497802734,-36.52932357788086,-36.53038787841797,-36.531333923339844,-36.53209686279297,-36.53278350830078,-36.53352355957031,-36.5342903137207,-36.534969329833984,-36.53553009033203,-36.536048889160156,-36.536598205566406,-36.53715515136719,-36.53764343261719,-36.538055419921875,-36.538455963134766,-36.53887939453125,-36.53929138183594,-36.539649963378906,-36.53997039794922,-36.54029083251953,-36.54062271118164,-36.540931701660156,-36.54120635986328,-36.541465759277344,-36.54173278808594,-36.5419921875,-36.542232513427734,-36.54245376586914,-36.54267120361328,-36.54288864135742,-36.54309844970703,-36.54329299926758,-36.543479919433594,-36.54366683959961,-36.54384994506836,-36.54402160644531,-36.544189453125,-36.54435348510742,-36.544517517089844,-36.544677734375,-36.544830322265625,-36.544979095458984,-36.545127868652344,-36.5452766418457,-36.54541778564453,-36.54555892944336,-36.54570007324219,-36.54583740234375,-36.54597473144531,-36.54610824584961,-36.54624557495117,-36.54637908935547,-36.546512603759766,-36.54664611816406,-36.54677963256836,-36.546913146972656,-36.54704666137695,-36.547183990478516,-36.54731750488281,-36.54745864868164,-36.5475959777832,-36.5477409362793,-36.54788589477539,-36.548030853271484,-36.54818344116211,-36.54833984375,-36.548500061035156,-36.54866409301758,-36.54883575439453,-36.549015045166016,-36.54920196533203,-36.54939651489258,-36.54960250854492,-36.54981994628906,-36.550052642822266,-36.550296783447266,-36.55055618286133,-36.55083465576172,-36.5511360168457,-36.55146026611328,-36.55180740356445,-36.552188873291016,-36.5526008605957,-36.55305480957031,-36.553550720214844,-36.55409240722656,-36.554691314697266,-36.55535125732422,-36.55607986450195,-36.556888580322266,-36.55778121948242,-36.558773040771484,-36.559871673583984,-36.561092376708984,-36.562442779541016,-36.563941955566406,-36.56560134887695,-36.56744384765625,-36.56948471069336,-36.571746826171875,-36.57425308227539,-36.577022552490234,-36.580074310302734,-36.58341598510742,-36.58704376220703,-36.590946197509766,-36.5950927734375,-36.59944152832031,-36.60392379760742,-36.608463287353516,-36.61296844482422,-36.617332458496094,-36.6214485168457,-36.62521743774414,-36.62855911254883,-36.63141632080078,-36.63377380371094,-36.63565444946289,-36.63711166381836,-36.63821029663086,-36.63903045654297,-36.6396369934082,-36.640098571777344,-36.64045715332031,-36.64077377319336,-36.64108657836914,-36.64143753051758,-36.64185333251953,-36.642337799072266,-36.642879486083984,-36.643455505371094,-36.64403533935547,-36.64457702636719,-36.64506530761719,-36.645477294921875,-36.64581298828125,-36.64606475830078,-36.646244049072266,-36.64634704589844,-36.646392822265625,-36.64638900756836,-36.64634704589844,-36.64628601074219,-36.64622116088867,-36.64617156982422,-36.64614486694336,-36.64614486694336,-36.64616775512695,-36.64620590209961,-36.64625549316406,-36.64630889892578,-36.646358489990234,-36.64640426635742,-36.646446228027344,-36.646480560302734,-36.646507263183594,-36.64653015136719,-36.646541595458984,-36.64655303955078,-36.64656066894531,-36.64656448364258,-36.64657211303711,-36.646583557128906,-36.6465950012207,-36.646610260009766,-36.64662551879883,-36.64664077758789,-36.64665603637695,-36.64666748046875,-36.64667892456055,-36.646690368652344,-36.646697998046875,-36.646705627441406,-36.64671325683594,-36.6467170715332,-36.64672088623047,-36.646724700927734,-36.646724700927734,-36.646728515625
-26.80734634399414,-26.891897201538086,-26.978750228881836,-27.067535400390625,-27.157989501953125,-27.250041961669922,-27.342899322509766,-27.43561553955078,-27.52779769897461,-27.61983871459961,-27.71185874938965,-27.803770065307617,-27.89565658569336,-27.987934112548828,-28.08067512512207,-28.173709869384766,-28.267230987548828,-28.36130714416504,-28.455537796020508,-28.549571990966797,-28.64335823059082,-28.736587524414062,-28.829120635986328,-28.92127227783203,-29.013187408447266,-29.10504150390625,-29.197402954101562,-29.290632247924805,-29.385005950927734,-29.480798721313477,-29.577783584594727,-29.67573356628418,-29.77427101135254,-29.87281608581543,-29.970985412597656,-30.06819725036621,-30.164138793945312,-30.25838851928711,-30.350645065307617,-30.44058609008789,-30.527908325195312,-30.61237144470215,-30.693742752075195,-30.771963119506836,-30.847009658813477,-30.9189510345459,-30.987754821777344,-31.05335235595703,-31.115598678588867,-31.174400329589844,-31.22982406616211,-31.282161712646484,-31.331924438476562,-31.379682540893555,-31.42597007751465,-31.47113800048828,-31.51541519165039,-31.558929443359375,-31.60184097290039,-31.644283294677734,-31.686386108398438,-31.72821807861328,-31.769826889038086,-31.81123161315918,-31.852439880371094,-31.893468856811523,-31.934310913085938,-31.974929809570312,-32.01522445678711,-32.055023193359375,-32.09408950805664,-32.13218307495117,-32.169071197509766,-32.204593658447266,-32.23866271972656,-32.271217346191406,-32.302223205566406,-32.331634521484375,-32.35940170288086,-32.40934753417969,-32.457332611083984,-32.50010299682617,-32.54048538208008,-32.57777404785156,-32.611976623535156,-32.64332580566406,-32.672637939453125,-32.70054626464844,-32.7276611328125,-32.754295349121094,-32.78049850463867,-32.80641174316406,-32.83208465576172,-32.857608795166016,-32.88312530517578,-32.908660888671875,-32.93426513671875,-32.959938049316406,-32.98558807373047,-33.01119613647461,-33.036766052246094,-33.062294006347656,-33.08777618408203,-33.113162994384766,-33.138397216796875,-33.16343307495117,-33.188194274902344,-33.21259689331055,-33.236576080322266,-33.260040283203125,-33.28293991088867,-33.30523681640625,-33.32691192626953,-33.34794998168945,-33.368350982666016,-33.38814163208008,-33.407352447509766,-33.426002502441406,-33.444114685058594,-33.46171188354492,-33.47880172729492,-33.49541473388672,-33.51156234741211,-33.52727127075195,-33.54256057739258,-33.55746078491211,-33.57199478149414,-33.586181640625,-33.60004425048828,-33.613609313964844,-33.62690353393555,-33.63995361328125,-33.652801513671875,-33.66547393798828,-33.678016662597656,-33.690467834472656,-33.7028694152832,-33.71526336669922,-33.727699279785156,-33.74022674560547,-33.75290298461914,-33.76578903198242,-33.77895736694336,-33.79247283935547,-33.80641555786133,-33.82085418701172,-33.835853576660156,-33.85147476196289,-33.867759704589844,-33.884735107421875,-33.902408599853516,-33.92076110839844,-33.939754486083984,-33.95933151245117,-33.979408264160156,-33.99988555908203,-34.02065658569336,-34.041595458984375,-34.062591552734375,-34.083553314208984,-34.10439682006836,-34.12507629394531,-34.14558029174805,-34.16590118408203,-34.186031341552734,-34.205955505371094,-34.22563934326172,-34.245033264160156,-34.26408004760742,-34.282711029052734,-34.300865173339844,-34.31848907470703,-34.33552551269531,-34.3519401550293,-34.36771011352539,-34.38283157348633,-34.397308349609375,-34.41116714477539,-34.42444610595703,-34.43719482421875,-34.4494743347168,-34.46135330200195,-34.472896575927734,-34.48417282104492,-34.49524688720703,-34.50617980957031,-34.51701354980469,-34.52777862548828,-34.53849792480469,-34.549171447753906,-34.559791564941406,-34.570343017578125,-34.580806732177734,-34.591148376464844,-34.601348876953125,-34.61138153076172,-34.62123489379883,-34.630897521972656,-34.640357971191406,-34.64961242675781,-34.658660888671875,-34.667503356933594,-34.676143646240234,-34.68457794189453,-34.692813873291016,-34.704010009765625,-34.71951675415039,-34.73199462890625,-34.74333953857422,-34.755653381347656,-34.76792526245117,-34.77962112426758,-34.790618896484375,-34.80128860473633,-34.81209182739258,-34.822994232177734,-34.833614349365234,-34.84371566772461,-34.85340881347656,-34.862945556640625,-34.8724479675293,-34.88185501098633,-34.89103317260742,-34.89988327026367,-34.9084358215332,-34.91681671142578,-34.92510223388672,-34.933250427246094,-34.941162109375,-34.94878387451172,-34.95616149902344,-34.963375091552734,-34.9704704284668,-34.97743225097656,-34.98419189453125,-34.99074172973633,-34.99709701538086,-35.00330352783203,-35.00937271118164,-35.015296936035156,-35.02104187011719,-35.02660369873047,-35.032012939453125,-35.03730010986328,-35.04246139526367,-35.047481536865234,-35.0523567199707,-35.05708312988281,-35.06169128417969,-35.066184997558594,-35.070560455322266,-35.0748176574707,-35.07895278930664,-35.082977294921875,-35.08690643310547,-35.09074020385742,-35.09446716308594,-35.09809112548828,-35.10162353515625,-35.10506820678711,-35.108428955078125,-35.1117057800293,-35.114898681640625,-35.118011474609375,-35.12105178833008,-35.124019622802734,-35.126914978027344,-35.129737854003906,-35.13249206542969,-35.13518524169922,-35.137813568115234,-35.140377044677734,-35.14288330078125,-35.145328521728516,-35.1477165222168,-35.15005111694336,-35.15232849121094,-35.1545524597168,-35.15672302246094,-35.158843994140625,-35.16091537475586,-35.16293716430664,-35.16490936279297,-35.16683578491211,-35.1687126159668,-35.17054748535156,-35.17233657836914,-35.17407989501953,-35.17578125,-35.17744064331055,-35.17905807495117,-35.180633544921875,-35.182167053222656,-35.18366241455078,-35.18511962890625,-35.18653869628906,-35.18791961669922,-35.18926239013672,-35.19056701660156,-35.191837310791016,-35.19307327270508,-35.19427490234375,-35.19544219970703,-35.19657516479492,-35.19767761230469,-35.19874572753906,-35.19978332519531,-35.20079040527344,-35.20176696777344,-35.20271682739258,-35.203636169433594,-35.204524993896484,-35.205387115478516,-35.20622634887695,-35.207035064697266,-35.20781707763672,-35.20857620239258,-35.209312438964844,-35.21002197265625,-35.21071243286133,-35.21137619018555,-35.21202087402344,-35.21263885498047,-35.21324157714844,-35.21382141113281,-35.21438217163086,-35.21492385864258,-35.21544647216797,-35.21595001220703,-35.21643829345703,-35.2169075012207,-35.21735763549805,-35.217796325683594,-35.21821594238281,-35.218624114990234,-35.21901321411133,-35.219390869140625,-35.21975326538086,-35.22010040283203,-35.220436096191406,-35.220760345458984,-35.221073150634766,-35.221370697021484,-35.22166061401367,-35.2219352722168,-35.22220230102539,-35.22245788574219,-35.22270202636719,-35.222938537597656,-35.223167419433594,-35.223384857177734,-35.22359085083008,-35.223793029785156,-35.22398376464844,-35.22416687011719,-35.22434616088867,-35.22451400756836,-35.22467803955078,-35.224830627441406,-35.22498321533203,-35.22512435913086,-35.22526168823242,-35.22539138793945,-35.22551727294922,-35.22563552856445,-35.22574996948242,-35.225860595703125,-35.2259635925293,-35.2260627746582,-35.22616195678711,-35.22624969482422,-35.22633743286133,-35.22642135620117,-35.22650146484375,-35.22657775878906,-35.22665023803711,-35.22671890258789,-35.226783752441406,-35.22684860229492,-35.226905822753906,-35.22696304321289,-35.22701644897461,-35.22706985473633,-35.22711944580078,-35.22716522216797,-35.227210998535156,-35.22725296020508,-35.227294921875,-35.227333068847656,-35.22736740112305,-35.22740173339844,-35.22743606567383,-35.22746658325195,-35.22749710083008,-35.22751998901367,-35.227535247802734,-35.227542877197266,-35.22754669189453,-35.22757339477539,-35.22763442993164,-35.227664947509766,-35.2276611328125,-35.22767639160156,-35.22772216796875,-35.22773361206055,-35.22773361206055,-35.22776412963867,-35.227783203125,-35.227783203125,-35.22780227661133,-35.22782516479492,-35.22782516479492,-35.22783660888672,-35.22785568237305,-35.22785949707031,-35.227867126464844,-35.227882385253906,-35.22789001464844,-35.2278938293457,-35.2279052734375,-35.22791290283203,-35.2279167175293,-35.22792434692383,-35.22793197631836,-35.22793197631836,-35.22793960571289,-35.22794723510742,-35.22794723510742,-35.22795104980469
-26.587308883666992,-26.748868942260742,-26.905385971069336,-27.058937072753906,-27.214441299438477,-27.37227439880371,-27.531333923339844,-27.690509796142578,-27.848506927490234,-28.00390625,-28.156246185302734,-28.306766510009766,-28.456710815429688,-28.605579376220703,-28.75168800354004,-28.893478393554688,-29.030832290649414,-29.165306091308594,-29.298019409179688,-29.42815589904785,-29.554134368896484,-29.675939559936523,-29.795860290527344,-29.91551399230957,-30.03412628173828,-30.15067481994629,-30.266368865966797,-30.38317108154297,-30.500526428222656,-30.61680793762207,-30.732563018798828,-30.84906768798828,-30.965076446533203,-31.079208374023438,-31.192659378051758,-31.305849075317383,-31.417312622070312,-31.527484893798828,-31.637554168701172,-31.746355056762695,-31.853641510009766,-31.960308074951172,-32.065101623535156,-32.16746520996094,-32.26793670654297,-32.36526107788086,-32.45930099487305,-32.55040740966797,-32.63761520385742,-32.72141647338867,-32.801780700683594,-32.8782958984375,-32.95167922973633,-33.02161407470703,-33.08853530883789,-33.152957916259766,-33.21495819091797,-33.27543258666992,-33.334510803222656,-33.39281463623047,-33.45072937011719,-33.50845718383789,-33.5665397644043,-33.62501525878906,-33.684391021728516,-33.74468994140625,-33.80620193481445,-33.868873596191406,-33.93269729614258,-33.99748229980469,-34.0629997253418,-34.12894058227539,-34.19496536254883,-34.260650634765625,-34.32559585571289,-34.389244079589844,-34.45115280151367,-34.51069641113281,-34.56745529174805,-34.620941162109375,-34.670841217041016,-34.71697998046875,-34.75924301147461,-34.79774856567383,-34.832706451416016,-34.864444732666016,-34.893436431884766,-34.887535095214844,-34.985313415527344,-35.01945877075195,-35.03864669799805,-35.083614349365234,-35.136287689208984,-35.17721176147461,-35.20402145385742,-35.22854232788086,-35.259765625,-35.29496383666992,-35.32653045654297,-35.35051727294922,-35.36956787109375,-35.38922882080078,-35.41190719604492,-35.43534851074219,-35.4560661315918,-35.47298049926758,-35.48820495605469,-35.504554748535156,-35.5227165222168,-35.54109191894531,-35.55796432495117,-35.573307037353516,-35.58858871459961,-35.60509490966797,-35.62271499633789,-35.640438079833984,-35.657684326171875,-35.67490005493164,-35.6929931640625,-35.71231460571289,-35.732460021972656,-35.75286865234375,-35.77348327636719,-35.794700622558594,-35.816810607910156,-35.839691162109375,-35.86302947998047,-35.88673400878906,-35.91102600097656,-35.936100006103516,-35.96189498901367,-35.98819351196289,-36.01490020751953,-36.042091369628906,-36.06984329223633,-36.09807205200195,-36.12662124633789,-36.15542221069336,-36.18449783325195,-36.21384811401367,-36.24336242675781,-36.272918701171875,-36.30244827270508,-36.331905364990234,-36.36119842529297,-36.39021301269531,-36.41885757446289,-36.44708251953125,-36.47480773925781,-36.501930236816406,-36.52836227416992,-36.554054260253906,-36.57896041870117,-36.60301208496094,-36.62615966796875,-36.64839553833008,-36.66970443725586,-36.6900634765625,-36.70947265625,-36.727962493896484,-36.745574951171875,-36.762332916259766,-36.778263092041016,-36.793434143066406,-36.80791091918945,-36.821754455566406,-36.835018157958984,-36.8477668762207,-36.86007308959961,-36.87200164794922,-36.88359069824219,-36.8948974609375,-36.905982971191406,-36.9168701171875,-36.92758560180664,-36.93815612792969,-36.948604583740234,-36.90640640258789,-36.980743408203125,-36.98811340332031,-36.98183059692383,-37.00556564331055,-37.039363861083984,-37.06165313720703,-37.06895446777344,-37.074378967285156,-37.089141845703125,-37.11125946044922,-37.132232666015625,-37.146324157714844,-37.154998779296875,-37.164363861083984,-37.17829132080078,-37.19520950317383,-37.21086883544922,-37.222652435302734,-37.231712341308594,-37.241310119628906,-37.25328826904297,-37.266571044921875,-37.278724670410156,-37.288509368896484,-37.296878814697266,-37.305728912353516,-37.31582260131836,-37.326229095458984,-37.33551788330078,-37.343299865722656,-37.3504753112793,-37.358097076416016,-37.366241455078125,-37.37411117553711,-37.381019592285156,-37.387123107910156,-37.39311981201172,-37.3994026184082,-37.405670166015625,-37.411399841308594,-37.416465759277344,-37.421241760253906,-37.42609786987305,-37.43098449707031,-37.435569763183594,-37.4396858215332,-37.443511962890625,-37.44731521606445,-37.45111846923828,-37.454715728759766,-37.457984924316406,-37.46103286743164,-37.464027404785156,-37.46699142456055,-37.46980285644531,-37.47238540649414,-37.47480773925781,-37.4771728515625,-37.479488372802734,-37.4816780090332,-37.48370361328125,-37.48561477661133,-37.48748016357422,-37.489288330078125,-37.49098587036133,-37.49256896972656,-37.49407196044922,-37.49553680419922,-37.4969367980957,-37.49824905395508,-37.49947738647461,-37.50065994262695,-37.50179672241211,-37.50287628173828,-37.50388717651367,-37.50484085083008,-37.50575637817383,-37.50663757324219,-37.50746536254883,-37.50823974609375,-37.50897979736328,-37.50968933105469,-37.51036071777344,-37.51099395751953,-37.51158905029297,-37.51216125488281,-37.5127067565918,-37.51321792602539,-37.513702392578125,-37.51416015625,-37.51459884643555,-37.515010833740234,-37.51539993286133,-37.51576614379883,-37.516117095947266,-37.516448974609375,-37.51675796508789,-37.517051696777344,-37.517330169677734,-37.51759338378906,-37.51783752441406,-37.518070220947266,-37.51829147338867,-37.518497467041016,-37.51869201660156,-37.51887512207031,-37.519046783447266,-37.51920700073242,-37.51935958862305,-37.519500732421875,-37.51963424682617,-37.51976013183594,-37.51987838745117,-37.519989013671875,-37.52009201049805,-37.52018737792969,-37.52027893066406,-37.520362854003906,-37.52043914794922,-37.52051544189453,-37.52058410644531,-37.52064514160156,-37.52070617675781,-37.5207633972168,-37.52081298828125,-37.5208625793457,-37.52090835571289,-37.52095031738281,-37.52098846435547,-37.521026611328125,-37.521060943603516,-37.52109146118164,-37.521121978759766,-37.521148681640625,-37.521175384521484,-37.52119827270508,-37.52122116088867,-37.521244049072266,-37.521263122558594,-37.521278381347656,-37.521297454833984,-37.52131271362305,-37.52132797241211,-37.521339416503906,-37.5213508605957,-37.521366119384766,-37.5213737487793,-37.521385192871094,-37.52139663696289,-37.52140426635742,-37.52141189575195,-37.521419525146484,-37.521427154541016,-37.52143478393555,-37.52143859863281,-37.521446228027344,-37.52145004272461,-37.52145767211914,-37.521461486816406,-37.52146530151367,-37.52146911621094
-26.613895416259766,-26.766338348388672,-26.923236846923828,-27.081995010375977,-27.240211486816406,-27.395954132080078,-27.547863006591797,-27.69666290283203,-27.84575843811035,-27.998302459716797,-28.154842376708984,-28.313966751098633,-28.47362518310547,-28.632112503051758,-28.78921127319336,-28.94702911376953,-29.108623504638672,-29.27489471435547,-29.444181442260742,-29.61385726928711,-29.781280517578125,-29.94532012939453,-30.106571197509766,-30.265308380126953,-30.420324325561523,-30.56964111328125,-30.71141815185547,-30.845232009887695,-30.971881866455078,-31.09278678894043,-31.209848403930664,-31.324535369873047,-31.43765640258789,-31.549213409423828,-31.659088134765625,-31.7681941986084,-31.877147674560547,-31.984914779663086,-32.08993148803711,-32.19175720214844,-32.29107666015625,-32.388423919677734,-32.48404312133789,-32.57811737060547,-32.670372009277344,-32.76059341430664,-32.84926223754883,-32.93655776977539,-33.02195358276367,-33.105377197265625,-33.18719482421875,-33.26780700683594,-33.347900390625,-33.42758560180664,-33.50612258911133,-33.58294677734375,-33.657474517822266,-33.72917175292969,-33.79777145385742,-33.86292266845703,-33.92473602294922,-33.98360061645508,-34.039669036865234,-34.09306335449219,-34.143653869628906,-34.191505432128906,-34.23685073852539,-34.2797966003418,-34.305240631103516,-34.401641845703125,-34.454673767089844,-34.49897766113281,-34.56022262573242,-34.62187576293945,-34.67074203491211,-34.709930419921875,-34.75023651123047,-34.7949333190918,-34.838523864746094,-34.87532424926758,-34.9053840637207,-34.93361282348633,-34.96342468261719,-34.993385314941406,-35.020118713378906,-35.042442321777344,-35.06253433227539,-35.0831298828125,-35.104366302490234,-35.12430953979492,-35.14183044433594,-35.158042907714844,-35.17472839355469,-35.19211196899414,-35.208927154541016,-35.22439193725586,-35.239280700683594,-35.25474548339844,-35.27070617675781,-35.2861328125,-35.3005485534668,-35.314605712890625,-35.32902526855469,-35.3436279296875,-35.357757568359375,-35.37126541137695,-35.38459014892578,-35.397987365722656,-35.41123962402344,-35.42411804199219,-35.4367790222168,-35.44948196411133,-35.462181091308594,-35.474632263183594,-35.48685836791992,-35.45493698120117,-35.518863677978516,-35.52730178833008,-35.52721405029297,-35.552886962890625,-35.584693908691406,-35.60442352294922,-35.61232376098633,-35.62213897705078,-35.64115905761719,-35.664306640625,-35.683502197265625,-35.69609451293945,-35.70649719238281,-35.72031021118164,-35.738136291503906,-35.75621795654297,-35.77113723754883,-35.78314208984375,-35.79533767700195,-35.8099365234375,-35.826080322265625,-35.841365814208984,-35.8546142578125,-35.866943359375,-35.88022232055664,-35.894874572753906,-35.9096565246582,-35.92328643798828,-35.935855865478516,-35.948524475097656,-35.96200180053711,-35.97581481933594,-35.989044189453125,-36.00148010253906,-36.013771057128906,-36.026512145996094,-36.03953170776367,-36.052242279052734,-36.064456939697266,-36.07660675048828,-36.089111328125,-36.101871490478516,-36.11451721191406,-36.126956939697266,-36.139488220214844,-36.15236282348633,-36.16545867919922,-36.17854690551758,-36.19163513183594,-36.20496368408203,-36.21862030029297,-36.232479095458984,-36.246429443359375,-36.26056671142578,-36.27503967285156,-36.289833068847656,-36.304840087890625,-36.32006072998047,-36.335601806640625,-36.35150909423828,-36.36771774291992,-36.384185791015625,-36.400970458984375,-36.41812515258789,-36.435611724853516,-36.453369140625,-36.47140884399414,-36.4897575378418,-36.50837707519531,-36.52718734741211,-36.5461540222168,-36.56526565551758,-36.58446502685547,-36.60365676879883,-36.622779846191406,-36.641788482666016,-36.660614013671875,-36.67915725708008,-36.69735336303711,-36.71514892578125,-36.73247528076172,-36.7492561340332,-36.765438079833984,-36.78099060058594,-36.79587173461914,-36.81005096435547,-36.82351303100586,-36.836265563964844,-36.84831237792969,-36.85967254638672,-36.87037658691406,-36.880470275878906,-36.889984130859375,-36.89896774291992,-36.9074592590332,-36.91550064086914,-36.923126220703125,-36.930362701416016,-36.93722915649414,-36.943748474121094,-36.94993209838867,-36.95578384399414,-36.9613151550293,-36.96653366088867,-36.97144317626953,-36.976051330566406,-36.98037338256836,-36.984413146972656,-36.988189697265625,-36.99171447753906,-36.99500274658203,-36.99807357788086,-37.000938415527344,-37.00361633300781,-37.00611877441406,-37.00845718383789,-37.01064682006836,-37.0126953125,-37.014610290527344,-37.016395568847656,-37.018062591552734,-37.01961135864258,-37.02104568481445,-37.02237319946289,-37.023597717285156,-37.024723052978516,-37.025760650634766,-37.026710510253906,-37.02758026123047,-37.02837371826172,-37.02910232543945,-37.02976989746094,-37.0303840637207,-37.03094482421875,-37.031463623046875,-37.03193664550781,-37.03237533569336,-37.03277587890625,-37.033145904541016,-37.03348922729492,-37.0338020324707,-37.034088134765625,-37.03434753417969,-37.03458786010742,-37.03480529785156,-37.03500747680664,-37.035186767578125,-37.03535079956055,-37.03550338745117,-37.035640716552734,-37.035762786865234,-37.0358772277832,-37.035980224609375,-37.03607177734375,-37.036155700683594,-37.036231994628906,-37.03630065917969,-37.03636169433594,-37.03641891479492,-37.036468505859375,-37.03651428222656,-37.03655242919922,-37.03658676147461,-37.036617279052734,-37.03664779663086,-37.03667068481445,-37.03669357299805,-37.036712646484375,-37.03672790527344,-37.0367431640625,-37.03675842285156,-37.03676986694336,-37.036781311035156,-37.03678894042969,-37.036800384521484,-37.036808013916016,-37.03681182861328,-37.03681945800781,-37.03682327270508,-37.036827087402344,-37.03683090209961,-37.036834716796875,-37.03683853149414
-26.912260055541992,-26.996448516845703,-27.077695846557617,-27.154375076293945,-27.225252151489258,-27.289958953857422,-27.349580764770508,-27.406068801879883,-27.460779190063477,-27.51433563232422,-27.566997528076172,-27.618867874145508,-27.66998863220215,-27.72041130065918,-27.770259857177734,-27.81985092163086,-27.869789123535156,-27.92102813720703,-27.974781036376953,-28.03227424621582,-28.09449577331543,-28.16205406188965,-28.235244750976562,-28.314390182495117,-28.4008846282959,-28.49823570251465,-28.61055564880371,-28.739749908447266,-28.884803771972656,-29.043203353881836,-29.215728759765625,-29.40771484375,-29.620031356811523,-29.8475399017334,-30.083354949951172,-30.32784080505371,-30.58511734008789,-30.848615646362305,-31.11211395263672,-31.37973976135254,-31.649600982666016,-31.909095764160156,-32.154788970947266,-32.38618850708008,-32.59397506713867,-32.77994155883789,-32.95299530029297,-33.11322784423828,-33.26631164550781,-33.41862869262695,-33.56675720214844,-33.71220779418945,-33.856056213378906,-33.993072509765625,-34.12353515625,-34.24468231201172,-34.351810455322266,-34.44609069824219,-34.525394439697266,-34.59062194824219,-34.645511627197266,-34.690879821777344,-34.73092269897461,-34.76705551147461,-34.799678802490234,-34.83050537109375,-34.85856628417969,-34.883453369140625,-34.97114181518555,-35.004756927490234,-35.028221130371094,-35.07236862182617,-35.12038803100586,-35.15800476074219,-35.186527252197266,-35.2159423828125,-35.24955749511719,-35.282432556152344,-35.309749603271484,-35.33262252807617,-35.356300354003906,-35.38349914550781,-35.41200256347656,-35.438114166259766,-35.46078872680664,-35.482337951660156,-35.50537872314453,-35.52995300292969,-35.554115295410156,-35.57649612426758,-35.59779739379883,-35.61967468261719,-35.64263153076172,-35.665645599365234,-35.68763732910156,-35.70878982543945,-35.730186462402344,-35.75237274169922,-35.77476501464844,-35.79658126831055,-35.817893981933594,-35.83948516845703,-35.86178207397461,-35.8843879699707,-35.906707763671875,-35.92875289916992,-35.95100784301758,-35.97370910644531,-35.99655532836914,-36.01921463012695,-36.041751861572266,-36.06443786621094,-36.08724594116211,-36.109886169433594,-36.13223648071289,-36.15449142456055,-36.17680740356445,-36.19906234741211,-36.221046447753906,-36.24278259277344,-36.264434814453125,-36.2860107421875,-36.30738067626953,-36.32851028442383,-36.3494873046875,-36.3703498840332,-36.39101028442383,-36.41142654418945,-36.43168258666992,-36.45182418823242,-36.4717903137207,-36.491539001464844,-36.511112213134766,-36.530548095703125,-36.549808502197266,-36.568851470947266,-36.58769989013672,-36.60635757446289,-36.624786376953125,-36.642948150634766,-36.660858154296875,-36.67849349975586,-36.6958122253418,-36.7127799987793,-36.72938919067383,-36.74561309814453,-36.76141357421875,-36.776763916015625,-36.791648864746094,-36.80604553222656,-36.81992721557617,-36.833282470703125,-36.846107482910156,-36.85837936401367,-36.87009811401367,-36.881263732910156,-36.89188766479492,-36.9019660949707,-36.9115104675293,-36.92054748535156,-36.92908477783203,-36.93714904785156,-36.891075134277344,-36.960105895996094,-36.96408462524414,-36.95519256591797,-36.97568893432617,-37.00577926635742,-37.024295806884766,-37.02775192260742,-37.02912521362305,-37.03956985473633,-37.057071685791016,-37.07316589355469,-37.082275390625,-37.086082458496094,-37.09071350097656,-37.099822998046875,-37.111663818359375,-37.12201690673828,-37.12845993041992,-37.13229751586914,-37.136756896972656,-37.1435432434082,-37.151485443115234,-37.15818405151367,-37.16252517700195,-37.16560363769531,-37.16933059692383,-37.17436218261719,-37.17967224121094,-37.183876037597656,-37.18672561645508,-37.18919372558594,-37.192283630371094,-37.19596862792969,-37.19940185546875,-37.201961517333984,-37.20390701293945,-37.205970764160156,-37.208492279052734,-37.21110916137695,-37.21328353881836,-37.21495819091797,-37.2165641784668,-37.21843719482422,-37.220455169677734,-37.222259521484375,-37.223724365234375,-37.22507858276367,-37.2265739440918,-37.228187561035156,-37.22968292236328,-37.230960845947266,-37.232147216796875,-37.23341369628906,-37.23474884033203,-37.236000061035156,-37.23710632324219,-37.23815155029297,-37.239234924316406,-37.2403450012207,-37.24138259887695,-37.2423210144043,-37.243221282958984,-37.244140625,-37.245059967041016,-37.24591064453125,-37.2466926574707,-37.24745559692383,-37.248226165771484,-37.24897003173828,-37.24966049194336,-37.25030517578125,-37.250938415527344,-37.25156784057617,-37.252166748046875,-37.25271987915039,-37.25325012207031,-37.2537727355957,-37.25428009033203,-37.25475311279297,-37.25520324707031,-37.25563430786133,-37.25605773925781,-37.25646209716797,-37.25684356689453,-37.257205963134766,-37.2575569152832,-37.257896423339844,-37.25822067260742,-37.258522033691406,-37.258819580078125,-37.25910186767578,-37.25937271118164,-37.25962829589844,-37.2598762512207,-37.26011276245117,-37.26034164428711,-37.260555267333984,-37.26076126098633,-37.26095962524414,-37.26115036010742,-37.261329650878906,-37.26150131225586,-37.26166915893555,-37.2618293762207,-37.26197814941406,-37.262123107910156,-37.262264251708984,-37.26239776611328,-37.26252365112305,-37.26264572143555,-37.262760162353516,-37.262874603271484,-37.26298141479492,-37.263084411621094,-37.26318359375,-37.263275146484375,-37.26336669921875,-37.26345443725586,-37.2635383605957,-37.26361846923828,-37.263694763183594,-37.26376724243164,-37.26383972167969,-37.26390838623047,-37.263973236083984,-37.2640380859375,-37.26409912109375,-37.264156341552734,-37.26421356201172,-37.26426696777344,-37.264320373535156,-37.26436996459961,-37.26441955566406,-37.26446533203125,-37.26451110839844,-37.26455307006836,-37.26459503173828,-37.2646369934082,-37.26467514038086,-37.264713287353516,-37.264747619628906,-37.26478576660156,-37.26482009887695,-37.26485061645508,-37.26488494873047,-37.264915466308594,-37.26494216918945,-37.26497268676758,-37.26499938964844,-37.2650260925293,-37.265052795410156,-37.26507568359375,-37.26510238647461,-37.2651252746582,-37.2651481628418,-37.26517105102539,-37.26519012451172,-37.26521301269531,-37.26523208618164,-37.26525115966797,-37.2652702331543,-37.26528549194336,-37.26530456542969,-37.26531982421875,-37.26533889770508,-37.26535415649414,-37.2653694152832,-37.265380859375,-37.26539611816406,-37.265411376953125,-37.26542282104492,-37.265438079833984,-37.26544952392578,-37.26546096801758,-37.265472412109375,-37.26548385620117,-37.26549530029297,-37.2655029296875,-37.2655143737793,-37.265525817871094,-37.265533447265625,-37.265541076660156,-37.26555252075195,-37.265560150146484,-37.265567779541016,-37.26557540893555,-37.26558303833008,-37.26559066772461,-37.26559829711914,-37.26560592651367,-37.26560974121094,-37.26561737060547,-37.265625,-37.265628814697266,-37.2656364440918,-37.26564025878906,-37.26564407348633,-37.26565170288086,-37.265655517578125
-26.145404815673828,-26.305240631103516,-26.46063232421875,-26.61216163635254,-26.760997772216797,-26.908065795898438,-27.054346084594727,-27.200298309326172,-27.34561538696289,-27.489587783813477,-27.631362915039062,-27.770095825195312,-27.90511703491211,-28.036128997802734,-28.16331672668457,-28.287334442138672,-28.40911293029785,-28.529624938964844,-28.64965057373047,-28.769704818725586,-28.890045166015625,-29.010717391967773,-29.131587982177734,-29.25235939025879,-29.372591018676758,-29.49170684814453,-29.609046936035156,-29.723934173583984,-29.835784912109375,-29.94423484802246,-30.049266815185547,-30.151283264160156,-30.25108528137207,-30.349720001220703,-30.44820785522461,-30.547286987304688,-30.647262573242188,-30.748010635375977,-30.849090576171875,-30.949907302856445,-31.049856185913086,-31.14844512939453,-31.24535369873047,-31.34046745300293,-31.433826446533203,-31.52556610107422,-31.615825653076172,-31.704673767089844,-31.79206657409668,-31.877832412719727,-31.961700439453125,-32.043338775634766,-32.122398376464844,-32.198570251464844,-32.27158737182617,-32.34123992919922,-32.407344818115234,-32.4697265625,-32.52825927734375,-32.58292770385742,-32.63393020629883,-32.68170928955078,-32.72677993774414,-32.76948547363281,-32.80982208251953,-32.84745788574219,-32.89625930786133,-32.943641662597656,-32.98601531982422,-33.02605438232422,-33.065616607666016,-33.10346603393555,-33.13884353637695,-33.17238998413086,-33.20491409301758,-33.23664855957031,-33.267333984375,-33.29655838012695,-33.32408905029297,-33.350093841552734,-33.37488555908203,-33.39857864379883,-33.421138763427734,-33.4426383972168,-33.463321685791016,-33.48347091674805,-33.503196716308594,-33.52245330810547,-33.541202545166016,-33.55954360961914,-33.57765579223633,-33.59568786621094,-33.61371994018555,-33.631778717041016,-33.64992141723633,-33.66822052001953,-33.68675994873047,-33.7055549621582,-33.72459411621094,-33.743873596191406,-33.7634391784668,-33.78336715698242,-33.803741455078125,-33.824642181396484,-33.84617233276367,-33.86843490600586,-33.89152526855469,-33.9155158996582,-33.940460205078125,-33.966407775878906,-33.99338912963867,-34.021400451660156,-34.05042266845703,-34.08039093017578,-34.11122512817383,-34.14280700683594,-34.17500686645508,-34.20764923095703,-34.240562438964844,-34.2735595703125,-34.306480407714844,-34.33919143676758,-34.37158203125,-34.4035758972168,-34.43511199951172,-34.46613693237305,-34.49660110473633,-34.526466369628906,-34.55572509765625,-34.58438491821289,-34.612483978271484,-34.64005661010742,-34.66714096069336,-34.69375228881836,-34.71987533569336,-34.74546813964844,-34.77045440673828,-34.794734954833984,-34.81818389892578,-34.840667724609375,-34.86205291748047,-34.88221740722656,-34.901058197021484,-34.91850662231445,-34.93452453613281,-34.949127197265625,-34.96234893798828,-34.974273681640625,-34.9849967956543,-34.99463653564453,-35.00331115722656,-35.01115036010742,-35.018287658691406,-35.027687072753906,-35.04417037963867,-35.055850982666016,-35.06527328491211,-35.076534271240234,-35.08840560913086,-35.09900665283203,-35.10810852050781,-35.116783142089844,-35.12571334838867,-35.13456344604492,-35.14270782470703,-35.149940490722656,-35.15654754638672,-35.162906646728516,-35.169132232666016,-35.175071716308594,-35.180519104003906,-35.185401916503906,-35.189781188964844,-35.19381332397461,-35.1976203918457,-35.20119857788086,-35.204463958740234,-35.20732879638672,-35.20982360839844,-35.21207046508789,-35.21416091918945,-35.2160758972168,-35.217735290527344,-35.21912384033203,-35.220298767089844,-35.22136306762695,-35.22233581542969,-35.22319412231445,-35.22389221191406,-35.224449157714844,-35.224910736083984,-35.225311279296875,-35.22566604614258,-35.2259521484375,-35.22616195678711,-35.22631072998047,-35.2264404296875,-35.22655487060547,-35.226646423339844,-35.22669219970703,-35.226707458496094,-35.22672653198242,-35.22675323486328,-35.22677230834961,-35.22677230834961,-35.22676086425781,-35.22675323486328,-35.22675704956055,-35.22676086425781,-35.22676086425781,-35.22676467895508
-26.875699996948242,-27.004661560058594,-27.131092071533203,-27.26012420654297,-27.390085220336914,-27.517038345336914,-27.63703727722168,-27.74671173095703,-27.84354019165039,-27.926025390625,-27.994115829467773,-28.05008316040039,-28.09911346435547,-28.148021697998047,-28.20235252380371,-28.264509201049805,-28.33394432067871,-28.408323287963867,-28.485118865966797,-28.563499450683594,-28.645116806030273,-28.73282241821289,-28.829448699951172,-28.93747901916504,-29.058481216430664,-29.192304611206055,-29.336843490600586,-29.48891830444336,-29.646024703979492,-29.80790901184082,-29.976245880126953,-30.151927947998047,-30.33249855041504,-30.512887954711914,-30.689250946044922,-30.862167358398438,-31.03451156616211,-31.206562042236328,-31.375696182250977,-31.54010772705078,-31.7011661529541,-31.860671997070312,-32.01675796508789,-32.165443420410156,-32.30529022216797,-32.437164306640625,-32.55987548828125,-32.670753479003906,-32.77021408081055,-32.86119842529297,-32.94424057006836,-33.01784896850586,-33.08249282836914,-33.13974380493164,-33.18930435180664,-33.230865478515625,-33.26648712158203,-33.298179626464844,-33.32645797729492,-33.3525276184082,-33.387489318847656,-33.47344207763672,-33.51414489746094,-33.56077194213867,-33.62102508544922,-33.67280197143555,-33.71139144897461,-33.750343322753906,-33.79594421386719,-33.84174728393555,-33.881832122802734,-33.91868209838867,-33.95814895629883,-34.00065612792969,-34.04201889038086,-34.079620361328125,-34.11537170410156,-34.152381896972656,-34.190574645996094,-34.22739028930664,-34.261512756347656,-34.29435729980469,-34.32780456542969,-34.36167526245117,-34.394474029541016,-34.4257698059082,-34.45677947998047,-34.488563537597656,-34.52067565917969,-34.552101135253906,-34.58277130126953,-34.61346435546875,-34.64445877075195,-34.67519760131836,-34.70524215698242,-34.734981536865234,-34.76493835449219,-34.79496383666992,-34.82453918457031,-34.853641510009766,-34.882720947265625,-34.912010192871094,-34.94129180908203,-34.97043228149414,-34.99967575073242,-35.029266357421875,-35.059104919433594,-35.08903503417969,-35.119144439697266,-35.14959716796875,-35.180320739746094,-35.21112823486328,-35.242034912109375,-35.273193359375,-35.30464553833008,-35.336341857910156,-35.36832046508789,-35.400691986083984,-35.433441162109375,-35.46645736694336,-35.499691009521484,-35.53314971923828,-35.5667724609375,-35.600467681884766,-35.63420104980469,-35.66798400878906,-35.70175552368164,-35.735408782958984,-35.768890380859375,-35.802162170410156,-35.83516311645508,-35.867828369140625,-35.900146484375,-35.93208694458008,-35.96356964111328,-35.99452209472656,-36.02489471435547,-36.054649353027344,-36.083744049072266,-36.11215591430664,-36.13987350463867,-36.166866302490234,-36.19309997558594,-36.21857833862305,-36.24330139160156,-36.26728057861328,-36.29052734375,-36.31305694580078,-36.334877014160156,-36.35600662231445,-36.37646484375,-36.396278381347656,-36.41547393798828,-36.4340705871582,-36.45208740234375,-36.46954345703125,-36.48646545410156,-36.50288009643555,-36.5188102722168,-36.53426742553711,-36.54926681518555,-36.56382751464844,-36.57795333862305,-36.59166717529297,-36.60498046875,-36.572391510009766,-36.64071273803711,-36.65226364135742,-36.65220642089844,-36.678123474121094,-36.71281433105469,-36.73759078979492,-36.74921417236328,-36.75890350341797,-36.7765007019043,-36.800472259521484,-36.82350540161133,-36.84060287475586,-36.85299301147461,-36.865928649902344,-36.88274383544922,-36.90207290649414,-36.92020797729492,-36.934871673583984,-36.947044372558594,-36.959556579589844,-36.97401428222656,-36.989444732666016,-37.00371551513672,-37.01575469970703,-37.026451110839844,-37.03748321533203,-37.049495697021484,-37.06162643432617,-37.072628021240234,-37.08220672607422,-37.091182708740234,-37.1004638671875,-37.110076904296875,-37.11927795410156,-37.12748718261719,-37.134910583496094,-37.14218521118164,-37.149635314941406,-37.15696716308594,-37.16370391845703,-37.16978454589844,-37.175559997558594,-37.18135452270508,-37.18708419799805,-37.192440032958984,-37.197296142578125,-37.20184326171875,-37.20631790161133,-37.2107048034668,-37.214820861816406,-37.218563079833984,-37.222042083740234,-37.22541046142578,-37.22867202758789,-37.23170852661133,-37.234458923339844,-37.236995697021484,-37.23941421508789,-37.24171447753906,-37.24382019042969,-37.245704650878906,-37.24742889404297,-37.249046325683594,-37.250553131103516,-37.25190353393555,-37.25309371948242,-37.25417709350586,-37.255184173583984,-37.25609588623047,-37.256900787353516,-37.25761032104492,-37.25825881958008,-37.25885772705078,-37.2593994140625,-37.2598762512207,-37.260311126708984,-37.26072311401367,-37.2611083984375,-37.26145935058594,-37.26177978515625,-37.2620849609375,-37.26237869262695,-37.26265335083008,-37.262908935546875,-37.26314926147461,-37.26337814331055,-37.26359558105469,-37.263797760009766,-37.263980865478516,-37.26415252685547,-37.26430892944336,-37.26445388793945,-37.264583587646484,-37.26469802856445,-37.264801025390625,-37.264896392822266,-37.26498031616211,-37.26504898071289,-37.26511764526367,-37.265174865722656,-37.26522445678711,-37.2652702331543,-37.26531219482422,-37.265350341796875,-37.265384674072266,-37.26541519165039,-37.26544189453125,-37.265472412109375,-37.26549530029297,-37.26551818847656,-37.265541076660156,-37.26556396484375,-37.26558303833008,-37.265602111816406,-37.26561737060547,-37.26563262939453,-37.26564407348633,-37.265655517578125,-37.26566696166992,-37.26567840576172,-37.26568603515625,-37.26569366455078,-37.26570129394531,-37.26570510864258,-37.265708923339844,-37.26571273803711,-37.265716552734375,-37.26572036743164,-37.265724182128906
-26.24827766418457,-26.380308151245117,-26.512632369995117,-26.648035049438477,-26.786251068115234,-26.92755126953125,-27.073110580444336,-27.2232608795166,-27.377593994140625,-27.536026000976562,-27.69911003112793,-27.86738395690918,-28.04073715209961,-28.218393325805664,-28.399091720581055,-28.581199645996094,-28.762882232666016,-28.942733764648438,-29.120460510253906,-29.296512603759766,-29.47061538696289,-29.64116859436035,-29.805925369262695,-29.96314239501953,-30.112720489501953,-30.256362915039062,-30.396020889282227,-30.53226089477539,-30.66436767578125,-30.791650772094727,-30.914752960205078,-31.035011291503906,-31.152482986450195,-31.265596389770508,-31.372705459594727,-31.473796844482422,-31.570255279541016,-31.662723541259766,-31.750473022460938,-31.832992553710938,-31.911211013793945,-31.986257553100586,-32.05768966674805,-32.12437438964844,-32.186317443847656,-32.24442672729492,-32.29887771606445,-32.3492431640625,-32.395904541015625,-32.43988037109375,-32.492191314697266,-32.548988342285156,-32.5982666015625,-32.649261474609375,-32.70175552368164,-32.751251220703125,-32.79865264892578,-32.847267150878906,-32.89725875854492,-32.9466552734375,-32.99551773071289,-33.045753479003906,-33.097686767578125,-33.15036392211914,-33.20401382446289,-33.25983810424805,-33.31759262084961,-33.376243591308594,-33.436100006103516,-33.49774169921875,-33.560142517089844,-33.62248611450195,-33.68528366088867,-33.74801254272461,-33.809593200683594,-33.87037658691406,-33.930240631103516,-33.98833465576172,-34.04512405395508,-34.100555419921875,-34.15412139892578,-34.20644760131836,-34.25731658935547,-34.30664825439453,-34.35499572753906,-34.40192794799805,-34.447731018066406,-34.49241638183594,-34.53577423095703,-34.57816696166992,-34.61928176879883,-34.659481048583984,-34.69878005981445,-34.737300872802734,-34.775264739990234,-34.81259536743164,-34.849571228027344,-34.88604736328125,-34.922237396240234,-34.95802688598633,-34.993526458740234,-35.02870559692383,-35.06365203857422,-35.09844207763672,-35.13313293457031,-35.167869567871094,-35.202701568603516,-35.237754821777344,-35.273075103759766,-35.30878448486328,-35.34489059448242,-35.38148498535156,-35.41856002807617,-35.4561882019043,-35.4943733215332,-35.53314971923828,-35.5724983215332,-35.61243438720703,-35.65294647216797,-35.693992614746094,-35.73554992675781,-35.777549743652344,-35.819969177246094,-35.862735748291016,-35.90581130981445,-35.94913864135742,-35.9926872253418,-36.03640365600586,-36.080238342285156,-36.124141693115234,-36.16803741455078,-36.211849212646484,-36.2554817199707,-36.298828125,-36.3417854309082,-36.38423156738281,-36.42605972290039,-36.4671516418457,-36.50739669799805,-36.54669189453125,-36.58492660522461,-36.62199401855469,-36.657798767089844,-36.69224548339844,-36.725250244140625,-36.756744384765625,-36.78666687011719,-36.814979553222656,-36.84165954589844,-36.86669921875,-36.89011001586914,-36.91190719604492,-36.932125091552734,-36.95082092285156,-36.968040466308594,-36.98386001586914,-36.99835205078125,-37.011600494384766,-36.97267532348633,-37.044986724853516,-37.05300521850586,-37.047645568847656,-37.07086944580078,-37.10350036621094,-37.12467956542969,-37.13087844848633,-37.13465881347656,-37.147010803222656,-37.166175842285156,-37.18394470214844,-37.19478988647461,-37.20016860961914,-37.206050872802734,-37.216190338134766,-37.22908020019531,-37.24064636230469,-37.24842834472656,-37.25358581542969,-37.259281158447266,-37.267295837402344,-37.27660369873047,-37.28489303588867,-37.29098129272461,-37.2957878112793,-37.30112075805664,-37.30772399902344,-37.31473159790039,-37.320796966552734,-37.32555389404297,-37.3298454284668,-37.334678649902344,-37.340145111083984,-37.345481872558594,-37.35002899169922,-37.353939056396484,-37.357887268066406,-37.36224365234375,-37.366729736328125,-37.37083053588867,-37.37443161010742,-37.37788772583008,-37.381534576416016,-37.38532257080078,-37.38893127441406,-37.3922119140625,-37.39533615112305,-37.39854049682617,-37.40184020996094,-37.40504455566406,-37.40803527832031,-37.41090393066406,-37.41380310058594,-37.416748046875,-37.419612884521484,-37.42232894897461,-37.424957275390625,-37.42758560180664,-37.430213928222656,-37.432762145996094,-37.43519592285156,-37.43756866455078,-37.4399299621582,-37.4422607421875,-37.44451904296875,-37.44669723510742,-37.44883728027344,-37.450950622558594,-37.45302963256836,-37.45503616333008,-37.45698928833008,-37.45890808105469,-37.46080017089844,-37.462642669677734,-37.46442794799805,-37.46617126464844,-37.4678840637207,-37.46955490112305,-37.4711799621582,-37.47276306152344,-37.47430419921875,-37.47581481933594,-37.4772834777832,-37.47871017456055,-37.480098724365234,-37.48145294189453,-37.48277282714844,-37.48405075073242,-37.485294342041016,-37.486507415771484,-37.48768615722656,-37.488826751708984,-37.48993682861328,-37.49101638793945,-37.4920654296875,-37.49308395385742,-37.49407196044922,-37.49502944946289,-37.4959602355957,-37.496864318847656,-37.497737884521484,-37.49858474731445,-37.49940872192383,-37.500205993652344,-37.500980377197266,-37.50172805786133,-37.50245666503906,-37.50315856933594,-37.50383758544922,-37.50449752807617,-37.50513458251953,-37.50575256347656,-37.50634765625,-37.50692367553711,-37.507484436035156,-37.50802230834961,-37.508544921875,-37.50904846191406,-37.50953674316406,-37.510005950927734,-37.510459899902344,-37.51089859008789,-37.511322021484375,-37.5117301940918,-37.512123107910156,-37.51250457763672,-37.51287078857422,-37.513221740722656,-37.51356506347656,-37.513893127441406,-37.51420593261719,-37.51451110839844,-37.51480484008789,-37.51508712768555,-37.515357971191406,-37.515621185302734,-37.515872955322266,-37.51611328125,-37.5163459777832,-37.516571044921875,-37.51678466796875,-37.516990661621094,-37.517189025878906,-37.51737976074219,-37.51756286621094,-37.517738342285156,-37.517906188964844,-37.518070220947266,-37.51822280883789,-37.51837158203125,-37.518516540527344,-37.518653869628906,-37.51878356933594,-37.5189094543457,-37.51902770996094,-37.51914596557617,-37.51925277709961,-37.51935958862305,-37.51946258544922,-37.51955795288086,-37.519649505615234,-37.519737243652344,-37.51982116699219,-37.51990509033203,-37.519981384277344,-37.52005386352539,-37.52012634277344,-37.52019119262695,-37.52025604248047,-37.52031707763672,-37.52037811279297,-37.52043151855469,-37.520484924316406,-37.520538330078125,-37.52058410644531,-37.5206298828125,-37.52067565917969,-37.52071762084961,-37.52075958251953,-37.52079772949219,-37.52083206176758,-37.52086639404297,-37.52090072631836,-37.520931243896484,-37.52096176147461,-37.520992279052734,-37.521018981933594,-37.52104187011719,-37.52106857299805,-37.52109146118164,-37.521114349365234,-37.52113342285156,-37.521156311035156,-37.521175384521484,-37.52119445800781,-37.521209716796875,-37.52122497558594,-37.521244049072266,-37.52125549316406,-37.521270751953125,-37.52128601074219,-37.521297454833984,-37.52130889892578,-37.52132034301758,-37.521331787109375,-37.52134323120117,-37.5213508605957,-37.5213623046875,-37.52136993408203,-37.52137756347656,-37.521385192871094,-37.521392822265625,-37.521400451660156,-37.52140808105469,-37.52141571044922,-37.521419525146484,-37.521427154541016,-37.52143096923828,-37.52143859863281,-37.52144241333008,-37.521446228027344,-37.521453857421875,-37.52145767211914
-25.95515251159668,-26.068618774414062,-26.17932891845703,-26.287944793701172,-26.395381927490234,-26.502994537353516,-26.612201690673828,-26.723783493041992,-26.837730407714844,-26.953508377075195,-27.070383071899414,-27.187679290771484,-27.30497932434082,-27.422182083129883,-27.53942108154297,-27.656877517700195,-27.774654388427734,-27.892797470092773,-28.011371612548828,-28.130537033081055,-28.25056266784668,-28.371753692626953,-28.494365692138672,-28.618528366088867,-28.744213104248047,-28.87125015258789,-28.99937629699707,-29.128280639648438,-29.257652282714844,-29.387224197387695,-29.516773223876953,-29.646120071411133,-29.775089263916016,-29.903472900390625,-30.030986785888672,-30.157262802124023,-30.281845092773438,-30.40424919128418,-30.524028778076172,-30.64085578918457,-30.754602432250977,-30.86534309387207,-30.97330093383789,-31.078725814819336,-31.1817626953125,-31.282377243041992,-31.3803768157959,-31.47549057006836,-31.567489624023438,-31.656278610229492,-31.741920471191406,-31.824615478515625,-31.90460205078125,-31.982084274291992,-32.05718231201172,-32.12994384765625,-32.20036315917969,-32.268463134765625,-32.33433151245117,-32.39812469482422,-32.460025787353516,-32.520137786865234,-32.57843780517578,-32.63481521606445,-32.689125061035156,-32.74126434326172,-32.79121780395508,-32.839054107666016,-32.88486099243164,-32.92870330810547,-32.97061538696289,-33.010616302490234,-33.07103729248047,-33.134422302246094,-33.19083786010742,-33.24446105957031,-33.296714782714844,-33.34654235839844,-33.39344787597656,-33.4379997253418,-33.48077392578125,-33.5218505859375,-33.56112289428711,-33.5985221862793,-33.63412857055664,-33.66817855834961,-33.70094299316406,-33.73257064819336,-33.7630615234375,-33.79233932495117,-33.820350646972656,-33.84712600708008,-33.87273025512695,-33.8972053527832,-33.92054748535156,-33.94275665283203,-33.963863372802734,-33.98396301269531,-34.003150939941406,-34.021453857421875,-34.038856506347656,-34.05537414550781,-34.0710563659668,-34.085975646972656,-34.10017776489258,-34.11369323730469,-34.126564025878906,-34.138816833496094,-34.15945816040039,-34.18488311767578,-34.20563888549805,-34.2255973815918,-34.24592208862305,-34.26525115966797,-34.283119201660156,-34.300025939941406,-34.31660079956055,-34.332881927490234,-34.34854507446289,-34.36350631713867,-34.37804412841797,-34.39250946044922,-34.4069709777832,-34.4212760925293,-34.43526840209961,-34.44894790649414,-34.46243667602539,-34.4758186340332,-34.489036560058594,-34.50197219848633,-34.51457214355469,-34.526893615722656,-34.53900146484375,-34.55089569091797,-34.56251907348633,-34.5738410949707,-34.584903717041016,-34.59576416015625,-34.606449127197266,-34.61692810058594,-34.6271858215332,-34.637237548828125,-34.64711380004883,-34.65683364868164,-34.666378021240234,-34.67573547363281,-34.68489456176758,-34.693870544433594,-34.702659606933594,-34.71125411987305,-34.71965026855469,-34.72785568237305,-34.73589324951172,-34.743778228759766,-34.75151824951172,-34.759124755859375,-34.76660919189453,-34.773990631103516,-34.78126525878906,-34.7884407043457,-34.7955207824707,-34.80249786376953,-34.80937957763672,-34.81615447998047,-34.82282638549805,-34.82938766479492,-34.835845947265625,-34.84220504760742,-34.84846878051758,-34.85463333129883,-34.86071014404297,-34.866703033447266,-34.87260818481445,-34.87843322753906,-34.884178161621094,-34.88984298706055,-34.89542770385742,-34.90093231201172,-34.90635299682617,-34.91169357299805,-34.91695022583008,-34.922122955322266,-34.92721176147461,-34.93221664428711,-34.93714141845703,-34.941978454589844,-34.946739196777344,-34.951412200927734,-34.95600891113281,-34.96052551269531,-34.964962005615234,-34.96931838989258,-34.973594665527344,-34.97779083251953,-34.981910705566406,-34.9859504699707,-34.98991012573242,-34.993797302246094,-34.99760437011719,-35.00133514404297,-35.00498962402344,-35.008567810058594,-35.01207733154297,-35.01551055908203,-35.01887130737305,-35.02216339111328,-35.02538299560547,-35.028533935546875,-35.0316162109375,-35.034629821777344,-35.03757858276367,-35.04045867919922,-35.04327392578125,-35.046024322509766,-35.04871368408203,-35.05133819580078,-35.05390167236328,-35.05640411376953,-35.0588493347168,-35.06123352050781,-35.06356430053711,-35.06583786010742,-35.06805419921875,-35.07021713256836,-35.07232666015625,-35.07438659667969,-35.076393127441406,-35.07835006713867,-35.080257415771484,-35.08211898803711,-35.08393096923828,-35.08570098876953,-35.087425231933594,-35.08910369873047,-35.09074020385742,-35.09233856201172,-35.09389114379883,-35.09540557861328,-35.09688186645508,-35.09831619262695,-35.09971618652344,-35.10108184814453,-35.10240936279297,-35.103702545166016,-35.10496139526367,-35.10618591308594,-35.10737991333008,-35.10853958129883,-35.10967254638672,-35.11077117919922,-35.11184310913086,-35.112884521484375,-35.11389923095703,-35.11488342285156,-35.1158447265625,-35.11677551269531,-35.11768341064453,-35.11856460571289,-35.119422912597656,-35.12025451660156,-35.121063232421875,-35.12184524536133,-35.12260437011719,-35.12335205078125,-35.124080657958984,-35.124786376953125,-35.12546157836914,-35.126121520996094,-35.12677001953125,-35.12739562988281,-35.12799835205078,-35.12858581542969,-35.12915802001953,-35.12971115112305,-35.130245208740234,-35.130767822265625,-35.13127517700195,-35.13176345825195,-35.13223648071289,-35.13269805908203,-35.13314437866211,-35.133575439453125,-35.133995056152344,-35.1343994140625,-35.13479232788086,-35.13517379760742,-35.13554000854492,-35.13589859008789,-35.1362419128418,-35.13657760620117,-35.13690185546875,-35.13721466064453,-35.137516021728516,-35.13780975341797,-35.138092041015625,-35.13836669921875,-35.13862991333008,-35.13888931274414,-35.139137268066406,-35.139373779296875,-35.13960647583008,-35.13983154296875,-35.140045166015625,-35.140254974365234,-35.14045715332031,-35.14065170288086,-35.140838623046875,-35.141021728515625,-35.141197204589844,-35.14136505126953,-35.14152908325195,-35.141685485839844,-35.14183807373047,-35.14198303222656,-35.14212417602539,-35.14226150512695,-35.14239501953125,-35.142520904541016,-35.142642974853516,-35.14276123046875,-35.14287567138672,-35.14298629760742,-35.143089294433594,-35.143192291259766,-35.14329147338867,-35.14338302612305,-35.14347457885742,-35.14356231689453,-35.14365005493164,-35.14373016357422,-35.14380645751953,-35.143882751464844,-35.14395523071289,-35.14402770996094,-35.14409255981445,-35.14415740966797,-35.144222259521484,-35.144283294677734,-35.14434051513672,-35.14439392089844,-35.14445114135742,-35.144500732421875,-35.14455032348633,-35.14459991455078,-35.14464569091797,-35.144691467285156,-35.14473342895508,-35.144775390625,-35.144813537597656,-35.14485168457031,-35.14488983154297,-35.14492416381836,-35.14495849609375,-35.14499282836914,-35.145023345947266,-35.14505386352539,-35.145084381103516,-35.145111083984375,-35.1451416015625,-35.14516830444336,-35.14519119262695,-35.14521789550781,-35.145240783691406,-35.145263671875,-35.145286560058594,-35.14530944824219,-35.14533233642578,-35.14535140991211,-35.14537048339844,-35.145389556884766,-35.145408630371094,-35.14542770385742,-35.14544677734375,-35.14546203613281,-35.14548110961914,-35.1454963684082,-35.145511627197266,-35.14552688598633,-35.14554214477539,-35.14555740356445,-35.145572662353516,-35.14558792114258,-35.145599365234375,-35.14561462402344,-35.1456298828125,-35.1456413269043,-35.14565658569336,-35.145668029785156,-35.14567947387695,-35.145694732666016,-35.14570617675781,-35.14571762084961,-35.145729064941406,-35.1457405090332,-35.145751953125,-35.14575958251953,-35.14576721191406,-35.145774841308594,-35.145782470703125,-35.14579772949219,-35.145816802978516,-35.145835876464844,-35.145843505859375,-35.145851135253906,-35.14585876464844,-35.1458740234375,-35.14588928222656,-35.14590072631836,-35.14590835571289,-35.14591979980469,-35.145931243896484,-35.14594268798828,-35.14595413208008,-35.14596176147461,-35.145973205566406,-35.14598846435547,-35.14599609375,-35.1460075378418,-35.14601516723633,-35.146026611328125,-35.14603805541992,-35.14604949951172,-35.14605712890625,-35.14606857299805,-35.146080017089844,-35.146087646484375,-35.146095275878906,-35.1461067199707,-35.1461181640625,-35.14612579345703,-35.14613342285156,-35.14614486694336,-35.14615249633789,-35.14616394042969,-35.14617156982422,-35.14617919921875,-35.14618682861328,-35.14619827270508,-35.14620590209961,-35.14621353149414,-35.14622116088867,-35.1462287902832,-35.146236419677734,-35.146244049072266,-35.1462516784668,-35.14625930786133,-35.146263122558594,-35.146270751953125,-35.146278381347656,-35.14628601074219,-35.14628982543945,-35.146297454833984,-35.14630126953125,-35.14630889892578,-35.14631271362305,-35.14632034301758,-35.146324157714844,-35.146331787109375,-35.14633560180664
